   0.00000000       0.00000000
   1.09999999E-03   0.00000000
   2.19999999E-03   0.00000000
   3.29999998E-03   0.00000000
   4.39999998E-03   0.00000000
   5.49999997E-03   0.00000000
   6.59999996E-03   0.00000000
   7.69999996E-03   0.00000000
   8.79999995E-03   0.00000000
   9.89999995E-03   0.00000000
   1.09999999E-02   0.00000000
   1.20999999E-02   0.00000000
   1.31999999E-02   0.00000000
   1.42999999E-02   0.00000000
   1.53999999E-02   0.00000000
   1.64999999E-02   0.00000000
   1.75999999E-02   0.00000000
   1.86999999E-02   0.00000000
   1.97999999E-02   0.00000000
   2.08999999E-02   0.00000000
   2.19999999E-02   0.00000000
   2.30999999E-02   0.00000000
   2.41999999E-02   0.00000000
   2.52999999E-02   0.00000000
   2.63999999E-02   0.00000000
   2.74999999E-02   0.00000000
   2.85999998E-02   0.00000000
   2.96999998E-02   0.00000000
   3.07999998E-02   0.00000000
   3.18999998E-02   0.00000000
   3.29999998E-02   0.00000000
   3.40999998E-02   0.00000000
   3.51999998E-02   0.00000000
   3.62999998E-02   0.00000000
   3.73999998E-02   0.00000000
   3.84999998E-02   0.00000000
   3.95999998E-02   0.00000000
   4.06999998E-02   0.00000000
   4.17999998E-02   0.00000000
   4.28999998E-02   0.00000000
   4.39999998E-02   0.00000000
   4.50999998E-02   0.00000000
   4.61999997E-02   0.00000000
   4.72999997E-02   0.00000000
   4.83999997E-02   0.00000000
   4.94999997E-02   0.00000000
   5.05999997E-02   0.00000000
   5.16999997E-02   0.00000000
   5.27999997E-02   0.00000000
   5.38999997E-02   0.00000000
   5.49999997E-02   0.00000000
   5.60999997E-02   0.00000000
   5.71999997E-02   0.00000000
   5.82999997E-02   0.00000000
   5.93999997E-02   0.00000000
   6.04999997E-02   0.00000000
   6.15999997E-02   0.00000000
   6.27000034E-02   0.00000000
   6.37999997E-02   0.00000000
   6.48999959E-02   0.00000000
   6.59999996E-02   0.00000000
   6.71000034E-02   0.00000000
   6.81999996E-02   0.00000000
   6.92999959E-02  -1.40129846E-45
   7.03999996E-02  -2.80259693E-45
   7.15000033E-02   2.80259693E-45
   7.25999996E-02   8.40779079E-45
   7.36999959E-02  -5.60519386E-45
   7.47999996E-02  -4.90454463E-44
   7.59000033E-02  -8.68805048E-44
   7.69999996E-02   2.66246708E-44
   7.80999959E-02   4.61027195E-43
   7.91999996E-02   9.76705030E-43
   8.03000033E-02   2.64845410E-43
   8.13999996E-02  -3.62796172E-42
   8.24999958E-02  -9.74322822E-42
   8.35999995E-02  -8.02944020E-42
   8.47000033E-02   2.04351355E-41
   8.57999995E-02   7.94578268E-41
   8.68999958E-02   1.06430020E-40
   8.79999995E-02  -5.11656108E-41
   8.91000032E-02  -5.03745778E-40
   9.01999995E-02  -9.57214369E-40
   9.12999958E-02  -3.98398962E-40
   9.23999995E-02   2.35331822E-39
   9.35000032E-02   6.47299277E-39
   9.45999995E-02   6.43212530E-39
   9.56999958E-02  -6.65939630E-39
   9.67999995E-02  -3.40061898E-38
   9.79000032E-02  -5.10947332E-38
   9.89999995E-02  -4.90312371E-39
  0.100099996       1.38651611E-37
  0.101199999       2.94296780E-37
  0.102300003       1.98782191E-37
  0.103399999      -4.19354238E-37
  0.104499996      -1.35579990E-36
  0.105599999      -1.48575564E-36
  0.106700003       7.55467849E-37
  0.107799999       5.29314976E-36
  0.108899996       7.87038238E-36
  0.109999999       8.79483435E-37
  0.111100003      -1.84882704E-35
  0.112199999      -3.56827480E-35
  0.113299996      -1.72255869E-35
  0.114399999       5.98721288E-35
  0.115500003       1.51449831E-34
  0.116599999       1.19690809E-34
  0.117699996      -1.70935131E-34
  0.118799999      -6.15772338E-34
  0.119900003      -6.85545045E-34
  0.120999999       3.11109916E-34
  0.122099996       2.30395607E-33
  0.123199999       3.45881425E-33
  0.124300003       6.40714951E-34
  0.125400007      -7.34232286E-33
  0.126499996      -1.50867353E-32
  0.127599999      -1.00428264E-32
  0.128700003       1.75182189E-32
  0.129799992       5.56396506E-32
  0.130899996       6.05108051E-32
  0.131999999      -1.82070792E-32
  0.133100003      -1.70094033E-31
  0.134200007      -2.63754860E-31
  0.135299996      -9.22394548E-32
  0.136399999       4.15598520E-31
  0.137500003       9.31036947E-31
  0.138599992       7.32228785E-31
  0.139699996      -7.15065533E-31
  0.140799999      -2.78486893E-30
  0.141900003      -3.27836873E-30
  0.143000007       2.18405534E-31
  0.144099995       7.18527749E-30
  0.145199999       1.17209463E-29
  0.146300003       4.98735207E-30
  0.147399992      -1.56639915E-29
  0.148499995      -3.65316049E-29
  0.149599999      -2.93494149E-29
  0.150700003       2.50961762E-29
  0.151800007       1.01533871E-28
  0.152899995       1.19289525E-28
  0.153999999      -4.69666906E-30
  0.155100003      -2.46882889E-28
  0.156199992      -4.03316019E-28
  0.157299995      -1.83749172E-28
  0.158399999       4.89318325E-28
  0.159500003       1.17576434E-27
  0.160600007       1.00154260E-27
  0.161699995      -6.15736270E-28
  0.162799999      -2.94833797E-27
  0.163900003      -3.69359005E-27
  0.164999992      -4.82049672E-28
  0.166099995       6.18517948E-27
  0.167199999       1.10392055E-26
  0.168300003       6.48953342E-27
  0.169400007      -9.91690063E-27
  0.170499995      -2.80824467E-26
  0.171599999      -2.72638895E-26
  0.172700003       7.28793153E-27
  0.173799992       6.13290790E-26
  0.174899995       8.53457767E-26
  0.175999999       2.62247502E-26
  0.177100003      -1.11342355E-25
  0.178200006      -2.24720415E-25
  0.179299995      -1.59750965E-25
  0.180399999       1.44824545E-25
  0.181500003       5.12765505E-25
  0.182599992       5.58375766E-25
  0.183699995      -1.55622782E-26
  0.184799999      -1.00122236E-24
  0.185900003      -1.55490499E-24
  0.187000006      -7.16180685E-25
  0.188099995       1.55842963E-24
  0.189199999       3.68381398E-24
  0.190300003       3.11517306E-24
  0.191399992      -1.40106114E-24
  0.192499995      -7.48557134E-24
  0.193599999      -9.32566040E-24
  0.194700003      -1.93409840E-24
  0.195800006       1.26343600E-23
  0.196899995       2.28649093E-23
  0.197999999       1.44421026E-23
  0.199100003      -1.55369153E-23
  0.200199991      -4.78567927E-23
  0.201299995      -4.82789942E-23
  0.202399999       4.06120740E-24
  0.203500003       8.50607636E-23
  0.204600006       1.23956705E-22
  0.205699995       5.20896026E-23
  0.206799999      -1.20502971E-22
  0.207900003      -2.67916879E-22
  0.208999991      -2.15374653E-22
  0.210099995       1.00218619E-22
  0.211199999       4.95474018E-22
  0.212300003       5.93262781E-22
  0.213400006       1.15625173E-22
  0.214499995      -7.60413142E-22
  0.215599999      -1.33138133E-21
  0.216700003      -8.18985648E-22
  0.217799991       8.43789252E-22
  0.218899995       2.54471069E-21
  0.219999999       2.51712272E-21
  0.221100003      -1.54723770E-22
  0.222200006      -4.11048140E-21
  0.223299995      -5.91672154E-21
  0.224399999      -2.55395427E-21
  0.225500003       5.21509911E-21
  0.226599991       1.16607748E-20
  0.227699995       9.45667046E-21
  0.228799999      -3.56036347E-21
  0.229900002      -1.95322740E-20
  0.231000006      -2.36166172E-20
  0.232099995      -5.73326395E-21
  0.233199999       2.67616467E-20
  0.234300002       4.80430959E-20
  0.235399991       3.11529660E-20
  0.236499995      -2.51578598E-20
  0.237599999      -8.29113953E-20
  0.238700002      -8.47722868E-20
  0.239800006      -2.81278244E-21
  0.240899995       1.19754091E-19
  0.241999999       1.79260366E-19
  0.243100002       8.78628468E-20
  0.244199991      -1.31562895E-19
  0.245299995      -3.18713646E-19
  0.246399999      -2.74354509E-19
  0.247500002       5.91367317E-20
  0.248600006       4.79124052E-19
  0.249699995       6.10580526E-19
  0.250800014       2.01875652E-19
  0.251899987      -5.75688497E-19
  0.252999991      -1.11847950E-18
  0.254099995      -8.01446352E-19
  0.255199999       4.20588720E-19
  0.256300002       1.73245959E-18
  0.257400006       1.90321355E-18
  0.258500010       3.13248128E-19
  0.259599984      -2.20381471E-18
  0.260699987      -3.59508535E-18
  0.261799991      -2.09162772E-18
  0.262899995       1.98146401E-18
  0.263999999       5.71700504E-18
  0.265100002       5.43169597E-18
  0.266200006      -1.05867745E-19
  0.267300010      -7.59010011E-18
  0.268400013      -1.06534824E-17
  0.269499987      -4.79615160E-18
  0.270599991       7.67491342E-18
  0.271699995       1.73905989E-17
  0.272799999       1.42574273E-17
  0.273900002      -3.28962285E-18
  0.275000006      -2.38467303E-17
  0.276100010      -2.92672283E-17
  0.277199984      -9.34933874E-18
  0.278299987       2.59404502E-17
  0.279399991       4.89994101E-17
  0.280499995       3.44247855E-17
  0.281599998      -1.66592240E-17
  0.282700002      -6.89924614E-17
  0.283800006      -7.47851874E-17
  0.284900010      -1.38562778E-17
  0.286000013       7.90023990E-17
  0.287099987       1.28771851E-16
  0.288199991       7.65909492E-17
  0.289299995      -6.13016802E-17
  0.290399998      -1.85491494E-16
  0.291500002      -1.79018058E-16
  0.292600006      -8.72634518E-18
  0.293700010       2.19708594E-16
  0.294799984       3.16954938E-16
  0.295899987       1.57296295E-16
  0.296999991      -1.89289642E-16
  0.298099995      -4.64477452E-16
  0.299199998      -4.01253404E-16
  0.300300002       3.81809365E-17
  0.301400006       5.64824333E-16
  0.302500010       7.32242936E-16
  0.303600013       2.93459885E-16
  0.304699987      -5.24357758E-16
  0.305799991      -1.09568243E-15
  0.306899995      -8.48198782E-16
  0.307999998       2.14231255E-16
  0.309100002       1.36483446E-15
  0.310200006       1.61122628E-15
  0.311300009       5.05146733E-16
  0.312399983      -1.32396660E-15
  0.313499987      -2.45317407E-15
  0.314599991      -1.72036500E-15
  0.315699995       6.91287358E-16
  0.316799998       3.08605019E-15
  0.317900002       3.37426840E-15
  0.319000006       8.03530500E-16
  0.320100009      -3.06842047E-15
  0.321200013      -5.18792561E-15
  0.322299987      -3.31239222E-15
  0.323399991       1.85576364E-15
  0.324499995       6.60438958E-15
  0.325599998       6.74166355E-15
  0.326700002       1.11037443E-15
  0.327800006      -6.73673594E-15
  0.328900009      -1.05549640E-14
  0.329999983      -6.18670789E-15
  0.331099987       4.41589107E-15
  0.332199991       1.35473086E-14
  0.333299994       1.31124114E-14
  0.334399998       1.45861953E-15
  0.335500002      -1.38635602E-14
  0.336600006      -2.06174257E-14
  0.337700009      -1.13205030E-14
  0.338800013       9.42865577E-15
  0.339899987       2.64000891E-14
  0.340999991       2.44933468E-14
  0.342099994       1.53973395E-15
  0.343199998      -2.72958332E-14
  0.344300002      -3.88905183E-14
  0.345400006      -2.00876371E-14
  0.346500009       1.92931439E-14
  0.347599983       5.02632197E-14
  0.348699987       4.52991255E-14
  0.349799991       1.66333723E-15
  0.350899994      -5.16375374E-14
  0.351999998      -7.21322890E-14
  0.353100002      -3.67825684E-14
  0.354200006       3.52918988E-14
  0.355300009       9.10618762E-14
  0.356400013       8.15264739E-14
  0.357499987       3.08570037E-15
  0.358599991      -9.14361496E-14
  0.359699994      -1.26634028E-13
  0.360799998      -6.30272269E-14
  0.361900002       6.39737422E-14
  0.363000005       1.60313887E-13
  0.364100009       1.40858448E-13
  0.365199983       1.25219252E-15
  0.366299987      -1.64529794E-13
  0.367399991      -2.24662045E-13
  0.368499994      -1.11369925E-13
  0.369599998       1.12602188E-13
  0.370700002       2.83463249E-13
  0.371800005       2.53489558E-13
  0.372900009       1.42208768E-14
  0.374000013      -2.74075169E-13
  0.375099987      -3.85864572E-13
  0.376199991      -2.03502715E-13
  0.377299994       1.70148130E-13
  0.378399998       4.61004878E-13
  0.379500002       4.20128911E-13
  0.380600005       3.01228497E-14
  0.381700009      -4.44916646E-13
  0.382799983      -6.30674657E-13
  0.383899987      -3.29867454E-13
  0.384999990       2.90142612E-13
  0.386099994       7.76823701E-13
  0.387199998       7.15093078E-13
  0.388300002       6.84632743E-14
  0.389400005      -7.34404237E-13
  0.390500009      -1.07539162E-12
  0.391600013      -6.15673528E-13
  0.392699987       3.92138660E-13
  0.393799990       1.22236010E-12
  0.394899994       1.19136515E-12
  0.395999998       2.11408094E-13
  0.397100002      -1.05675343E-12
  0.398200005      -1.63141343E-12
  0.399300009      -9.55047890E-13
  0.400399983       5.97611695E-13
  0.401499987       1.88998903E-12
  0.402599990       1.83047197E-12
  0.403699994       2.57063359E-13
  0.404799998      -1.79823777E-12
  0.405900002      -2.76288107E-12
  0.407000005      -1.69964065E-12
  0.408100009       8.60840533E-13
  0.409200013       3.13889735E-12
  0.410299987       3.34127366E-12
  0.411399990       1.06608006E-12
  0.412499994      -2.21325866E-12
  0.413599998      -4.08327669E-12
  0.414700001      -2.97976834E-12
  0.415800005       4.82274702E-13
  0.416900009       3.74968633E-12
  0.417999983       4.14419280E-12
  0.419099987       9.98682148E-13
  0.420199990      -3.54535411E-12
  0.421299994      -5.88519511E-12
  0.422399998      -3.65181930E-12
  0.423500001       2.21559880E-12
  0.424600005       7.74012625E-12
  0.425700009       8.60831892E-12
  0.426800013       3.48043361E-12
  0.427899987      -4.61397110E-12
  0.428999990      -1.01154536E-11
  0.430099994      -8.94393934E-12
  0.431199998      -1.78531799E-12
  0.432300001       6.00128627E-12
  0.433400005       8.15954422E-12
  0.434500009       2.43707571E-12
  0.435599983      -7.12461600E-12
  0.436699986      -1.26230588E-11
  0.437799990      -8.09293257E-12
  0.438899994       5.48568222E-12
  0.439999998       1.99785882E-11
  0.441100001       2.53958399E-11
  0.442200005       1.71849340E-11
  0.443300009       7.38536836E-14
  0.444400012      -1.48645263E-11
  0.445499986      -1.83080877E-11
  0.446599990      -1.01128047E-11
  0.447699994      -1.45386524E-13
  0.448799998      -1.12717821E-12
  0.449900001      -1.82125912E-11
  0.451000005      -4.31188731E-11
  0.452100009      -5.79611914E-11
  0.453199983      -4.69956192E-11
  0.454299986      -8.19655281E-12
  0.455399990       4.40653070E-11
  0.456499994       8.79501749E-11
  0.457599998       1.08700327E-10
  0.458700001       1.07987411E-10
  0.459800005       1.00381661E-10
  0.460900009       9.87574467E-11
  0.462000012       9.95000679E-11
  0.463099986       7.98670574E-11
  0.464199990       1.18079314E-11
  0.465299994      -1.15798635E-10
  0.466399997      -2.82086826E-10
  0.467500001      -4.38373365E-10
  0.468600005      -5.30582023E-10
  0.469700009      -5.25531452E-10
  0.470799983      -4.23068219E-10
  0.471899986      -2.45774900E-10
  0.472999990      -1.47136452E-11
  0.474099994       2.68984890E-10
  0.475199997       6.20154927E-10
  0.476300001       1.04338838E-09
  0.477400005       1.50299972E-09
  0.478500009       1.91329130E-09
  0.479600012       2.16067231E-09
  0.480699986       2.14612772E-09
  0.481799990       1.81981219E-09
  0.482899994       1.18248034E-09
  0.483999997       2.50528376E-10
  0.485100001      -9.92504856E-10
  0.486200005      -2.62419686E-09
  0.487300009      -4.77206097E-09
  0.488399982      -7.57378782E-09
  0.489499986      -1.11435137E-08
  0.490599990      -1.55784221E-08
  0.491699994      -2.10115800E-08
  0.492799997      -2.76824750E-08
  0.493900001      -3.59805483E-08
  0.495000005      -4.64336765E-08
  0.496100008      -5.96540275E-08
  0.497200012      -7.62880390E-08
  0.498299986      -9.70208518E-08
  0.499399990      -1.22648302E-07
  0.500500023      -1.54184505E-07
  0.501600027      -1.92945848E-07
  0.502699971      -2.40570500E-07
  0.503799975      -2.98985753E-07
  0.504899979      -3.70377876E-07
  0.505999982      -4.57227713E-07
  0.507099986      -5.62433684E-07
  0.508199990      -6.89483898E-07
  0.509299994      -8.42605914E-07
  0.510399997      -1.02684487E-06
  0.511500001      -1.24806775E-06
  0.512600005      -1.51296001E-06
  0.513700008      -1.82907684E-06
  0.514800012      -2.20503034E-06
  0.515900016      -2.65072936E-06
  0.517000020      -3.17761260E-06
  0.518100023      -3.79877815E-06
  0.519199967      -4.52903942E-06
  0.520299971      -5.38491213E-06
  0.521399975      -6.38468600E-06
  0.522499979      -7.54862594E-06
  0.523599982      -8.89929288E-06
  0.524699986      -1.04617930E-05
  0.525799990      -1.22639831E-05
  0.526899993      -1.43364587E-05
  0.527999997      -1.67124163E-05
  0.529100001      -1.94275071E-05
  0.530200005      -2.25197618E-05
  0.531300008      -2.60297529E-05
  0.532400012      -3.00007559E-05
  0.533500016      -3.44786386E-05
  0.534600019      -3.95115057E-05
  0.535700023      -4.51490705E-05
  0.536800027      -5.14420171E-05
  0.537899971      -5.84416266E-05
  0.538999975      -6.61995364E-05
  0.540099978      -7.47669692E-05
  0.541199982      -8.41942674E-05
  0.542299986      -9.45298598E-05
  0.543399990      -1.05819199E-04
  0.544499993      -1.18103148E-04
  0.545599997      -1.31416455E-04
  0.546700001      -1.45786500E-04
  0.547800004      -1.61232543E-04
  0.548900008      -1.77764668E-04
