   0.00000000       0.00000000
   1.09999999E-03   0.00000000
   2.19999999E-03   0.00000000
   3.29999998E-03   0.00000000
   4.39999998E-03   0.00000000
   5.49999997E-03   0.00000000
   6.59999996E-03   0.00000000
   7.69999996E-03   0.00000000
   8.79999995E-03   0.00000000
   9.89999995E-03   0.00000000
   1.09999999E-02   0.00000000
   1.20999999E-02   0.00000000
   1.31999999E-02   0.00000000
   1.42999999E-02   0.00000000
   1.53999999E-02   0.00000000
   1.64999999E-02   0.00000000
   1.75999999E-02   0.00000000
   1.86999999E-02   0.00000000
   1.97999999E-02   0.00000000
   2.08999999E-02   0.00000000
   2.19999999E-02   0.00000000
   2.30999999E-02   0.00000000
   2.41999999E-02   0.00000000
   2.52999999E-02   0.00000000
   2.63999999E-02   0.00000000
   2.74999999E-02   0.00000000
   2.85999998E-02   0.00000000
   2.96999998E-02   0.00000000
   3.07999998E-02   0.00000000
   3.18999998E-02   0.00000000
   3.29999998E-02   0.00000000
   3.40999998E-02   0.00000000
   3.51999998E-02   0.00000000
   3.62999998E-02   0.00000000
   3.73999998E-02   0.00000000
   3.84999998E-02   0.00000000
   3.95999998E-02   0.00000000
   4.06999998E-02   0.00000000
   4.17999998E-02   0.00000000
   4.28999998E-02   0.00000000
   4.39999998E-02   0.00000000
   4.50999998E-02   0.00000000
   4.61999997E-02   0.00000000
   4.72999997E-02   0.00000000
   4.83999997E-02   0.00000000
   4.94999997E-02   0.00000000
   5.05999997E-02   0.00000000
   5.16999997E-02   0.00000000
   5.27999997E-02   0.00000000
   5.38999997E-02   0.00000000
   5.49999997E-02   0.00000000
   5.60999997E-02   0.00000000
   5.71999997E-02   0.00000000
   5.82999997E-02   0.00000000
   5.93999997E-02   0.00000000
   6.04999997E-02   0.00000000
   6.15999997E-02   0.00000000
   6.27000034E-02   0.00000000
   6.37999997E-02   0.00000000
   6.48999959E-02   0.00000000
   6.59999996E-02   0.00000000
   6.71000034E-02   0.00000000
   6.81999996E-02   0.00000000
   6.92999959E-02   0.00000000
   7.03999996E-02   2.80259693E-45
   7.15000033E-02   7.00649232E-45
   7.25999996E-02   9.80908925E-45
   7.36999959E-02  -4.20389539E-45
   7.47999996E-02  -4.34402524E-44
   7.59000033E-02  -7.98740125E-44
   7.69999996E-02   1.82168800E-44
   7.80999959E-02   4.16185644E-43
   7.91999996E-02   9.08041405E-43
   8.03000033E-02   3.06884364E-43
   8.13999996E-02  -3.21317738E-42
   8.24999958E-02  -8.95850108E-42
   8.35999995E-02  -7.93555320E-42
   8.47000033E-02   1.74251464E-41
   8.57999995E-02   7.19945112E-41
   8.68999958E-02   1.00721130E-40
   8.79999995E-02  -3.61002510E-41
   8.91000032E-02  -4.48112828E-40
   9.01999995E-02  -8.85205845E-40
   9.12999958E-02  -4.32301978E-40
   9.23999995E-02   2.03041141E-39
   9.35000032E-02   5.87605364E-39
   9.45999995E-02   6.19273728E-39
   9.56999958E-02  -5.25688431E-39
   9.67999995E-02  -3.02663541E-38
   9.79000032E-02  -4.75420324E-38
   9.89999995E-02  -8.80278880E-39
  0.100099996       1.20112847E-37
  0.101199999       2.67971763E-37
  0.102300003       1.98888780E-37
  0.103399999      -3.45235593E-37
  0.104499996      -1.21100088E-36
  0.105599999      -1.40768677E-36
  0.106700003       5.15148974E-37
  0.107799999       4.63149653E-36
  0.108899996       7.26727069E-36
  0.109999999       1.49502269E-36
  0.111100003      -1.57864515E-35
  0.112199999      -3.23495156E-35
  0.113299996      -1.81755763E-35
  0.114399999       4.94999236E-35
  0.115500003       1.35095066E-34
  0.116599999       1.16906954E-34
  0.117699996      -1.33526711E-34
  0.118799999      -5.40095986E-34
  0.119900003      -6.43321104E-34
  0.120999999       1.94005838E-34
  0.122099996       1.97936718E-33
  0.123199999       3.15518920E-33
  0.124300003       8.95335843E-34
  0.125400007      -6.11323551E-33
  0.126499996      -1.34391521E-32
  0.127599999      -9.99608731E-33
  0.128700003       1.36335774E-32
  0.129799992       4.83984467E-32
  0.130899996       5.64168463E-32
  0.131999999      -8.81958130E-33
  0.133100003      -1.43707864E-31
  0.134200007      -2.37616567E-31
  0.135299996      -1.04777348E-31
  0.136399999       3.35209165E-31
  0.137500003       8.16633511E-31
  0.138599992       7.06702455E-31
  0.139699996      -5.12187950E-31
  0.140799999      -2.37795548E-30
  0.141900003      -3.00826439E-30
  0.143000007      -1.79562687E-31
  0.144099995       5.93528275E-30
  0.145199999       1.04250490E-29
  0.146300003       5.39603591E-30
  0.147399992      -1.22752681E-29
  0.148499995      -3.16476031E-29
  0.149599999      -2.81037174E-29
  0.150700003       1.71401190E-29
  0.151800007       8.55690855E-29
  0.152899995       1.08664892E-28
  0.153999999       9.91955033E-30
  0.155100003      -2.00767604E-28
  0.156199992      -3.55286119E-28
  0.157299995      -1.95610469E-28
  0.158399999       3.73626654E-28
  0.159500003       1.00557444E-27
  0.160600007       9.45083290E-28
  0.161699995      -3.76630190E-28
  0.162799999      -2.44058908E-27
  0.163900003      -3.31304940E-27
  0.164999992      -8.27503341E-28
  0.166099995       4.88845162E-27
  0.167199999       9.56035707E-27
  0.168300003       6.50863017E-27
  0.169400007      -7.11189075E-27
  0.170499995      -2.35416802E-26
  0.171599999      -2.50822469E-26
  0.172700003       2.44167549E-27
  0.173799992       4.94753345E-26
  0.174899995       7.50765580E-26
  0.175999999       3.12835950E-26
  0.177100003      -8.45710598E-26
  0.178200006      -1.90908123E-25
  0.179299995      -1.53799342E-25
  0.180399999       9.36892626E-26
  0.181500003       4.20485049E-25
  0.182599992       5.02275627E-25
  0.183699995       5.87418617E-26
  0.184799999      -7.84038401E-25
  0.185900003      -1.34085331E-24
  0.187000006      -7.57326782E-25
  0.188099995       1.11997097E-24
  0.189199999       3.06253119E-24
  0.190300003       2.89345581E-24
  0.191399992      -6.80355257E-25
  0.192499995      -5.97251877E-24
  0.193599999      -8.18196039E-24
  0.194700003      -2.71503362E-24
  0.195800006       9.47725343E-24
  0.196899995       1.92548436E-23
  0.197999999       1.41199980E-23
  0.199100003      -1.00003432E-23
  0.200199991      -3.87275894E-23
  0.201299995      -4.33231744E-23
  0.202399999      -3.36604108E-24
  0.203500003       6.54320930E-23
  0.204600006       1.05890592E-22
  0.205699995       5.63820662E-23
  0.206799999      -8.44770317E-23
  0.207900003      -2.19625995E-22
  0.208999991      -1.99694143E-22
  0.210099995       4.63526085E-23
  0.211199999       3.88040099E-22
  0.212300003       5.15704905E-22
  0.213400006       1.68955932E-22
  0.214499995      -5.56032787E-22
  0.215599999      -1.10566240E-21
  0.216700003      -7.99626774E-22
  0.217799991       5.17824151E-22
  0.218899995       2.02168475E-21
  0.219999999       2.23737977E-21
  0.221100003       2.38690579E-22
  0.222200006      -3.08389755E-21
  0.223299995      -4.98284958E-21
  0.224399999      -2.73632720E-21
  0.225500003       3.50556114E-21
  0.226599991       9.38170964E-21
  0.227699995       8.66239128E-21
  0.228799999      -1.27499471E-21
  0.229900002      -1.49205320E-20
  0.231000006      -2.02111421E-20
  0.232099995      -7.62791226E-21
  0.233199999       1.88299589E-20
  0.234300002       3.91286997E-20
  0.235399991       2.98120869E-20
  0.236499995      -1.38611221E-20
  0.237599999      -6.42498194E-20
  0.238700002      -7.39975420E-20
  0.239800006      -1.45055038E-20
  0.240899995       8.67076955E-20
  0.241999999       1.47914589E-19
  0.243100002       9.02775873E-20
  0.244199991      -8.22745309E-20
  0.245299995      -2.50141770E-19
  0.246399999      -2.45724237E-19
  0.247500002       1.65702371E-21
  0.248600006       3.54023531E-19
  0.249699995       5.11197102E-19
  0.250800014       2.36926138E-19
  0.251899987      -3.82532363E-19
  0.252999991      -8.88298403E-19
  0.254099995      -7.42835073E-19
  0.255199999       1.78729251E-19
  0.256300002       1.29992085E-18
  0.257400006       1.62012298E-18
  0.258500010       5.13841753E-19
  0.259599984      -1.51758112E-18
  0.260699987      -2.88882220E-18
  0.261799991      -2.03506738E-18
  0.262899995       1.07910188E-18
  0.263999999       4.34499902E-18
  0.265100002       4.71747224E-18
  0.266200006       7.68768220E-19
  0.267300010      -5.35583482E-18
  0.268400013      -8.66737217E-18
  0.269499987      -5.02925730E-18
  0.270599991       4.62516799E-18
  0.271699995       1.33693670E-17
  0.272799999       1.26940576E-17
  0.273900002      -4.78643926E-20
  0.275000006      -1.71302206E-17
  0.276100010      -2.41312308E-17
  0.277199984      -1.11347287E-17
  0.278299987       1.65075720E-17
  0.279399991       3.80694723E-17
  0.280499995       3.16277934E-17
  0.281599998      -6.00346182E-18
  0.282700002      -5.02541637E-17
  0.283800006      -6.25817124E-17
  0.284900010      -2.15577032E-17
  0.286000013       5.20249721E-17
  0.287099987       1.01070102E-16
  0.288199991       7.32865479E-17
  0.289299995      -2.95056449E-17
  0.290399998      -1.36626110E-16
  0.291500002      -1.52259903E-16
  0.292600006      -3.51280776E-17
  0.293700010       1.47973532E-16
  0.294799984       2.51173618E-16
  0.295899987       1.58619519E-16
  0.296999991      -1.02336191E-16
  0.298099995      -3.45209548E-16
  0.299199998      -3.47502572E-16
  0.300300002      -4.05320485E-17
  0.301400006       3.86611513E-16
  0.302500010       5.85964634E-16
  0.303600013       3.18671000E-16
  0.304699987      -3.02675683E-16
  0.305799991      -8.20926862E-16
  0.306899995      -7.50072768E-16
  0.307999998       9.75490788E-19
  0.309100002       9.45575913E-16
  0.310200006       1.30164686E-15
  0.311300009       6.06939553E-16
  0.312399983      -7.93359646E-16
  0.313499987      -1.84916631E-15
  0.314599991      -1.55340612E-15
  0.315699995       1.65166607E-16
  0.316799998       2.15348958E-15
  0.317900002       2.74793645E-15
  0.319000006       1.10344973E-15
  0.320100009      -1.87877710E-15
  0.321200013      -3.92805388E-15
  0.322299987      -3.05847207E-15
  0.323399991       6.45540750E-16
  0.324499995       4.63289075E-15
  0.325599998       5.53459967E-15
  0.326700002       1.88661321E-15
  0.327800006      -4.18857538E-15
  0.328900009      -8.01998408E-15
  0.329999983      -5.84236825E-15
  0.331099987       1.78319028E-15
  0.332199991       9.52541489E-15
  0.333299994       1.08253657E-14
  0.334399998       3.22999878E-15
  0.335500002      -8.66707574E-15
  0.336600006      -1.56785223E-14
  0.337700009      -1.08824625E-14
  0.338800013       4.05238223E-15
  0.339899987       1.85535791E-14
  0.340999991       2.03075658E-14
  0.342099994       5.31177156E-15
  0.343199998      -1.71156576E-14
  0.344300002      -2.95804810E-14
  0.345400006      -1.96724774E-14
  0.346500009       8.65349527E-15
  0.347599983       3.52619240E-14
  0.348699987       3.76172617E-14
  0.349799991       9.16088155E-15
  0.350899994      -3.22388126E-14
  0.351999998      -5.46541470E-14
  0.353100002      -3.60738254E-14
  0.354200006       1.55248823E-14
  0.355300009       6.34145378E-14
  0.356400013       6.74388659E-14
  0.357499987       1.66537553E-14
  0.358599991      -5.65045244E-14
  0.359699994      -9.54937626E-14
  0.360799998      -6.22275126E-14
  0.361900002       2.82705073E-14
  0.363000005       1.11125241E-13
  0.364100009       1.16571791E-13
  0.365199983       2.66193792E-14
  0.366299987      -1.01297571E-13
  0.367399991      -1.68703457E-13
  0.368499994      -1.09943792E-13
  0.369599998       4.85477679E-14
  0.370700002       1.94567507E-13
  0.371800005       2.07599319E-13
  0.372900009       5.56228715E-14
  0.374000013      -1.64666403E-13
  0.375099987      -2.86045628E-13
  0.376199991      -1.95486802E-13
  0.377299994       6.57166040E-14
  0.378399998       3.11716392E-13
  0.379500002       3.40808463E-13
  0.380600005       9.67326534E-14
  0.381700009      -2.63478828E-13
  0.382799983      -4.64422500E-13
  0.383899987      -3.17687174E-13
  0.384999990       1.12151553E-13
  0.386099994       5.21274267E-13
  0.387199998       5.75869105E-13
  0.388300002       1.76857932E-13
  0.389400005      -4.25369158E-13
  0.390500009      -7.80642803E-13
  0.391600013      -5.70957127E-13
  0.392699987       1.16109325E-13
  0.393799990       8.00503327E-13
  0.394899994       9.39185145E-13
  0.395999998       3.51783164E-13
  0.397100002      -5.85756270E-13
  0.398200005      -1.16694263E-12
  0.399300009      -8.76604616E-13
  0.400399983       1.69022511E-13
  0.401499987       1.22815625E-12
  0.402599990       1.44194227E-12
  0.403699994       5.07496606E-13
  0.404799998      -1.00019082E-12
  0.405900002      -1.96255534E-12
  0.407000005      -1.53065375E-12
  0.408100009       1.65076015E-13
  0.409200013       1.98541487E-12
  0.410299987       2.54529058E-12
  0.411399990       1.26719002E-12
  0.412499994      -1.07047964E-12
  0.413599998      -2.78528698E-12
  0.414700001      -2.50762128E-12
  0.415800005      -2.92690568E-13
  0.416900009       2.26522382E-12
  0.417999983       3.12700950E-12
  0.419099987       1.38924375E-12
  0.420199990      -1.84590039E-12
  0.421299994      -4.09211597E-12
  0.422399998      -3.28644013E-12
  0.423500001       5.00401370E-13
  0.424600005       4.81655861E-12
  0.425700009       6.42415244E-12
  0.426800013       3.71161175E-12
  0.427899987      -1.86771475E-12
  0.428999990      -6.56922607E-12
  0.430099994      -6.99140138E-12
  0.431199998      -2.72130083E-12
  0.432300001       3.07582952E-12
  0.433400005       5.80987775E-12
  0.434500009       2.97382518E-12
  0.435599983      -3.60180570E-12
  0.436699986      -8.66699854E-12
  0.437799990      -7.29040786E-12
  0.438899994       1.18409189E-12
  0.439999998       1.20274190E-11
  0.441100001       1.80450602E-11
  0.442200005       1.46996530E-11
  0.443300009       3.70194370E-12
  0.444400012      -7.86039029E-12
  0.445499986      -1.26104795E-11
  0.446599990      -8.62249855E-12
  0.447699994      -1.36628870E-12
  0.448799998       9.23280549E-14
  0.449900001      -9.70482202E-12
  0.451000005      -2.72658666E-11
  0.452100009      -4.10729471E-11
  0.453199983      -3.88099275E-11
  0.454299986      -1.60874924E-11
  0.455399990       1.97522051E-11
  0.456499994       5.39845738E-11
  0.457599998       7.42633663E-11
  0.458700001       7.86575041E-11
  0.459800005       7.55862248E-11
  0.460900009       7.51009324E-11
  0.462000012       7.78132073E-11
  0.463099986       7.04065278E-11
  0.464199990       3.25851221E-11
  0.465299994      -4.80263398E-11
  0.466399997      -1.63121253E-10
  0.467500001      -2.82786655E-10
  0.468600005      -3.68349018E-10
  0.469700009      -3.91028349E-10
  0.470799983      -3.43756745E-10
  0.471899986      -2.38039033E-10
  0.472999990      -8.87395643E-11
  0.474099994       1.00793110E-10
  0.475199997       3.40293654E-10
  0.476300001       6.37498054E-10
  0.477400005       9.76328907E-10
  0.478500009       1.30511502E-09
  0.479600012       1.54611191E-09
  0.480699986       1.62261748E-09
  0.481799990       1.48627133E-09
  0.482899994       1.12503773E-09
  0.483999997       5.44844059E-10
  0.485100001      -2.63518013E-10
  0.486200005      -1.34938838E-09
  0.487300009      -2.80183321E-09
  0.488399982      -4.72562656E-09
  0.489499986      -7.21467286E-09
  0.490599990      -1.03486473E-08
  0.491699994      -1.42231729E-08
  0.492799997      -1.89992289E-08
  0.493900001      -2.49416328E-08
  0.495000005      -3.24218945E-08
  0.496100008      -4.18871622E-08
  0.497200012      -5.38233706E-08
  0.498299986      -6.87489887E-08
  0.499399990      -8.72571775E-08
  0.500500023      -1.10088891E-07
  0.501600027      -1.38199766E-07
  0.502699971      -1.72788361E-07
  0.503799975      -2.15283023E-07
  0.504899979      -2.67321127E-07
  0.505999982      -3.30768302E-07
  0.507099986      -4.07797330E-07
  0.508199990      -5.01009652E-07
  0.509299994      -6.13551492E-07
  0.510399997      -7.49185858E-07
  0.511500001      -9.12314192E-07
  0.512600005      -1.10799033E-06
  0.513700008      -1.34196023E-06
  0.514800012      -1.62078982E-06
  0.515900016      -1.95203415E-06
  0.517000020      -2.34441654E-06
  0.518100023      -2.80795462E-06
  0.519199967      -3.35402433E-06
  0.520299971      -3.99539476E-06
  0.521399975      -4.74628177E-06
  0.522499979      -5.62250170E-06
  0.523599982      -6.64170602E-06
  0.524699986      -7.82359893E-06
  0.525799990      -9.19008562E-06
  0.526899993      -1.07653204E-05
  0.527999997      -1.25756505E-05
  0.529100001      -1.46495877E-05
  0.530200005      -1.70178191E-05
  0.531300008      -1.97133231E-05
  0.532400012      -2.27714463E-05
  0.533500016      -2.62298345E-05
  0.534600019      -3.01281325E-05
  0.535700023      -3.45077278E-05
  0.536800027      -3.94115159E-05
  0.537899971      -4.48834253E-05
  0.538999975      -5.09681813E-05
  0.540099978      -5.77110295E-05
  0.541199982      -6.51568844E-05
  0.542299986      -7.33497218E-05
  0.543399990      -8.23320297E-05
  0.544499993      -9.21436731E-05
  0.545599997      -1.02820952E-04
  0.546700001      -1.14395196E-04
  0.547800004      -1.26892162E-04
  0.548900008      -1.40331103E-04
