   0.00000000       0.00000000
   1.09999999E-03   0.00000000
   2.19999999E-03   0.00000000
   3.29999998E-03   0.00000000
   4.39999998E-03   0.00000000
   5.49999997E-03   0.00000000
   6.59999996E-03   0.00000000
   7.69999996E-03   0.00000000
   8.79999995E-03   0.00000000
   9.89999995E-03   0.00000000
   1.09999999E-02   0.00000000
   1.20999999E-02   0.00000000
   1.31999999E-02   0.00000000
   1.42999999E-02   0.00000000
   1.53999999E-02   0.00000000
   1.64999999E-02   0.00000000
   1.75999999E-02   0.00000000
   1.86999999E-02   0.00000000
   1.97999999E-02   0.00000000
   2.08999999E-02   0.00000000
   2.19999999E-02  -4.34402524E-44
   2.30999999E-02  -9.97724507E-43
   2.41999999E-02  -8.38817261E-42
   2.52999999E-02  -2.27220546E-41
   2.63999999E-02   1.29344052E-40
   2.74999999E-02   1.36339474E-39
   2.85999998E-02   4.63413466E-39
   2.96999998E-02  -4.17641593E-40
   3.07999998E-02  -6.70190945E-38
   3.18999998E-02  -2.68466567E-37
   3.29999998E-02  -3.04722889E-37
   3.40999998E-02   1.49821774E-36
   3.51999998E-02   7.86722266E-36
   3.62999998E-02   1.40047094E-35
   3.73999998E-02  -1.38208662E-35
   3.84999998E-02  -1.39045680E-34
   3.95999998E-02  -3.24484425E-34
   4.06999998E-02  -9.66119866E-35
   4.17999998E-02   1.57153823E-33
   4.28999998E-02   4.79683943E-33
   4.39999998E-02   4.73667506E-33
   4.50999998E-02  -1.09015331E-32
   4.61999997E-02  -4.92454403E-32
   4.72999997E-02  -7.33662523E-32
   4.83999997E-02   3.02671193E-32
   4.94999997E-02   3.65775709E-31
   5.05999997E-02   7.20833543E-31
   5.16999997E-02   2.53680732E-31
   5.27999997E-02  -2.02739109E-30
   5.38999997E-02  -5.19794010E-30
   5.49999997E-02  -3.99970999E-30
   5.60999997E-02   8.88774239E-30
   5.71999997E-02   3.04853284E-29
   5.82999997E-02   3.14063322E-29
   5.93999997E-02  -3.48983622E-29
   6.04999997E-02  -1.63860732E-28
   6.15999997E-02  -2.01203659E-28
   6.27000034E-02   1.29743196E-28
   6.37999997E-02   8.75807494E-28
   6.48999959E-02   1.28016698E-27
   6.59999996E-02  -2.36571027E-28
   6.71000034E-02  -4.42172291E-27
   6.81999996E-02  -8.04494372E-27
   6.92999959E-02  -2.75358312E-27
   7.03999996E-02   1.82156164E-26
   7.15000033E-02   4.43684524E-26
   7.25999996E-02   3.70795964E-26
   7.36999959E-02  -4.87250631E-26
   7.47999996E-02  -1.96101811E-25
   7.59000033E-02  -2.56309166E-25
   7.69999996E-02   5.41801803E-27
   7.80999959E-02   6.53667797E-25
   7.91999996E-02   1.23325396E-24
   8.03000033E-02   7.58653350E-25
   8.13999996E-02  -1.48005136E-24
   8.24999958E-02  -4.47306142E-24
   8.35999995E-02  -4.80954847E-24
   8.47000033E-02   1.24902822E-24
   8.57999995E-02   1.26839785E-23
   8.68999958E-02   1.95807094E-23
   8.79999995E-02   7.13984279E-24
   8.91000032E-02  -2.86735162E-23
   9.01999995E-02  -6.34299577E-23
   9.12999958E-02  -4.77065115E-23
   9.23999995E-02   5.01695499E-23
   9.35000032E-02   1.80720549E-22
   9.45999995E-02   1.97008090E-22
   9.56999958E-02  -4.24148452E-23
   9.67999995E-02  -4.71807938E-22
   9.79000032E-02  -6.96680855E-22
   9.89999995E-02  -2.00356306E-22
  0.100099996       1.07716909E-21
  0.101199999       2.20671714E-21
  0.102300003       1.54313360E-21
  0.103399999      -1.79240386E-21
  0.104499996      -6.04141942E-21
  0.105599999      -6.63196216E-21
  0.106700003       5.41607108E-22
  0.107799999       1.35111374E-20
  0.108899996       2.13835187E-20
  0.109999999       1.01935947E-20
  0.111100003      -2.25175333E-20
  0.112199999      -5.52306492E-20
  0.113299996      -4.91066046E-20
  0.114399999       1.91000656E-20
  0.115500003       1.17171943E-19
  0.116599999       1.53232055E-19
  0.117699996       3.92773401E-20
  0.118799999      -2.02609219E-19
  0.119900003      -3.85691288E-19
  0.120999999      -2.57319759E-19
  0.122099996       2.55151098E-19
  0.123199999       8.34180370E-19
  0.124300003       8.66201565E-19
  0.125400007      -5.96719822E-20
  0.126499996      -1.54696113E-18
  0.127599999      -2.30093936E-18
  0.128700003      -9.93632099E-19
  0.129799992       2.27086679E-18
  0.130899996       5.15231778E-18
  0.131999999       4.24845339E-18
  0.133100003      -1.82413488E-18
  0.134200007      -9.67605440E-18
  0.135299996      -1.19434615E-17
  0.136399999      -2.88422515E-18
  0.137500003       1.44967935E-17
  0.138599992       2.66189914E-17
  0.139699996       1.77803002E-17
  0.140799999      -1.43950503E-17
  0.141900003      -4.91267397E-17
  0.143000007      -5.17635301E-17
  0.144099995      -2.62251141E-18
  0.145199999       7.46418006E-17
  0.146300003       1.15133721E-16
  0.147399992       5.87510986E-17
  0.148499995      -8.54622032E-17
  0.149599999      -2.14189380E-16
  0.150700003      -1.89244114E-16
  0.151800007       3.84471894E-17
  0.152899995       3.36319911E-16
  0.153999999       4.38472587E-16
  0.155100003       1.51525102E-16
  0.156199992      -4.17835741E-16
  0.157299995      -8.33369406E-16
  0.158399999      -6.16319860E-16
  0.159500003       2.98462779E-16
  0.160600007       1.31854919E-15
  0.161699995       1.49561486E-15
  0.162799999       3.05068869E-16
  0.163900003      -1.66598114E-15
  0.164999992      -2.83615875E-15
  0.166099995      -1.76367940E-15
  0.167199999       1.40455797E-15
  0.168300003       4.45445267E-15
  0.169400007       4.43694704E-15
  0.170499995       2.15005761E-16
  0.171599999      -5.77161474E-15
  0.172700003      -8.50992996E-15
  0.173799992      -4.23852957E-15
  0.174899995       5.53937143E-15
  0.175999999       1.36076512E-14
  0.177100003       1.18310386E-14
  0.178200006      -1.52909617E-15
  0.179299995      -1.80151287E-14
  0.180399999      -2.34434444E-14
  0.181500003      -9.19414623E-15
  0.182599992       1.80026790E-14
  0.183699995       3.73827454E-14
  0.184799999       2.88569319E-14
  0.185900003      -8.33368358E-15
  0.187000006      -4.90363602E-14
  0.188099995      -5.73968702E-14
  0.189199999      -1.63885375E-14
  0.190300003       5.11901414E-14
  0.191399992       9.19209031E-14
  0.192499995       6.14273376E-14
  0.193599999      -3.29729665E-14
  0.194700003      -1.24470936E-13
  0.195800006      -1.30444009E-13
  0.196899995      -2.21617988E-14
  0.197999999       1.35193411E-13
  0.199100003       2.15838022E-13
  0.200199991       1.29204630E-13
  0.201299995      -9.11973608E-14
  0.202399999      -2.86515034E-13
  0.203500003      -2.81487182E-13
  0.204600006      -3.39441745E-14
  0.205699995       2.97231993E-13
  0.206799999       4.44475186E-13
  0.207900003       2.40057621E-13
  0.208999991      -2.15511528E-13
  0.210099995      -5.81413606E-13
  0.211199999      -5.19851848E-13
  0.212300003       9.98998790E-15
  0.213400006       6.51854222E-13
  0.214499995       8.74453450E-13
  0.215599999       3.91840531E-13
  0.216700003      -5.38838071E-13
  0.217799991      -1.22334109E-12
  0.218899995      -1.03122708E-12
  0.219999999       5.71332397E-14
  0.221100003       1.31380844E-12
  0.222200006       1.73170126E-12
  0.223299995       8.16039131E-13
  0.224399999      -9.09099293E-13
  0.225500003      -2.15756427E-12
  0.226599991      -1.82187772E-12
  0.227699995       7.13062760E-14
  0.228799999       2.18988846E-12
  0.229900002       2.78829000E-12
  0.231000006       1.09860602E-12
  0.232099995      -1.85695101E-12
  0.233199999      -3.80899652E-12
  0.234300002      -2.91635553E-12
  0.235399991       6.28047961E-13
  0.236499995       4.40293505E-12
  0.237599999       5.36871719E-12
  0.238700002       2.24885627E-12
  0.239800006      -3.14846955E-12
  0.240899995      -6.91446249E-12
  0.241999999      -5.87787544E-12
  0.243100002      -2.61855289E-13
  0.244199991       6.02938706E-12
  0.245299995       8.06918594E-12
  0.246399999       3.76851241E-12
  0.247500002      -4.03727182E-12
  0.248600006      -9.23087648E-12
  0.249699995      -6.98065737E-12
  0.250800014       2.07098683E-12
  0.251899987       1.14709856E-11
  0.252999991       1.33137060E-11
  0.254099995       4.45068505E-12
  0.255199999      -1.01946568E-11
  0.256300002      -2.02898670E-11
  0.257400006      -1.74414996E-11
  0.258500010      -2.00979229E-12
  0.259599984       1.60893850E-11
  0.260699987       2.39832234E-11
  0.261799991       1.55085961E-11
  0.262899995      -3.35707373E-12
  0.263999999      -1.81025039E-11
  0.265100002      -1.64832106E-11
  0.266200006       1.30070770E-12
  0.267300010       2.13006019E-11
  0.268400013       2.55162592E-11
  0.269499987       6.15161264E-12
  0.270599991      -2.64622352E-11
  0.271699995      -4.94424571E-11
  0.272799999      -4.36914463E-11
  0.273900002      -9.34525894E-12
  0.275000006       3.20216978E-11
  0.276100010       5.17666604E-11
  0.277199984       3.57373853E-11
  0.278299987      -3.12366929E-12
  0.279399991      -3.20609130E-11
  0.280499995      -2.22140709E-11
  0.281599998       2.79360406E-11
  0.282700002       8.76259967E-11
  0.283800006       1.13067403E-10
  0.284900010       7.83720588E-11
  0.286000013      -4.56685774E-12
  0.287099987      -9.33225164E-11
  0.288199991      -1.45552223E-10
  0.289299995      -1.50501847E-10
  0.290399998      -1.36161013E-10
  0.291500002      -1.43810630E-10
  0.292600006      -1.87019594E-10
  0.293700010      -2.26739849E-10
  0.294799984      -1.85467960E-10
  0.295899987       4.11534912E-12
  0.296999991       3.47511853E-10
  0.298099995       7.70637776E-10
  0.299199998       1.15055410E-09
  0.300300002       1.37423695E-09
  0.301400006       1.38287382E-09
  0.302500010       1.16818299E-09
  0.303600013       7.22665872E-10
  0.304699987      -1.79608117E-11
  0.305799991      -1.19300192E-09
  0.306899995      -2.97639025E-09
  0.307999998      -5.50443779E-09
  0.309100002      -8.82833184E-09
  0.310200006      -1.29366517E-08
  0.311300009      -1.78455402E-08
  0.312399983      -2.37033699E-08
  0.313499987      -3.08418535E-08
  0.314599991      -3.97406694E-08
  0.315699995      -5.09355793E-08
  0.316799998      -6.49442811E-08
  0.317900002      -8.22765500E-08
  0.319000006      -1.03536365E-07
  0.320100009      -1.29555985E-07
  0.321200013      -1.61477374E-07
  0.322299987      -2.00735471E-07
  0.323399991      -2.48974686E-07
  0.324499995      -3.07988557E-07
  0.325599998      -3.79765311E-07
  0.326700002      -4.66648999E-07
  0.327800006      -5.71541818E-07
  0.328900009      -6.98036786E-07
  0.329999983      -8.50421657E-07
  0.331099987      -1.03359059E-06
  0.332199991      -1.25298084E-06
  0.333299994      -1.51464417E-06
  0.334399998      -1.82548047E-06
  0.335500002      -2.19354501E-06
  0.336600006      -2.62828303E-06
  0.337700009      -3.14060912E-06
  0.338800013      -3.74285719E-06
  0.339899987      -4.44873012E-06
  0.340999991      -5.27338125E-06
  0.342099994      -6.23366304E-06
  0.343199998      -7.34845344E-06
  0.344300002      -8.63890000E-06
  0.345400006      -1.01284595E-05
  0.346500009      -1.18427743E-05
  0.347599983      -1.38094883E-05
  0.348699987      -1.60582276E-05
  0.349799991      -1.86207799E-05
  0.350899994      -2.15313667E-05
  0.351999998      -2.48268170E-05
  0.353100002      -2.85464121E-05
  0.354200006      -3.27314774E-05
  0.355300009      -3.74248120E-05
  0.356400013      -4.26702500E-05
  0.357499987      -4.85123492E-05
  0.358599991      -5.49962642E-05
  0.359699994      -6.21674117E-05
  0.360799998      -7.00707678E-05
  0.361900002      -7.87498502E-05
  0.363000005      -8.82456516E-05
  0.364100009      -9.85956722E-05
  0.365199983      -1.09833083E-04
  0.366299987      -1.21985948E-04
  0.367399991      -1.35076349E-04
  0.368499994      -1.49119311E-04
  0.369599998      -1.64121200E-04
  0.370700002      -1.80078059E-04
  0.371800005      -1.96973982E-04
  0.372900009      -2.14780084E-04
  0.374000013      -2.33453524E-04
  0.375099987      -2.52937083E-04
  0.376199991      -2.73157930E-04
  0.377299994      -2.94026831E-04
  0.378399998      -3.15437035E-04
  0.379500002      -3.37263569E-04
  0.380600005      -3.59363126E-04
  0.381700009      -3.81573889E-04
  0.382799983      -4.03716549E-04
  0.383899987      -4.25595528E-04
  0.384999990      -4.46999824E-04
  0.386099994      -4.67703532E-04
  0.387199998      -4.87466896E-04
  0.388300002      -5.06038195E-04
  0.389400005      -5.23157010E-04
  0.390500009      -5.38557593E-04
  0.391600013      -5.51972829E-04
  0.392699987      -5.63137466E-04
  0.393799990      -5.71790792E-04
  0.394899994      -5.77679777E-04
  0.395999998      -5.80562861E-04
  0.397100002      -5.80215245E-04
  0.398200005      -5.76433318E-04
  0.399300009      -5.69039898E-04
  0.400399983      -5.57887019E-04
  0.401499987      -5.42858848E-04
  0.402599990      -5.23874711E-04
  0.403699994      -5.00892347E-04
  0.404799998      -4.73910593E-04
  0.405900002      -4.42972640E-04
  0.407000005      -4.08167602E-04
  0.408100009      -3.69631423E-04
  0.409200013      -3.27546441E-04
  0.410299987      -2.82140274E-04
  0.411399990      -2.33683808E-04
  0.412499994      -1.82488700E-04
  0.413599998      -1.28905609E-04
  0.414700001      -7.33214911E-05
  0.415800005      -1.61558910E-05
  0.416900009       4.21441619E-05
  0.417999983       1.01110352E-04
  0.419099987       1.60260228E-04
  0.420199990       2.19102832E-04
  0.421299994       2.77144398E-04
  0.422399998       3.33893346E-04
  0.423500001       3.88866436E-04
  0.424600005       4.41595970E-04
  0.425700009       4.91637213E-04
  0.426800013       5.38575288E-04
  0.427899987       5.82030159E-04
  0.428999990       6.21661078E-04
  0.430099994       6.57168857E-04
  0.431199998       6.88299595E-04
  0.432300001       7.14848284E-04
  0.433400005       7.36661488E-04
  0.434500009       7.53639208E-04
  0.435599983       7.65735633E-04
  0.436699986       7.72958505E-04
  0.437799990       7.75366905E-04
  0.438899994       7.73068808E-04
  0.439999998       7.66218058E-04
  0.441100001       7.55010755E-04
  0.442200005       7.39683281E-04
  0.443300009       7.20510143E-04
  0.444400012       6.97797688E-04
  0.445499986       6.71877933E-04
  0.446599990       6.43101637E-04
  0.447699994       6.11831550E-04
  0.448799998       5.78439562E-04
  0.449900001       5.43302682E-04
  0.451000005       5.06800541E-04
  0.452100009       4.69309074E-04
  0.453199983       4.31193534E-04
  0.454299986       3.92802554E-04
  0.455399990       3.54465068E-04
  0.456499994       3.16489401E-04
  0.457599998       2.79162981E-04
  0.458700001       2.42750364E-04
  0.459800005       2.07489211E-04
  0.460900009       1.73586464E-04
  0.462000012       1.41217039E-04
  0.463099986       1.10526038E-04
  0.464199990       8.16315369E-05
  0.465299994       5.46262672E-05
  0.466399997       2.95770988E-05
  0.467500001       6.52431208E-06
  0.468600005      -1.45177901E-05
  0.469700009      -3.35578043E-05
  0.470799983      -5.06234755E-05
  0.471899986      -6.57588535E-05
  0.472999990      -7.90231570E-05
  0.474099994      -9.04899134E-05
  0.475199997      -1.00245066E-04
  0.476300001      -1.08383894E-04
  0.477400005      -1.15007781E-04
  0.478500009      -1.20222234E-04
  0.479600012      -1.24135942E-04
  0.480699986      -1.26860206E-04
  0.481799990      -1.28506887E-04
  0.482899994      -1.29185952E-04
  0.483999997      -1.29003543E-04
  0.485100001      -1.28061452E-04
  0.486200005      -1.26457642E-04
  0.487300009      -1.24286511E-04
  0.488399982      -1.21637604E-04
  0.489499986      -1.18593707E-04
  0.490599990      -1.15229581E-04
  0.491699994      -1.11612746E-04
  0.492799997      -1.07805165E-04
  0.493900001      -1.03864339E-04
  0.495000005      -9.98425021E-05
  0.496100008      -9.57848606E-05
  0.497200012      -9.17288271E-05
  0.498299986      -8.77050188E-05
  0.499399990      -8.37396656E-05
  0.500500023      -7.98565452E-05
  0.501600027      -7.60768307E-05
  0.502699971      -7.24175043E-05
  0.503799975      -6.88900764E-05
  0.504899979      -6.55011609E-05
  0.505999982      -6.22547886E-05
  0.507099986      -5.91545286E-05
  0.508199990      -5.62037931E-05
  0.509299994      -5.34044120E-05
  0.510399997      -5.07548575E-05
  0.511500001      -4.82500654E-05
  0.512600005      -4.58831237E-05
  0.513700008      -4.36477458E-05
  0.514800012      -4.15394097E-05
  0.515900016      -3.95546631E-05
  0.517000020      -3.76892058E-05
  0.518100023      -3.59365913E-05
  0.519199967      -3.42885687E-05
  0.520299971      -3.27369380E-05
  0.521399975      -3.12752818E-05
  0.522499979      -2.98993000E-05
  0.523599982      -2.86054583E-05
  0.524699986      -2.73891364E-05
  0.525799990      -2.62437898E-05
  0.526899993      -2.51618785E-05
  0.527999997      -2.41367634E-05
  0.529100001      -2.31640697E-05
  0.530200005      -2.22414219E-05
  0.531300008      -2.13668900E-05
  0.532400012      -2.05374836E-05
  0.533500016      -1.97490062E-05
  0.534600019      -1.89972034E-05
  0.535700023      -1.82790991E-05
  0.536800027      -1.75932073E-05
  0.537899971      -1.69384093E-05
  0.538999975      -1.63125806E-05
  0.540099978      -1.57121758E-05
  0.541199982      -1.51330587E-05
  0.542299986      -1.45716540E-05
  0.543399990      -1.40253060E-05
  0.544499993      -1.34915099E-05
  0.545599997      -1.29669934E-05
  0.546700001      -1.24476110E-05
  0.547800004      -1.19290498E-05
  0.548900008      -1.14073555E-05
