   0.00000000       0.00000000
   1.09999999E-03   0.00000000
   2.19999999E-03   0.00000000
   3.29999998E-03   0.00000000
   4.39999998E-03   0.00000000
   5.49999997E-03   0.00000000
   6.59999996E-03   0.00000000
   7.69999996E-03   0.00000000
   8.79999995E-03   0.00000000
   9.89999995E-03   0.00000000
   1.09999999E-02   0.00000000
   1.20999999E-02   0.00000000
   1.31999999E-02   0.00000000
   1.42999999E-02   0.00000000
   1.53999999E-02   0.00000000
   1.64999999E-02   0.00000000
   1.75999999E-02   0.00000000
   1.86999999E-02   0.00000000
   1.97999999E-02   0.00000000
   2.08999999E-02   0.00000000
   2.19999999E-02  -4.20389539E-44
   2.30999999E-02  -9.64093343E-43
   2.41999999E-02  -8.11912330E-42
   2.52999999E-02  -2.21895612E-41
   2.63999999E-02   1.23280634E-40
   2.74999999E-02   1.31255984E-39
   2.85999998E-02   4.49339665E-39
   2.96999998E-02  -2.04150969E-40
   3.07999998E-02  -6.39954287E-38
   3.18999998E-02  -2.58813840E-37
   3.29999998E-02  -3.01846438E-37
   3.40999998E-02   1.41044076E-36
   3.51999998E-02   7.53450912E-36
   3.62999998E-02   1.36330512E-35
   3.73999998E-02  -1.24304280E-35
   3.84999998E-02  -1.32054140E-34
   3.95999998E-02  -3.12834449E-34
   4.06999998E-02  -1.06675952E-34
   4.17999998E-02   1.47418765E-33
   4.28999998E-02   4.58529490E-33
   4.39999998E-02   4.68445372E-33
   4.50999998E-02  -9.97698038E-33
   4.61999997E-02  -4.66421876E-32
   4.72999997E-02  -7.11065702E-32
   4.83999997E-02   2.44200929E-32
   4.94999997E-02   3.42508562E-31
   5.05999997E-02   6.90429851E-31
   5.16999997E-02   2.74633308E-31
   5.27999997E-02  -1.86824383E-30
   5.38999997E-02  -4.93058792E-30
   5.49999997E-02  -3.99267734E-30
   5.60999997E-02   7.99276650E-30
   5.71999997E-02   2.86585658E-29
   5.82999997E-02   3.07265511E-29
   5.93999997E-02  -3.02942371E-29
   6.04999997E-02  -1.52763403E-28
   6.15999997E-02  -1.94665873E-28
   6.27000034E-02   1.06582925E-28
   6.37999997E-02   8.09758497E-28
   6.48999959E-02   1.22525554E-27
   6.59999996E-02  -1.34036033E-28
   6.71000034E-02  -4.04349454E-27
   6.81999996E-02  -7.60591797E-27
   6.92999959E-02  -3.02971545E-27
   7.03999996E-02   1.63368055E-26
   7.15000033E-02   4.13929923E-26
   7.25999996E-02   3.65088987E-26
   7.36999959E-02  -4.14921392E-26
   7.47999996E-02  -1.80144708E-25
   7.59000033E-02  -2.44220342E-25
   7.69999996E-02  -1.27608913E-26
   7.80999959E-02   5.87431485E-25
   7.91999996E-02   1.15161297E-24
   8.03000033E-02   7.65873597E-25
   8.13999996E-02  -1.27065711E-24
   8.24999958E-02  -4.10129297E-24
   8.35999995E-02  -4.61027155E-24
   8.47000033E-02   7.68584320E-25
   8.57999995E-02   1.13802234E-23
   8.68999958E-02   1.83279509E-23
   8.79999995E-02   7.77056075E-24
   8.91000032E-02  -2.49015431E-23
   9.01999995E-02  -5.83054794E-23
   9.12999958E-02  -4.69448506E-23
   9.23999995E-02   4.07129504E-23
   9.35000032E-02   1.63241259E-22
   9.45999995E-02   1.87447891E-22
   9.56999958E-02  -2.19992386E-23
   9.67999995E-02  -4.17709372E-22
   9.79000032E-02  -6.48305531E-22
   9.89999995E-02  -2.31048625E-22
  0.100099996       9.25656202E-22
  0.101199999       2.01374273E-21
  0.102300003       1.52519049E-21
  0.103399999      -1.43343463E-21
  0.104499996      -5.39896424E-21
  0.105599999      -6.25766172E-21
  0.106700003      -8.40212973E-23
  0.107799999       1.17398578E-20
  0.108899996       1.96219520E-20
  0.109999999       1.06098531E-20
  0.111100003      -1.85453716E-20
  0.112199999      -4.94775369E-20
  0.113299996      -4.69695188E-20
  0.114399999       1.21636748E-20
  0.115500003       1.02152683E-19
  0.116599999       1.41476293E-19
  0.117699996       4.70440847E-20
  0.118799999      -1.69629295E-19
  0.119900003      -3.47057947E-19
  0.120999999      -2.53700843E-19
  0.122099996       1.93973763E-19
  0.123199999       7.31881289E-19
  0.124300003       8.10899423E-19
  0.125400007       2.87558548E-20
  0.126499996      -1.31438627E-18
  0.127599999      -2.08737911E-18
  0.128700003      -1.05268339E-18
  0.129799992       1.82012801E-18
  0.130899996       4.54844823E-18
  0.131999999       4.05665626E-18
  0.133100003      -1.12656282E-18
  0.134200007      -8.28081743E-18
  0.135299996      -1.09206519E-17
  0.136399999      -3.56029454E-18
  0.137500003       1.18173471E-17
  0.138599992       2.35901008E-17
  0.139699996       1.73937968E-17
  0.140799999      -1.02218323E-17
  0.141900003      -4.21926037E-17
  0.143000007      -4.77635890E-17
  0.144099995      -7.30985628E-18
  0.145199999       6.14477802E-17
  0.146300003       1.02537110E-16
  0.147399992       6.00314881E-17
  0.148499995      -6.44286876E-17
  0.149599999      -1.84810400E-16
  0.150700003      -1.77269146E-16
  0.151800007       1.21133958E-17
  0.152899995       2.79367718E-16
  0.153999999       3.93374912E-16
  0.155100003       1.69332209E-16
  0.156199992      -3.24900451E-16
  0.157299995      -7.22449330E-16
  0.158399999      -5.88936132E-16
  0.159500003       1.77232300E-16
  0.160600007       1.10098348E-15
  0.161699995       1.35168808E-15
  0.162799999       4.06575709E-16
  0.163900003      -1.31296407E-15
  0.164999992      -2.46719183E-15
  0.166099995      -1.72724513E-15
  0.167199999       9.38824108E-16
  0.168300003       3.73206232E-15
  0.169400007       4.04712977E-15
  0.170499995       6.59066278E-16
  0.171599999      -4.59524268E-15
  0.172700003      -7.43942261E-15
  0.173799992      -4.32784962E-15
  0.174899995       3.94200663E-15
  0.175999999       1.14497636E-14
  0.177100003       1.09317708E-14
  0.178200006       1.21014221E-16
  0.179299995      -1.44502601E-14
  0.180399999      -2.05995363E-14
  0.181500003      -9.93730414E-15
  0.182599992       1.31589668E-14
  0.183699995       3.15308760E-14
  0.184799999       2.70148504E-14
  0.185900003      -3.22473299E-15
  0.187000006      -3.94687335E-14
  0.188099995      -5.07036091E-14
  0.189199999      -1.95226525E-14
  0.190300003       3.81200842E-14
  0.191399992       7.78062239E-14
  0.192499995       5.87502865E-14
  0.193599999      -1.84036780E-14
  0.194700003      -1.00713559E-13
  0.195800006      -1.16144236E-13
  0.196899995      -3.28097230E-14
  0.197999999       1.01996042E-13
  0.199100003       1.83141574E-13
  0.200199991       1.25812961E-13
  0.201299995      -5.46645994E-14
  0.202399999      -2.31655705E-13
  0.203500003      -2.51269437E-13
  0.204600006      -6.03343737E-14
  0.205699995       2.23898265E-13
  0.206799999       3.76966037E-13
  0.207900003       2.38278635E-13
  0.208999991      -1.35194278E-13
  0.210099995      -4.70565264E-13
  0.211199999      -4.68629530E-13
  0.212300003      -5.73960977E-14
  0.213400006       4.96608505E-13
  0.214499995       7.45721464E-13
  0.215599999       4.07730436E-13
  0.216700003      -3.57355286E-13
  0.217799991      -9.91971804E-13
  0.218899995      -9.33541872E-13
  0.219999999      -8.92237469E-14
  0.221100003       9.94312705E-13
  0.222200006       1.46788170E-12
  0.223299995       8.33723823E-13
  0.224399999      -5.76201034E-13
  0.225500003      -1.73110094E-12
  0.226599991      -1.63940595E-12
  0.227699995      -1.81510636E-13
  0.228799999       1.64348472E-12
  0.229900002       2.36349677E-12
  0.231000006       1.18366796E-12
  0.232099995      -1.23351785E-12
  0.233199999      -3.07035712E-12
  0.234300002      -2.66805436E-12
  0.235399991       6.89842674E-14
  0.236499995       3.32517889E-12
  0.237599999       4.54075970E-12
  0.238700002       2.37758641E-12
  0.239800006      -2.00025977E-12
  0.240899995      -5.48200244E-12
  0.241999999      -5.22590044E-12
  0.243100002      -9.78648477E-13
  0.244199991       4.37015658E-12
  0.245299995       6.69980911E-12
  0.246399999       3.83086531E-12
  0.247500002      -2.44462480E-12
  0.248600006      -7.28844936E-12
  0.249699995      -6.36227616E-12
  0.250800014       5.19760287E-13
  0.251899987       8.59046081E-12
  0.252999991       1.12468455E-11
  0.254099995       5.13112209E-12
  0.255199999      -6.63932928E-12
  0.256300002      -1.59493946E-11
  0.257400006      -1.53435684E-11
  0.258500010      -3.92470865E-12
  0.259599984       1.11482082E-11
  0.260699987       1.92911399E-11
  0.261799991       1.43245303E-11
  0.262899995      -3.21876233E-13
  0.263999999      -1.34508064E-11
  0.265100002      -1.43107817E-11
  0.266200006      -1.34245132E-12
  0.267300010       1.54909332E-11
  0.268400013       2.14248150E-11
  0.269499987       8.36888978E-12
  0.270599991      -1.74857611E-11
  0.271699995      -3.85062815E-11
  0.272799999      -3.79488663E-11
  0.273900002      -1.31595776E-11
  0.275000006       2.06943802E-11
  0.276100010       4.04241501E-11
  0.277199984       3.20002323E-11
  0.278299987       2.45325201E-12
  0.279399991      -2.34352919E-11
  0.280499995      -2.07552101E-11
  0.281599998       1.57697813E-11
  0.282700002       6.49791748E-11
  0.283800006       9.19767040E-11
  0.284900010       7.23994406E-11
  0.286000013       1.06670662E-11
  0.287099987      -6.21927648E-11
  0.288199991      -1.10816606E-10
  0.289299995      -1.21745544E-10
  0.290399998      -1.12942433E-10
  0.291500002      -1.17250570E-10
  0.292600006      -1.50371104E-10
  0.293700010      -1.87629245E-10
  0.294799984      -1.69918954E-10
  0.295899987      -3.90318125E-11
  0.296999991       2.19854634E-10
  0.298099995       5.58330215E-10
  0.299199998       8.82927120E-10
  0.300300002       1.09951603E-09
  0.301400006       1.15198528E-09
  0.302500010       1.02616504E-09
  0.303600013       7.15357773E-10
  0.304699987       1.73702580E-10
  0.305799991      -7.04990177E-10
  0.306899995      -2.06279527E-09
  0.307999998      -4.02275946E-09
  0.309100002      -6.64567956E-09
  0.310200006      -9.93762761E-09
  0.311300009      -1.39135858E-08
  0.312399983      -1.86813942E-08
  0.313499987      -2.44923779E-08
  0.314599991      -3.17263407E-08
  0.315699995      -4.08255332E-08
  0.316799998      -5.22317904E-08
  0.317900002      -6.63823769E-08
  0.319000006      -8.37799092E-08
  0.320100009      -1.05098351E-07
  0.321200013      -1.31259696E-07
  0.322299987      -1.63437377E-07
  0.323399991      -2.03000141E-07
  0.324499995      -2.51460364E-07
  0.325599998      -3.10495864E-07
  0.326700002      -3.82064883E-07
  0.327800006      -4.68568146E-07
  0.328900009      -5.72974500E-07
  0.329999983      -6.98849362E-07
  0.331099987      -8.50303024E-07
  0.332199991      -1.03193770E-06
  0.333299994      -1.24888834E-06
  0.334399998      -1.50699270E-06
  0.335500002      -1.81303812E-06
  0.336600006      -2.17497768E-06
  0.337700009      -2.60203274E-06
  0.338800013      -3.10468090E-06
  0.339899987      -3.69461736E-06
  0.340999991      -4.38480902E-06
  0.342099994      -5.18968272E-06
  0.343199998      -6.12540680E-06
  0.344300002      -7.21012384E-06
  0.345400006      -8.46402691E-06
  0.346500009      -9.90929220E-06
  0.347599983      -1.15699540E-05
  0.348699987      -1.34718766E-05
  0.349799991      -1.56428978E-05
  0.350899994      -1.81130399E-05
  0.351999998      -2.09146729E-05
  0.353100002      -2.40824738E-05
  0.354200006      -2.76531282E-05
  0.355300009      -3.16649275E-05
  0.356400013      -3.61573730E-05
  0.357499987      -4.11708861E-05
  0.358599991      -4.67466671E-05
  0.359699994      -5.29264798E-05
  0.360799998      -5.97522085E-05
  0.361900002      -6.72650494E-05
  0.363000005      -7.55044603E-05
  0.364100009      -8.45073300E-05
  0.365199983      -9.43072009E-05
  0.366299987      -1.04933781E-04
  0.367399991      -1.16412208E-04
  0.368499994      -1.28762040E-04
  0.369599998      -1.41995843E-04
  0.370700002      -1.56117603E-04
  0.371800005      -1.71121515E-04
  0.372900009      -1.86990976E-04
  0.374000013      -2.03697768E-04
  0.375099987      -2.21201364E-04
  0.376199991      -2.39447865E-04
  0.377299994      -2.58369080E-04
  0.378399998      -2.77881336E-04
  0.379500002      -2.97884952E-04
  0.380600005      -3.18264094E-04
  0.381700009      -3.38886603E-04
  0.382799983      -3.59604397E-04
  0.383899987      -3.80253565E-04
  0.384999990      -4.00654797E-04
  0.386099994      -4.20614844E-04
  0.387199998      -4.39927127E-04
  0.388300002      -4.58373397E-04
  0.389400005      -4.75725508E-04
  0.390500009      -4.91748040E-04
  0.391600013      -5.06201235E-04
  0.392699987      -5.18843997E-04
  0.393799990      -5.29437209E-04
  0.394899994      -5.37745771E-04
  0.395999998      -5.43541682E-04
  0.397100002      -5.46608004E-04
  0.398200005      -5.46743104E-04
  0.399300009      -5.43764967E-04
  0.400399983      -5.37514628E-04
  0.401499987      -5.27859200E-04
  0.402599990      -5.14694548E-04
  0.403699994      -4.97947796E-04
  0.404799998      -4.77580179E-04
  0.405900002      -4.53590037E-04
  0.407000005      -4.26015264E-04
  0.408100009      -3.94934585E-04
  0.409200013      -3.60467500E-04
  0.410299987      -3.22773849E-04
  0.411399990      -2.82052730E-04
  0.412499994      -2.38541339E-04
  0.413599998      -1.92513355E-04
  0.414700001      -1.44277583E-04
  0.415800005      -9.41749895E-05
  0.416900009      -4.25749058E-05
  0.417999983       1.01302794E-05
  0.419099987       6.35304241E-05
  0.420199990       1.17202530E-04
  0.421299994       1.70714848E-04
  0.422399998       2.23631330E-04
  0.423500001       2.75517115E-04
  0.424600005       3.25944915E-04
  0.425700009       3.74502386E-04
  0.426800013       4.20797209E-04
  0.427899987       4.64462151E-04
  0.428999990       5.05157688E-04
  0.430099994       5.42576658E-04
  0.431199998       5.76447288E-04
  0.432300001       6.06537506E-04
  0.433400005       6.32658775E-04
  0.434500009       6.54667499E-04
  0.435599983       6.72465074E-04
  0.436699986       6.85997366E-04
  0.437799990       6.95254654E-04
  0.438899994       7.00271397E-04
  0.439999998       7.01125769E-04
  0.441100001       6.97937154E-04
  0.442200005       6.90863410E-04
  0.443300009       6.80096331E-04
  0.444400012       6.65857922E-04
  0.445499986       6.48397487E-04
  0.446599990       6.27987436E-04
  0.447699994       6.04919624E-04
  0.448799998       5.79499116E-04
  0.449900001       5.52040467E-04
  0.451000005       5.22863003E-04
  0.452100009       4.92286810E-04
  0.453199983       4.60629788E-04
  0.454299986       4.28203086E-04
  0.455399990       3.95307608E-04
  0.456499994       3.62230465E-04
  0.457599998       3.29242990E-04
  0.458700001       2.96598300E-04
  0.459800005       2.64529255E-04
  0.460900009       2.33246363E-04
  0.462000012       2.02936775E-04
  0.463099986       1.73763765E-04
  0.464199990       1.45867074E-04
  0.465299994       1.19363162E-04
  0.466399997       9.43455962E-05
  0.467500001       7.08852967E-05
  0.468600005       4.90316379E-05
  0.469700009       2.88141655E-05
  0.470799983       1.02439590E-05
  0.471899986      -6.68508892E-06
  0.472999990      -2.19951980E-05
  0.474099994      -3.57230892E-05
  0.475199997      -4.79177252E-05
  0.476300001      -5.86376518E-05
  0.477400005      -6.79490986E-05
  0.478500009      -7.59249597E-05
  0.479600012      -8.26443575E-05
  0.480699986      -8.81917149E-05
  0.481799990      -9.26544817E-05
  0.482899994      -9.61201877E-05
  0.483999997      -9.86743034E-05
  0.485100001      -1.00399862E-04
  0.486200005      -1.01378660E-04
  0.487300009      -1.01691854E-04
  0.488399982      -1.01418977E-04
  0.489499986      -1.00635400E-04
  0.490599990      -9.94102520E-05
  0.491699994      -9.78062890E-05
  0.492799997      -9.58816236E-05
  0.493900001      -9.36915676E-05
  0.495000005      -9.12887481E-05
  0.496100008      -8.87213391E-05
  0.497200012      -8.60311047E-05
  0.498299986      -8.32531005E-05
  0.499399990      -8.04174197E-05
  0.500500023      -7.75514418E-05
  0.501600027      -7.46806909E-05
  0.502699971      -7.18280717E-05
  0.503799975      -6.90123998E-05
  0.504899979      -6.62478924E-05
  0.505999982      -6.35454053E-05
  0.507099986      -6.09141134E-05
  0.508199990      -5.83622641E-05
  0.509299994      -5.58965985E-05
  0.510399997      -5.35213185E-05
  0.511500001      -5.12380393E-05
  0.512600005      -4.90468701E-05
  0.513700008      -4.69478400E-05
  0.514800012      -4.49411673E-05
  0.515900016      -4.30263135E-05
  0.517000020      -4.12009176E-05
  0.518100023      -3.94608469E-05
  0.519199967      -3.78016703E-05
  0.520299971      -3.62203282E-05
  0.521399975      -3.47153946E-05
  0.522499979      -3.32856871E-05
  0.523599982      -3.19284700E-05
  0.524699986      -3.06389084E-05
  0.525799990      -2.94112706E-05
  0.526899993      -2.82408273E-05
  0.527999997      -2.71247736E-05
  0.529100001      -2.60614415E-05
  0.530200005      -2.50486864E-05
  0.531300008      -2.40829340E-05
  0.532400012      -2.31598460E-05
  0.533500016      -2.22759372E-05
  0.534600019      -2.14296379E-05
  0.535700023      -2.06207569E-05
  0.536800027      -1.98488542E-05
  0.537899971      -1.91119252E-05
  0.538999975      -1.84064575E-05
  0.540099978      -1.77286020E-05
  0.541199982      -1.70753610E-05
  0.542299986      -1.64447301E-05
  0.543399990      -1.58349085E-05
  0.544499993      -1.52434050E-05
  0.545599997      -1.46669217E-05
  0.546700001      -1.41019764E-05
  0.547800004      -1.35454729E-05
  0.548900008      -1.29945429E-05
