   0.00000000       0.00000000
   1.09999999E-03   0.00000000
   2.19999999E-03   0.00000000
   3.29999998E-03   0.00000000
   4.39999998E-03   0.00000000
   5.49999997E-03   0.00000000
   6.59999996E-03   0.00000000
   7.69999996E-03   0.00000000
   8.79999995E-03   0.00000000
   9.89999995E-03   0.00000000
   1.09999999E-02   0.00000000
   1.20999999E-02  -1.73265409E-26
   1.31999999E-02  -7.53289786E-25
   1.42999999E-02  -6.80875708E-24
   1.53999999E-02  -2.61051555E-23
   1.64999999E-02  -2.40849363E-23
   1.75999999E-02   2.04238928E-22
   1.86999999E-02   9.86337655E-22
   1.97999999E-02   1.70568500E-21
   2.08999999E-02  -1.52337972E-21
   2.19999999E-02  -1.52717397E-20
   2.30999999E-02  -3.53648728E-20
   2.41999999E-02  -1.94124265E-20
   2.52999999E-02   1.14727625E-19
   2.63999999E-02   3.80511250E-19
   2.74999999E-02   4.89080205E-19
   2.85999998E-02  -2.44237484E-19
   2.96999998E-02  -2.30158166E-18
   3.07999998E-02  -4.48187135E-18
   3.18999998E-02  -2.84519773E-18
   3.29999998E-02   7.01369419E-18
   3.40999998E-02   2.28068038E-17
   3.51999998E-02   2.84798417E-17
   3.62999998E-02  -2.35485086E-19
   3.73999998E-02  -6.86335974E-17
   3.84999998E-02  -1.29172855E-16
   3.95999998E-02  -8.66436619E-17
   4.06999998E-02   1.17072738E-16
   4.17999998E-02   3.74727773E-16
   4.28999998E-02   3.87685180E-16
   4.39999998E-02  -1.04406763E-16
   4.50999998E-02  -9.03880505E-16
   4.61999997E-02  -1.16567340E-15
   4.72999997E-02   4.25163953E-17
   4.83999997E-02   2.47537692E-15
   4.94999997E-02   3.84625591E-15
   5.05999997E-02   9.85223408E-16
   5.16999997E-02  -6.63193679E-15
   5.27999997E-02  -1.35603410E-14
   5.38999997E-02  -9.90170589E-15
   5.49999997E-02   1.00246036E-14
   5.60999997E-02   3.68272375E-14
   5.71999997E-02   4.48130573E-14
   5.82999997E-02   9.51535976E-15
   5.93999997E-02  -6.28929417E-14
   6.04999997E-02  -1.20474350E-13
   6.15999997E-02  -9.22950139E-14
   6.27000034E-02   4.56151501E-14
   6.37999997E-02   2.14794247E-13
   6.48999959E-02   2.58253895E-13
   6.59999996E-02   6.46647856E-14
   6.71000034E-02  -2.86458249E-13
   6.81999996E-02  -5.06507108E-13
   6.92999959E-02  -2.96270820E-13
   7.03999996E-02   3.38434115E-13
   7.15000033E-02   9.34098502E-13
   7.25999996E-02   8.28101802E-13
   7.36999959E-02  -2.40140535E-13
   7.47999996E-02  -1.65345764E-12
   7.59000033E-02  -2.12668446E-12
   7.69999996E-02  -7.05074562E-13
   7.80999959E-02   2.11769664E-12
   7.91999996E-02   4.24830744E-12
   8.03000033E-02   3.37254617E-12
   8.13999996E-02  -8.86881822E-13
   8.24999958E-02  -5.86271439E-12
   8.35999995E-02  -7.27073393E-12
   8.47000033E-02  -2.70306694E-12
   8.57999995E-02   5.47579994E-12
   8.68999958E-02   1.08262696E-11
   8.79999995E-02   7.62855924E-12
   8.91000032E-02  -3.51704950E-12
   9.01999995E-02  -1.43797144E-11
   9.12999958E-02  -1.46071176E-11
   9.23999995E-02  -8.24458557E-13
   9.35000032E-02   1.82366101E-11
   9.45999995E-02   2.64831837E-11
   9.56999958E-02   1.32902682E-11
   9.67999995E-02  -1.53949232E-11
   9.79000032E-02  -3.83324414E-11
   9.89999995E-02  -3.44324916E-11
  0.100099996      -1.53338366E-12
  0.101199999       3.77670638E-11
  0.102300003       5.11869505E-11
  0.103399999       2.33773105E-11
  0.104499996      -2.75371115E-11
  0.105599999      -6.01155514E-11
  0.106700003      -4.21734800E-11
  0.107799999       1.92403350E-11
  0.108899996       7.73244038E-11
  0.109999999       7.96030533E-11
  0.111100003       1.21973334E-11
  0.112199999      -8.24347535E-11
  0.113299996      -1.32930070E-10
  0.114399999      -9.38085026E-11
  0.115500003       1.54021899E-11
  0.116599999       1.20651600E-10
  0.117699996       1.48586421E-10
  0.118799999       8.38075165E-11
  0.119900003      -1.89381549E-11
  0.120999999      -7.96521668E-11
  0.122099996      -5.98717326E-11
  0.123199999       3.91668122E-12
  0.124300003       3.01950825E-11
  0.125400007      -3.58449589E-11
  0.126499996      -1.66131706E-10
  0.127599999      -2.56915822E-10
  0.128700003      -1.98909722E-10
  0.129799992       3.89904845E-11
  0.130899996       3.73308551E-10
  0.131999999       6.44085896E-10
  0.133100003       7.02487790E-10
  0.134200007       4.91075847E-10
  0.135299996       6.88704371E-11
  0.136399999      -4.27352820E-10
  0.137500003      -8.54084137E-10
  0.138599992      -1.11778742E-09
  0.139699996      -1.18608579E-09
  0.140799999      -1.05520237E-09
  0.141900003      -7.05457914E-10
  0.143000007      -8.67676070E-11
  0.144099995       8.40849612E-10
  0.145199999       2.02473172E-09
  0.146300003       3.24673066E-09
  0.147399992       4.12325152E-09
  0.148499995       4.20726964E-09
  0.149599999       3.15333137E-09
  0.150700003       8.48367987E-10
  0.151800007      -2.58703814E-09
  0.152899995      -6.94723790E-09
  0.153999999      -1.21567654E-08
  0.155100003      -1.84158484E-08
  0.156199992      -2.61873740E-08
  0.157299995      -3.60574113E-08
  0.158399999      -4.86034324E-08
  0.159500003      -6.44001048E-08
  0.160600007      -8.41766692E-08
  0.161699995      -1.09005093E-07
  0.162799999      -1.40358608E-07
  0.163900003      -1.79979224E-07
  0.164999992      -2.29658909E-07
  0.166099995      -2.91133489E-07
  0.167199999      -3.66230324E-07
  0.168300003      -4.57242322E-07
  0.169400007      -5.67342227E-07
  0.170499995      -7.00835926E-07
  0.171599999      -8.63178457E-07
  0.172700003      -1.06084622E-06
  0.173799992      -1.30124317E-06
  0.174899995      -1.59277329E-06
  0.175999999      -1.94507857E-06
  0.177100003      -2.36933920E-06
  0.178200006      -2.87851071E-06
  0.179299995      -3.48749290E-06
  0.180399999      -4.21327422E-06
  0.181500003      -5.07517416E-06
  0.182599992      -6.09526023E-06
  0.183699995      -7.29891462E-06
  0.184799999      -8.71549491E-06
  0.185900003      -1.03788834E-05
  0.187000006      -1.23277568E-05
  0.188099995      -1.46055854E-05
  0.189199999      -1.72604650E-05
  0.190300003      -2.03450763E-05
  0.191399992      -2.39170204E-05
  0.192499995      -2.80395616E-05
  0.193599999      -3.27824746E-05
  0.194700003      -3.82225699E-05
  0.195800006      -4.44437246E-05
  0.196899995      -5.15365973E-05
  0.197999999      -5.95983911E-05
  0.199100003      -6.87327483E-05
  0.200199991      -7.90498161E-05
  0.201299995      -9.06660644E-05
  0.202399999      -1.03703751E-04
  0.203500003      -1.18289659E-04
  0.204600006      -1.34553746E-04
  0.205699995      -1.52627894E-04
  0.206799999      -1.72644752E-04
  0.207900003      -1.94736407E-04
  0.208999991      -2.19032838E-04
  0.210099995      -2.45659845E-04
  0.211199999      -2.74736522E-04
  0.212300003      -3.06371774E-04
  0.213400006      -3.40661674E-04
  0.214499995      -3.77686694E-04
  0.215599999      -4.17508447E-04
  0.216700003      -4.60166542E-04
  0.217799991      -5.05675154E-04
  0.218899995      -5.54019527E-04
  0.219999999      -6.05152221E-04
  0.221100003      -6.58989477E-04
  0.222200006      -7.15407426E-04
  0.223299995      -7.74239830E-04
  0.224399999      -8.35275452E-04
  0.225500003      -8.98256025E-04
  0.226599991      -9.62874736E-04
  0.227699995      -1.02877431E-03
  0.228799999      -1.09554583E-03
  0.229900002      -1.16272911E-03
  0.231000006      -1.22981507E-03
  0.232099995      -1.29624770E-03
  0.233199999      -1.36142736E-03
  0.234300002      -1.42471341E-03
  0.235399991      -1.48542947E-03
  0.236499995      -1.54287100E-03
  0.237599999      -1.59631076E-03
  0.238700002      -1.64500636E-03
  0.239800006      -1.68820762E-03
  0.240899995      -1.72516669E-03
  0.241999999      -1.75514969E-03
  0.243100002      -1.77744695E-03
  0.244199991      -1.79138558E-03
  0.245299995      -1.79633836E-03
  0.246399999      -1.79173436E-03
  0.247500002      -1.77707023E-03
  0.248600006      -1.75192440E-03
  0.249699995      -1.71596732E-03
  0.250800014      -1.66896777E-03
  0.251899987      -1.61079981E-03
  0.252999991      -1.54144876E-03
  0.254099995      -1.46101846E-03
  0.255199999      -1.36973592E-03
  0.256300002      -1.26795343E-03
  0.257400006      -1.15614838E-03
  0.258500010      -1.03491929E-03
  0.259599984      -9.04982502E-04
  0.260699987      -7.67167250E-04
  0.261799991      -6.22410502E-04
  0.262899995      -4.71747335E-04
  0.263999999      -3.16297723E-04
  0.265100002      -1.57252100E-04
  0.266200006       4.14287979E-06
  0.267300010       1.66598809E-04
  0.268400013       3.28800321E-04
  0.269499987       4.89420316E-04
  0.270599991       6.47138571E-04
  0.271699995       8.00662034E-04
  0.272799999       9.48742963E-04
  0.273900002       1.09019305E-03
  0.275000006       1.22389407E-03
  0.276100010       1.34881190E-03
  0.277199984       1.46401138E-03
  0.278299987       1.56867318E-03
  0.279399991       1.66210567E-03
  0.280499995       1.74374902E-03
  0.281599998       1.81317655E-03
  0.282700002       1.87009573E-03
  0.283800006       1.91435206E-03
  0.284900010       1.94593426E-03
  0.286000013       1.96497049E-03
  0.287099987       1.97172072E-03
  0.288199991       1.96656445E-03
  0.289299995       1.94999529E-03
  0.290399998       1.92261499E-03
  0.291500002       1.88512739E-03
  0.292600006       1.83832610E-03
  0.293700010       1.78307947E-03
  0.294799984       1.72030996E-03
  0.295899987       1.65098184E-03
  0.296999991       1.57609419E-03
  0.298099995       1.49667345E-03
  0.299199998       1.41375861E-03
  0.300300002       1.32838625E-03
  0.301400006       1.24157500E-03
  0.302500010       1.15431927E-03
  0.303600013       1.06758415E-03
  0.304699987       9.82301426E-04
  0.305799991       8.99360050E-04
  0.306899995       8.19596869E-04
  0.307999998       7.43790995E-04
  0.309100002       6.72664610E-04
  0.310200006       6.06885529E-04
  0.311300009       5.47068717E-04
  0.312399983       4.93772794E-04
  0.313499987       4.47496277E-04
  0.314599991       4.08678054E-04
  0.315699995       3.77702498E-04
  0.316799998       3.54905584E-04
  0.317900002       3.40578059E-04
  0.319000006       3.34963726E-04
  0.320100009       3.38256883E-04
  0.321200013       3.50602844E-04
  0.322299987       3.72102193E-04
  0.323399991       4.02814971E-04
  0.324499995       4.42760240E-04
  0.325599998       4.91912360E-04
  0.326700002       5.50196622E-04
  0.327800006       6.17487822E-04
  0.328900009       6.93610287E-04
  0.329999983       7.78335729E-04
  0.331099987       8.71377299E-04
  0.332199991       9.72381036E-04
  0.333299994       1.08091871E-03
  0.334399998       1.19648525E-03
  0.335500002       1.31849840E-03
  0.336600006       1.44629774E-03
  0.337700009       1.57913950E-03
  0.338800013       1.71618839E-03
  0.339899987       1.85651344E-03
  0.340999991       1.99908810E-03
  0.342099994       2.14279606E-03
  0.343199998       2.28643510E-03
  0.344300002       2.42871954E-03
  0.345400006       2.56828079E-03
  0.346500009       2.70367251E-03
  0.347599983       2.83338362E-03
  0.348699987       2.95585603E-03
  0.349799991       3.06950253E-03
  0.350899994       3.17271915E-03
  0.351999998       3.26389610E-03
  0.353100002       3.34143336E-03
  0.354200006       3.40376538E-03
  0.355300009       3.44938971E-03
  0.356400013       3.47689143E-03
  0.357499987       3.48496484E-03
  0.358599991       3.47242900E-03
  0.359699994       3.43824667E-03
  0.360799998       3.38154868E-03
  0.361900002       3.30166076E-03
  0.363000005       3.19812447E-03
  0.364100009       3.07071139E-03
  0.365199983       2.91943224E-03
  0.366299987       2.74454406E-03
  0.367399991       2.54656095E-03
  0.368499994       2.32626451E-03
  0.369599998       2.08470388E-03
  0.370700002       1.82319037E-03
  0.371800005       1.54328241E-03
  0.372900009       1.24677154E-03
  0.374000013       9.35668708E-04
  0.375099987       6.12189935E-04
  0.376199991       2.78734777E-04
  0.377299994      -6.21426880E-05
  0.378399998      -4.07766958E-04
  0.379500002      -7.55374378E-04
  0.380600005      -1.10214506E-03
  0.381700009      -1.44523487E-03
  0.382799983      -1.78181287E-03
  0.383899987      -2.10909965E-03
  0.384999990      -2.42440542E-03
  0.386099994      -2.72516417E-03
  0.387199998      -3.00896354E-03
  0.388300002      -3.27357301E-03
  0.389400005      -3.51697044E-03
  0.390500009      -3.73737211E-03
  0.391600013      -3.93325463E-03
  0.392699987      -4.10337094E-03
  0.393799990      -4.24675969E-03
  0.394899994      -4.36274894E-03
  0.395999998      -4.45096381E-03
  0.397100002      -4.51132469E-03
  0.398200005      -4.54404764E-03
  0.399300009      -4.54963185E-03
  0.400399983      -4.52884426E-03
  0.401499987      -4.48269863E-03
  0.402599990      -4.41243732E-03
  0.403699994      -4.31950996E-03
  0.404799998      -4.20554960E-03
  0.405900002      -4.07234346E-03
  0.407000005      -3.92179890E-03
  0.408100009      -3.75591405E-03
  0.409200013      -3.57675296E-03
  0.410299987      -3.38641787E-03
  0.411399990      -3.18702287E-03
  0.412499994      -2.98066344E-03
  0.413599998      -2.76938756E-03
  0.414700001      -2.55517219E-03
  0.415800005      -2.33990350E-03
  0.416900009      -2.12536147E-03
  0.417999983      -1.91320549E-03
  0.419099987      -1.70495920E-03
  0.420199990      -1.50199921E-03
  0.421299994      -1.30554812E-03
  0.422399998      -1.11667218E-03
  0.423500001      -9.36280936E-04
  0.424600005      -7.65125616E-04
  0.425700009      -6.03800989E-04
  0.426800013      -4.52749984E-04
  0.427899987      -3.12272983E-04
  0.428999990      -1.82539035E-04
  0.430099994      -6.35958349E-05
  0.431199998       4.46220183E-05
  0.432300001       1.42284349E-04
  0.433400005       2.29652826E-04
  0.434500009       3.07065580E-04
  0.435599983       3.74922616E-04
  0.436699986       4.33675450E-04
  0.437799990       4.83820011E-04
  0.438899994       5.25889103E-04
  0.439999998       5.60440531E-04
  0.441100001       5.88043011E-04
  0.442200005       6.09264302E-04
  0.443300009       6.24665583E-04
  0.444400012       6.34800352E-04
  0.445499986       6.40212384E-04
  0.446599990       6.41429448E-04
  0.447699994       6.38953235E-04
  0.448799998       6.33252959E-04
  0.449900001       6.24765700E-04
  0.451000005       6.13901357E-04
  0.452100009       6.01045787E-04
  0.453199983       5.86557842E-04
  0.454299986       5.70763077E-04
  0.455399990       5.53950842E-04
  0.456499994       5.36377484E-04
  0.457599998       5.18273038E-04
  0.458700001       4.99845541E-04
  0.459800005       4.81279072E-04
  0.460900009       4.62730008E-04
  0.462000012       4.44326521E-04
  0.463099986       4.26175015E-04
  0.464199990       4.08368069E-04
  0.465299994       3.90988105E-04
  0.466399997       3.74104275E-04
  0.467500001       3.57767305E-04
  0.468600005       3.42009211E-04
  0.469700009       3.26849346E-04
  0.470799983       3.12301825E-04
  0.471899986       2.98377883E-04
  0.472999990       2.85082264E-04
  0.474099994       2.72408652E-04
  0.475199997       2.60341098E-04
  0.476300001       2.48860888E-04
  0.477400005       2.37952743E-04
  0.478500009       2.27604265E-04
  0.479600012       2.17799330E-04
  0.480699986       2.08512647E-04
  0.481799990       1.99711794E-04
  0.482899994       1.91365747E-04
  0.483999997       1.83451397E-04
  0.485100001       1.75951995E-04
  0.486200005       1.68849379E-04
  0.487300009       1.62118042E-04
  0.488399982       1.55727306E-04
  0.489499986       1.49649524E-04
  0.490599990       1.43865516E-04
  0.491699994       1.38361749E-04
  0.492799997       1.33122274E-04
  0.493900001       1.28124084E-04
  0.495000005       1.23341044E-04
  0.496100008       1.18752723E-04
  0.497200012       1.14348884E-04
  0.498299986       1.10125024E-04
  0.499399990       1.06073428E-04
  0.500500023       1.02179030E-04
  0.501600027       9.84243379E-05
  0.502699971       9.47984445E-05
  0.503799975       9.13005788E-05
  0.504899979       8.79343934E-05
  0.505999982       8.46989496E-05
  0.507099986       8.15855674E-05
  0.508199990       7.85838783E-05
  0.509299994       7.56907320E-05
  0.510399997       7.29127787E-05
  0.511500001       7.02601465E-05
  0.512600005       6.77376738E-05
  0.513700008       6.53426323E-05
  0.514800012       6.30706418E-05
  0.515900016       6.09228009E-05
  0.517000020       5.89059637E-05
  0.518100023       5.70254706E-05
  0.519199967       5.52779929E-05
  0.520299971       5.36522930E-05
  0.521399975       5.21374714E-05
  0.522499979       5.07302830E-05
  0.523599982       4.94337837E-05
  0.524699986       4.82486394E-05
  0.525799990       4.71660423E-05
  0.526899993       4.61695126E-05
  0.527999997       4.52435270E-05
  0.529100001       4.43798635E-05
  0.530200005       4.35749098E-05
  0.531300008       4.28210333E-05
  0.532400012       4.21015138E-05
  0.533500016       4.13950984E-05
  0.534600019       4.06860672E-05
  0.535700023       3.99697892E-05
  0.536800027       3.92480870E-05
  0.537899971       3.85191925E-05
  0.538999975       3.77726683E-05
  0.540099978       3.69945119E-05
  0.541199982       3.61771381E-05
  0.542299986       3.53239084E-05
  0.543399990       3.44435321E-05
  0.544499993       3.35403165E-05
  0.545599997       3.26104564E-05
  0.546700001       3.16482947E-05
  0.547800004       3.06560542E-05
  0.548900008       2.96468224E-05
