   0.00000000       0.00000000
   1.09999999E-03   0.00000000
   2.19999999E-03   2.57633292E-09
   3.29999998E-03   8.07686984E-09
   4.39999998E-03   1.14302701E-08
   5.49999997E-03   6.65301148E-09
   6.59999996E-03  -4.54933957E-09
   7.69999996E-03  -1.05854152E-08
   8.79999995E-03   6.62087274E-10
   9.89999995E-03   2.87888966E-08
   1.09999999E-02   5.81309614E-08
   1.20999999E-02   7.02894951E-08
   1.31999999E-02   6.10385698E-08
   1.42999999E-02   4.51110331E-08
   1.53999999E-02   4.40262724E-08
   1.64999999E-02   6.95415636E-08
   1.75999999E-02   1.19921353E-07
   1.86999999E-02   1.92530564E-07
   1.97999999E-02   2.98520149E-07
   2.08999999E-02   4.62789359E-07
   2.19999999E-02   7.08298160E-07
   2.30999999E-02   1.04136075E-06
   2.41999999E-02   1.45456306E-06
   2.52999999E-02   1.94572772E-06
   2.63999999E-02   2.53411736E-06
   2.74999999E-02   3.25756787E-06
   2.85999998E-02   4.15435443E-06
   2.96999998E-02   5.25000405E-06
   3.07999998E-02   6.56424345E-06
   3.18999998E-02   8.13189854E-06
   3.29999998E-02   1.00167617E-05
   3.40999998E-02   1.23053169E-05
   3.51999998E-02   1.50894166E-05
   3.62999998E-02   1.84594610E-05
   3.73999998E-02   2.25183594E-05
   3.84999998E-02   2.74035465E-05
   3.95999998E-02   3.32947093E-05
   4.06999998E-02   4.03999802E-05
   4.17999998E-02   4.89373924E-05
   4.28999998E-02   5.91353310E-05
   4.39999998E-02   7.12571054E-05
   4.50999998E-02   8.56297411E-05
   4.61999997E-02   1.02652448E-04
   4.72999997E-02   1.22781406E-04
   4.83999997E-02   1.46512495E-04
   4.94999997E-02   1.74385583E-04
   5.05999997E-02   2.07011253E-04
   5.16999997E-02   2.45096220E-04
   5.27999997E-02   2.89445888E-04
   5.38999997E-02   3.40947561E-04
   5.49999997E-02   4.00559773E-04
   5.60999997E-02   4.69327177E-04
   5.71999997E-02   5.48411568E-04
   5.82999997E-02   6.39109407E-04
   5.93999997E-02   7.42838369E-04
   6.04999997E-02   8.61103705E-04
   6.15999997E-02   9.95479873E-04
   6.27000034E-02   1.14762376E-03
   6.37999997E-02   1.31930283E-03
   6.48999959E-02   1.51240348E-03
   6.59999996E-02   1.72889908E-03
   6.71000034E-02   1.97079591E-03
   6.81999996E-02   2.24009366E-03
   6.92999959E-02   2.53877696E-03
   7.03999996E-02   2.86881928E-03
   7.15000033E-02   3.23216105E-03
   7.25999996E-02   3.63064767E-03
   7.36999959E-02   4.06594947E-03
   7.47999996E-02   4.53949533E-03
   7.59000033E-02   5.05243288E-03
   7.69999996E-02   5.60560310E-03
   7.80999959E-02   6.19948516E-03
   7.91999996E-02   6.83410466E-03
   8.03000033E-02   7.50893308E-03
   8.13999996E-02   8.22280254E-03
   8.24999958E-02   8.97384994E-03
   8.35999995E-02   9.75947920E-03
   8.47000033E-02   1.05762985E-02
   8.57999995E-02   1.14200274E-02
   8.68999958E-02   1.22854142E-02
   8.79999995E-02   1.31661883E-02
   8.91000032E-02   1.40550407E-02
   9.01999995E-02   1.49436248E-02
   9.12999958E-02   1.58225447E-02
   9.23999995E-02   1.66813564E-02
   9.35000032E-02   1.75085664E-02
   9.45999995E-02   1.82917044E-02
   9.56999958E-02   1.90174095E-02
   9.67999995E-02   1.96715519E-02
   9.79000032E-02   2.02393532E-02
   9.89999995E-02   2.07055137E-02
  0.100099996       2.10543908E-02
  0.101199999       2.12702043E-02
  0.102300003       2.13373080E-02
  0.103399999       2.12404355E-02
  0.104499996       2.09649671E-02
  0.105599999       2.04971824E-02
  0.106700003       1.98245514E-02
  0.107799999       1.89360566E-02
  0.108899996       1.78225357E-02
  0.109999999       1.64769702E-02
  0.111100003       1.48947602E-02
  0.112199999       1.30739501E-02
  0.113299996       1.10154757E-02
  0.114399999       8.72339215E-03
  0.115500003       6.20507495E-03
  0.116599999       3.47133633E-03
  0.117699996       5.36476262E-04
  0.118799999      -2.58173002E-03
  0.119900003      -5.86208142E-03
  0.120999999      -9.28003248E-03
  0.122099996      -1.28078368E-02
  0.123199999      -1.64148044E-02
  0.124300003      -2.00676285E-02
  0.125400007      -2.37307716E-02
  0.126499996      -2.73668859E-02
  0.127599999      -3.09372712E-02
  0.128700003      -3.44023779E-02
  0.129799992      -3.77223864E-02
  0.130899996      -4.08578068E-02
  0.131999999      -4.37701121E-02
  0.133100003      -4.64223512E-02
  0.134200007      -4.87796962E-02
  0.135299996      -5.08100428E-02
  0.136399999      -5.24845719E-02
  0.137500003      -5.37783094E-02
  0.138599992      -5.46705723E-02
  0.139699996      -5.51453643E-02
  0.140799999      -5.51916510E-02
  0.141900003      -5.48036210E-02
  0.143000007      -5.39808534E-02
  0.144099995      -5.27284481E-02
  0.145199999      -5.10569699E-02
  0.146300003      -4.89822924E-02
  0.147399992      -4.65253592E-02
  0.148499995      -4.37118784E-02
  0.149599999      -4.05719727E-02
  0.150700003      -3.71397585E-02
  0.151800007      -3.34528238E-02
  0.152899995      -2.95515843E-02
  0.153999999      -2.54786387E-02
  0.155100003      -2.12781131E-02
  0.156199992      -1.69950351E-02
  0.157299995      -1.26746753E-02
  0.158399999      -8.36187042E-03
  0.159500003      -4.10032598E-03
  0.160600007       6.80236990E-05
  0.161699995       4.10358002E-03
  0.162799999       7.96957035E-03
  0.163900003       1.16324695E-02
  0.164999992       1.50624020E-02
  0.166099995       1.82334855E-02
  0.167199999       2.11240817E-02
  0.168300003       2.37169378E-02
  0.169400007       2.59992406E-02
  0.170499995       2.79625691E-02
  0.171599999       2.96028368E-02
  0.172700003       3.09201628E-02
  0.173799992       3.19186896E-02
  0.174899995       3.26062888E-02
  0.175999999       3.29942256E-02
  0.177100003       3.30967754E-02
  0.178200006       3.29308584E-02
  0.179299995       3.25156637E-02
  0.180399999       3.18722129E-02
  0.181500003       3.10229380E-02
  0.182599992       2.99912225E-02
  0.183699995       2.88009960E-02
  0.184799999       2.74763610E-02
  0.185900003       2.60412507E-02
  0.187000006       2.45190989E-02
  0.188099995       2.29325332E-02
  0.189199999       2.13030800E-02
  0.190300003       1.96509454E-02
  0.191399992       1.79948565E-02
  0.192499995       1.63519252E-02
  0.193599999       1.47375548E-02
  0.194700003       1.31653734E-02
  0.195800006       1.16471779E-02
  0.196899995       1.01929354E-02
  0.197999999       8.81082192E-03
  0.199100003       7.50729954E-03
  0.200199991       6.28721109E-03
  0.201299995       5.15387254E-03
  0.202399999       4.10917448E-03
  0.203500003       3.15370085E-03
  0.204600006       2.28686677E-03
  0.205699995       1.50707422E-03
  0.206799999       8.11861653E-04
  0.207900003       1.98036374E-04
  0.208999991      -3.38206504E-04
  0.210099995      -8.01166636E-04
  0.211199999      -1.19551248E-03
  0.212300003      -1.52615795E-03
  0.213400006      -1.79814873E-03
  0.214499995      -2.01657531E-03
  0.215599999      -2.18650559E-03
  0.216700003      -2.31292425E-03
  0.217799991      -2.40067346E-03
  0.218899995      -2.45439145E-03
  0.219999999      -2.47846404E-03
  0.221100003      -2.47700163E-03
  0.222200006      -2.45383009E-03
  0.223299995      -2.41248729E-03
  0.224399999      -2.35621096E-03
  0.225500003      -2.28792569E-03
  0.226599991      -2.21024011E-03
  0.227699995      -2.12546368E-03
  0.228799999      -2.03563436E-03
  0.229900002      -1.94253959E-03
  0.231000006      -1.84772676E-03
  0.232099995      -1.75250578E-03
  0.233199999      -1.65795838E-03
  0.234300002      -1.56496535E-03
  0.235399991      -1.47424266E-03
  0.236499995      -1.38637167E-03
  0.237599999      -1.30181015E-03
  0.238700002      -1.22089032E-03
  0.239800006      -1.14382373E-03
  0.240899995      -1.07072340E-03
  0.241999999      -1.00163813E-03
  0.243100002      -9.36576282E-04
  0.244199991      -8.75509810E-04
  0.245299995      -8.18364322E-04
  0.246399999      -7.65013916E-04
  0.247500002      -7.15295144E-04
  0.248600006      -6.69031928E-04
  0.249699995      -6.26053545E-04
  0.250800014      -5.86193055E-04
  0.251899987      -5.49273624E-04
  0.252999991      -5.15100546E-04
  0.254099995      -4.83471958E-04
  0.255199999      -4.54196823E-04
  0.256300002      -4.27105231E-04
  0.257400006      -4.02040896E-04
  0.258500010      -3.78846424E-04
  0.259599984      -3.57358862E-04
  0.260699987      -3.37420963E-04
  0.261799991      -3.18896229E-04
  0.262899995      -3.01671738E-04
  0.263999999      -2.85644812E-04
  0.265100002      -2.70707678E-04
  0.266200006      -2.56746891E-04
  0.267300010      -2.43659335E-04
  0.268400013      -2.31367521E-04
  0.269499987      -2.19818059E-04
  0.270599991      -2.08964178E-04
  0.271699995      -1.98749942E-04
  0.272799999      -1.89112674E-04
  0.273900002      -1.80000818E-04
  0.275000006      -1.71386870E-04
  0.276100010      -1.63260469E-04
  0.277199984      -1.55606322E-04
  0.278299987      -1.48389736E-04
  0.279399991      -1.41565106E-04
  0.280499995      -1.35098919E-04
  0.281599998      -1.28983622E-04
  0.282700002      -1.23227001E-04
  0.283800006      -1.17827200E-04
  0.284900010      -1.12758324E-04
  0.286000013      -1.07981396E-04
  0.287099987      -1.03469101E-04
  0.288199991      -9.92175919E-05
  0.289299995      -9.52332994E-05
  0.290399998      -9.15080964E-05
  0.291500002      -8.80100124E-05
  0.292600006      -8.46993571E-05
  0.293700010      -8.15540552E-05
  0.294799984      -7.85773518E-05
  0.295899987      -7.57794187E-05
  0.296999991      -7.31522523E-05
  0.298099995      -7.06642677E-05
  0.299199998      -6.82808459E-05
  0.300300002      -6.59893922E-05
  0.301400006      -6.38021738E-05
  0.302500010      -6.17333935E-05
  0.303600013      -5.97746293E-05
  0.304699987      -5.78950276E-05
  0.305799991      -5.60666449E-05
  0.306899995      -5.42884809E-05
  0.307999998      -5.25828145E-05
  0.309100002      -5.09664715E-05
  0.310200006      -4.94264605E-05
  0.311300009      -4.79260816E-05
  0.312399983      -4.64366494E-05
  0.313499987      -4.49624131E-05
  0.314599991      -4.35325164E-05
  0.315699995      -4.21674667E-05
  0.316799998      -4.08539890E-05
  0.317900002      -3.95546704E-05
  0.319000006      -3.82428734E-05
  0.320100009      -3.69279842E-05
  0.321200013      -3.56447345E-05
  0.322299987      -3.44178152E-05
  0.323399991      -3.32374730E-05
  0.324499995      -3.20707077E-05
  0.325599998      -3.08964190E-05
  0.326700002      -2.97285369E-05
  0.327800006      -2.86041159E-05
  0.328900009      -2.75493330E-05
  0.329999983      -2.65584677E-05
  0.331099987      -2.56066960E-05
  0.332199991      -2.46820528E-05
  0.333299994      -2.38026732E-05
  0.334399998      -2.30014630E-05
  0.335500002      -2.22946674E-05
  0.336600006      -2.16672488E-05
  0.337700009      -2.10896542E-05
  0.338800013      -2.05475772E-05
  0.339899987      -2.00534269E-05
  0.340999991      -1.96282217E-05
  0.342099994      -1.92740245E-05
  0.343199998      -1.89664061E-05
  0.344300002      -1.86747639E-05
  0.345400006      -1.83883458E-05
  0.346500009      -1.81200667E-05
  0.347599983      -1.78841619E-05
  0.348699987      -1.76717658E-05
  0.349799991      -1.74509059E-05
  0.350899994      -1.71916618E-05
  0.351999998      -1.68902861E-05
  0.353100002      -1.65672609E-05
  0.354200006      -1.62414235E-05
  0.355300009      -1.59075335E-05
  0.356400013      -1.55409380E-05
  0.357499987      -1.51242839E-05
  0.358599991      -1.46680586E-05
  0.359699994      -1.42031604E-05
  0.360799998      -1.37530315E-05
  0.361900002      -1.33140420E-05
  0.363000005      -1.28640804E-05
  0.364100009      -1.23898844E-05
  0.365199983      -1.19044998E-05
  0.366299987      -1.14372797E-05
  0.367399991      -1.10076744E-05
  0.368499994      -1.06106663E-05
  0.369599998      -1.02283720E-05
  0.370700002      -9.85433326E-06
  0.371800005      -9.50365120E-06
  0.372900009      -9.19785634E-06
  0.374000013      -8.94070035E-06
  0.375099987      -8.71128941E-06
  0.376199991      -8.48270338E-06
  0.377299994      -8.24732342E-06
  0.378399998      -8.02269915E-06
  0.379500002      -7.83199721E-06
  0.380600005      -7.67944675E-06
  0.381700009      -7.54625489E-06
  0.382799983      -7.41072563E-06
  0.383899987      -7.27095539E-06
  0.384999990      -7.14586577E-06
  0.386099994      -7.05345610E-06
  0.387199998      -6.98939721E-06
  0.388300002      -6.92900494E-06
  0.389400005      -6.85130408E-06
  0.390500009      -6.76053060E-06
  0.391600013      -6.68249368E-06
  0.392699987      -6.63900437E-06
  0.393799990      -6.62593129E-06
  0.394899994      -6.61699823E-06
  0.395999998      -6.58908266E-06
  0.397100002      -6.54319501E-06
  0.398200005      -6.50013908E-06
  0.399300009      -6.47583920E-06
  0.400399983      -6.46179569E-06
  0.401499987      -6.43035173E-06
  0.402599990      -6.35905826E-06
  0.403699994      -6.24947279E-06
  0.404799998      -6.12202939E-06
  0.405900002      -5.99335044E-06
  0.407000005      -5.85940052E-06
  0.408100009      -5.70091379E-06
  0.409200013      -5.50428649E-06
  0.410299987      -5.27600423E-06
  0.411399990      -5.03644515E-06
  0.412499994      -4.80067411E-06
  0.413599998      -4.56661382E-06
  0.414700001      -4.32234356E-06
  0.415800005      -4.06388517E-06
  0.416900009      -3.80424103E-06
  0.417999983      -3.56437886E-06
  0.419099987      -3.35602795E-06
  0.420199990      -3.17449508E-06
  0.421299994      -3.00880970E-06
  0.422399998      -2.85807209E-06
  0.423500001      -2.73634691E-06
  0.424600005      -2.66045572E-06
  0.425700009      -2.63305333E-06
  0.426800013      -2.63868401E-06
  0.427899987      -2.65739595E-06
  0.428999990      -2.68250528E-06
  0.430099994      -2.72459488E-06
  0.431199998      -2.79745450E-06
  0.432300001      -2.89986815E-06
  0.433400005      -3.01158434E-06
  0.434500009      -3.10798123E-06
  0.435599983      -3.17954891E-06
  0.436699986      -3.23746872E-06
  0.437799990      -3.29981003E-06
  0.438899994      -3.37149413E-06
  0.439999998      -3.43695524E-06
  0.441100001      -3.47225887E-06
  0.442200005      -3.46517459E-06
  0.443300009      -3.42457702E-06
  0.444400012      -3.37103279E-06
  0.445499986      -3.31794445E-06
  0.446599990      -3.26090299E-06
  0.447699994      -3.18436605E-06
  0.448799998      -3.07860273E-06
  0.449900001      -2.95074642E-06
  0.451000005      -2.82015844E-06
  0.452100009      -2.70308578E-06
  0.453199983      -2.60087450E-06
  0.454299986      -2.50180415E-06
  0.455399990      -2.39355131E-06
  0.456499994      -2.27427518E-06
  0.457599998      -2.15278692E-06
  0.458700001      -2.03929608E-06
  0.459800005      -1.93654819E-06
  0.460900009      -1.83954330E-06
  0.462000012      -1.74287675E-06
  0.463099986      -1.64744222E-06
  0.464199990      -1.55975374E-06
  0.465299994      -1.48525123E-06
  0.466399997      -1.42291981E-06
  0.467500001      -1.36675908E-06
  0.468600005      -1.31220361E-06
  0.469700009      -1.26053510E-06
  0.470799983      -1.21684923E-06
  0.471899986      -1.18433627E-06
  0.472999990      -1.16164335E-06
  0.474099994      -1.14642717E-06
  0.475199997      -1.14086458E-06
  0.476300001      -1.15212504E-06
  0.477400005      -1.18595688E-06
  0.478500009      -1.23955681E-06
  0.479600012      -1.30191881E-06
  0.480699986      -1.36270251E-06
  0.481799990      -1.42139982E-06
  0.482899994      -1.48705908E-06
  0.483999997      -1.56769613E-06
  0.485100001      -1.65939264E-06
  0.486200005      -1.74651825E-06
  0.487300009      -1.81403334E-06
  0.488399982      -1.86026784E-06
  0.489499986      -1.89708942E-06
  0.490599990      -1.93629762E-06
  0.491699994      -1.97526151E-06
  0.492799997      -1.99646342E-06
  0.493900001      -1.98239968E-06
  0.495000005      -1.93168057E-06
  0.496100008      -1.86024170E-06
  0.497200012      -1.78590085E-06
  0.498299986      -1.71127215E-06
  0.499399990      -1.62222227E-06
  0.500500023      -1.50383437E-06
  0.501600027      -1.35822188E-06
  0.502699971      -1.20619916E-06
  0.503799975      -1.07073288E-06
  0.504899979      -9.58270675E-07
  0.505999982      -8.56246004E-07
  0.507099986      -7.48878961E-07
  0.508199990      -6.35146819E-07
  0.509299994      -5.31030082E-07
  0.510399997      -4.54417545E-07
  0.511500001      -4.08690596E-07
  0.512600005      -3.81725584E-07
  0.513700008      -3.60578866E-07
  0.514800012      -3.45712493E-07
  0.515900016      -3.49599020E-07
  0.517000020      -3.81486757E-07
  0.518100023      -4.35147172E-07
  0.519199967      -4.93220568E-07
  0.520299971      -5.43858846E-07
  0.521399975      -5.91795015E-07
  0.522499979      -6.51515791E-07
  0.523599982      -7.29390649E-07
  0.524699986      -8.13985878E-07
  0.525799990      -8.85545944E-07
  0.526899993      -9.35249204E-07
  0.527999997      -9.73721967E-07
  0.529100001      -1.01894057E-06
  0.530200005      -1.07555911E-06
  0.531300008      -1.12758244E-06
  0.532400012      -1.15319176E-06
  0.533500016      -1.14725458E-06
  0.534600019      -1.12806981E-06
  0.535700023      -1.12033683E-06
  0.536800027      -1.13087151E-06
  0.537899971      -1.14174168E-06
  0.538999975      -1.12825921E-06
  0.540099978      -1.08385552E-06
  0.541199982      -1.02654485E-06
  0.542299986      -9.80375034E-07
  0.543399990      -9.50982383E-07
  0.544499993      -9.20484069E-07
  0.545599997      -8.67006236E-07
  0.546700001      -7.88503598E-07
  0.547800004      -7.05935975E-07
  0.548900008      -6.42226837E-07
