   0.00000000       0.00000000
   1.09999999E-03   0.00000000
   2.19999999E-03   2.57169930E-09
   3.29999998E-03   8.06800582E-09
   4.39999998E-03   1.14432197E-08
   5.49999997E-03   6.73154243E-09
   6.59999996E-03  -4.40116832E-09
   7.69999996E-03  -1.04567874E-08
   8.79999995E-03   6.27749408E-10
   9.89999995E-03   2.85330728E-08
   1.09999999E-02   5.77944270E-08
   1.20999999E-02   7.01547407E-08
   1.31999999E-02   6.13079223E-08
   1.42999999E-02   4.57159821E-08
   1.53999999E-02   4.46612312E-08
   1.64999999E-02   6.98868377E-08
   1.75999999E-02   1.19797988E-07
   1.86999999E-02   1.91781467E-07
   1.97999999E-02   2.96720600E-07
   2.08999999E-02   4.59122987E-07
   2.19999999E-02   7.01802378E-07
   2.30999999E-02   1.03134562E-06
   2.41999999E-02   1.44076955E-06
   2.52999999E-02   1.92801667E-06
   2.63999999E-02   2.51197253E-06
   2.74999999E-02   3.22992742E-06
   2.85999998E-02   4.11995597E-06
   2.96999998E-02   5.20786398E-06
   3.07999998E-02   6.51370556E-06
   3.18999998E-02   8.07211018E-06
   3.29999998E-02   9.94606125E-06
   3.40999998E-02   1.22211341E-05
   3.51999998E-02   1.49887173E-05
   3.62999998E-02   1.83391312E-05
   3.73999998E-02   2.23749357E-05
   3.84999998E-02   2.72324141E-05
   3.95999998E-02   3.30895455E-05
   4.06999998E-02   4.01530451E-05
   4.17999998E-02   4.86404097E-05
   4.28999998E-02   5.87799805E-05
   4.39999998E-02   7.08344378E-05
   4.50999998E-02   8.51289515E-05
   4.61999997E-02   1.02060083E-04
   4.72999997E-02   1.22081707E-04
   4.83999997E-02   1.45688435E-04
   4.94999997E-02   1.73419350E-04
   5.05999997E-02   2.05883538E-04
   5.16999997E-02   2.43785005E-04
   5.27999997E-02   2.87926203E-04
   5.38999997E-02   3.39192484E-04
   5.49999997E-02   3.98541859E-04
   5.60999997E-02   4.67018486E-04
   5.71999997E-02   5.45782445E-04
   5.82999997E-02   6.36127603E-04
   5.93999997E-02   7.39469542E-04
   6.04999997E-02   8.57314386E-04
   6.15999997E-02   9.91240144E-04
   6.27000034E-02   1.14290800E-03
   6.37999997E-02   1.31408940E-03
   6.48999959E-02   1.50667399E-03
   6.59999996E-02   1.72264036E-03
   6.71000034E-02   1.96400494E-03
   6.81999996E-02   2.23278231E-03
   6.92999959E-02   2.53097364E-03
   7.03999996E-02   2.86057033E-03
   7.15000033E-02   3.22353258E-03
   7.25999996E-02   3.62173142E-03
   7.36999959E-02   4.05686861E-03
   7.47999996E-02   4.53041075E-03
   7.59000033E-02   5.04354900E-03
   7.69999996E-02   5.59716765E-03
   7.80999959E-02   6.19179429E-03
   7.91999996E-02   6.82750996E-03
   8.03000033E-02   7.50384806E-03
   8.13999996E-02   8.21971148E-03
   8.24999958E-02   8.97331536E-03
   8.35999995E-02   9.76213999E-03
   8.47000033E-02   1.05828727E-02
   8.57999995E-02   1.14313168E-02
   8.68999958E-02   1.23023102E-02
   8.79999995E-02   1.31896744E-02
   8.91000032E-02   1.40861925E-02
   9.01999995E-02   1.49836019E-02
   9.12999958E-02   1.58725921E-02
   9.23999995E-02   1.67427976E-02
   9.35000032E-02   1.75827984E-02
   9.45999995E-02   1.83801856E-02
   9.56999958E-02   1.91216450E-02
   9.67999995E-02   1.97930820E-02
   9.79000032E-02   2.03797352E-02
   9.89999995E-02   2.08662972E-02
  0.100099996       2.12370902E-02
  0.101199999       2.14762762E-02
  0.102300003       2.15681214E-02
  0.103399999       2.14972533E-02
  0.104499996       2.12489050E-02
  0.105599999       2.08091605E-02
  0.106700003       2.01652609E-02
  0.107799999       1.93059314E-02
  0.108899996       1.82217285E-02
  0.109999999       1.69053171E-02
  0.111100003       1.53517295E-02
  0.112199999       1.35586085E-02
  0.113299996       1.15264570E-02
  0.114399999       9.25888866E-03
  0.115500003       6.76282775E-03
  0.116599999       4.04862454E-03
  0.117699996       1.13009231E-03
  0.118799999      -1.97549257E-03
  0.119900003      -5.24740946E-03
  0.120999999      -8.66156351E-03
  0.122099996      -1.21906223E-02
  0.123199999      -1.58042703E-02
  0.124300003      -1.94695462E-02
  0.125400007      -2.31512226E-02
  0.126499996      -2.68122107E-02
  0.127599999      -3.04139741E-02
  0.128700003      -3.39170322E-02
  0.129799992      -3.72815542E-02
  0.130899996      -4.04679701E-02
  0.131999999      -4.34375927E-02
  0.133100003      -4.61532213E-02
  0.134200007      -4.85796779E-02
  0.135299996      -5.06843925E-02
  0.136399999      -5.24379835E-02
  0.137500003      -5.38148284E-02
  0.138599992      -5.47935441E-02
  0.139699996      -5.53573743E-02
  0.140799999      -5.54944426E-02
  0.141900003      -5.51980324E-02
  0.143000007      -5.44667728E-02
  0.144099995      -5.33047877E-02
  0.145199999      -5.17216511E-02
  0.146300003      -4.97322716E-02
  0.147399992      -4.73566316E-02
  0.148499995      -4.46195155E-02
  0.149599999      -4.15501632E-02
  0.150700003      -3.81818712E-02
  0.151800007      -3.45514603E-02
  0.152899995      -3.06986868E-02
  0.153999999      -2.66655721E-02
  0.155100003      -2.24957820E-02
  0.156199992      -1.82339922E-02
  0.157299995      -1.39252450E-02
  0.158399999      -9.61427949E-03
  0.159500003      -5.34481788E-03
  0.160600007      -1.15891616E-03
  0.161699995       2.90359766E-03
  0.162799999       6.80558663E-03
  0.163900003       1.05130430E-02
  0.164999992       1.39955012E-02
  0.166099995       1.72264092E-02
  0.167199999       2.01834086E-02
  0.168300003       2.28484645E-02
  0.169400007       2.52078995E-02
  0.170499995       2.72523686E-02
  0.171599999       2.89768390E-02
  0.172700003       3.03805228E-02
  0.173799992       3.14666778E-02
  0.174899995       3.22422870E-02
  0.175999999       3.27177271E-02
  0.177100003       3.29064019E-02
  0.178200006       3.28244269E-02
  0.179299995       3.24902683E-02
  0.180399999       3.19243297E-02
  0.181500003       3.11484654E-02
  0.182599992       3.01855337E-02
  0.183699995       2.90590096E-02
  0.184799999       2.77926400E-02
  0.185900003       2.64101252E-02
  0.187000006       2.49347612E-02
  0.188099995       2.33890843E-02
  0.189199999       2.17945836E-02
  0.190300003       2.01714840E-02
  0.191399992       1.85386147E-02
  0.192499995       1.69132967E-02
  0.193599999       1.53111918E-02
  0.194700003       1.37461945E-02
  0.195800006       1.22303739E-02
  0.196899995       1.07740089E-02
  0.197999999       9.38565843E-03
  0.199100003       8.07222351E-03
  0.200199991       6.83898060E-03
  0.201299995       5.68963028E-03
  0.202399999       4.62640589E-03
  0.203500003       3.65024526E-03
  0.204600006       2.76096468E-03
  0.205699995       1.95739046E-03
  0.206799999       1.23744283E-03
  0.207900003       5.98226674E-04
  0.208999991       3.61732200E-05
  0.210099995      -4.52777429E-04
  0.211199999      -8.73016717E-04
  0.212300003      -1.22916989E-03
  0.213400006      -1.52605167E-03
  0.214499995      -1.76861405E-03
  0.215599999      -1.96184940E-03
  0.216700003      -2.11066124E-03
  0.217799991      -2.21977034E-03
  0.218899995      -2.29368568E-03
  0.219999999      -2.33671884E-03
  0.221100003      -2.35298299E-03
  0.222200006      -2.34634429E-03
  0.223299995      -2.32035853E-03
  0.224399999      -2.27823714E-03
  0.225500003      -2.22287560E-03
  0.226599991      -2.15690699E-03
  0.227699995      -2.08272994E-03
  0.228799999      -2.00248556E-03
  0.229900002      -1.91802159E-03
  0.231000006      -1.83089252E-03
  0.232099995      -1.74241397E-03
  0.233199999      -1.65372610E-03
  0.234300002      -1.56582228E-03
  0.235399991      -1.47952931E-03
  0.236499995      -1.39548269E-03
  0.237599999      -1.31414237E-03
  0.238700002      -1.23584911E-03
  0.239800006      -1.16087880E-03
  0.240899995      -1.08945486E-03
  0.241999999      -1.02171942E-03
  0.243100002      -9.57709854E-04
  0.244199991      -8.97378370E-04
  0.245299995      -8.40643537E-04
  0.246399999      -7.87430501E-04
  0.247500002      -7.37666269E-04
  0.248600006      -6.91243622E-04
  0.249699995      -6.47998822E-04
  0.250800014      -6.07732858E-04
  0.251899987      -5.70257544E-04
  0.252999991      -5.35423111E-04
  0.254099995      -5.03100862E-04
  0.255199999      -4.73142689E-04
  0.256300002      -4.45362879E-04
  0.257400006      -4.19562886E-04
  0.258500010      -3.95573035E-04
  0.259599984      -3.73270013E-04
  0.260699987      -3.52552946E-04
  0.261799991      -3.33305565E-04
  0.262899995      -3.15384590E-04
  0.263999999      -2.98645871E-04
  0.265100002      -2.82979512E-04
  0.266200006      -2.68316013E-04
  0.267300010      -2.54597806E-04
  0.268400013      -2.41747519E-04
  0.269499987      -2.29666388E-04
  0.270599991      -2.18264453E-04
  0.271699995      -2.07489022E-04
  0.272799999      -1.97321191E-04
  0.273900002      -1.87743790E-04
  0.275000006      -1.78715025E-04
  0.276100010      -1.70174768E-04
  0.277199984      -1.62075317E-04
  0.278299987      -1.54402602E-04
  0.279399991      -1.47164057E-04
  0.280499995      -1.40355711E-04
  0.281599998      -1.33942871E-04
  0.282700002      -1.27875435E-04
  0.283800006      -1.22121186E-04
  0.284900010      -1.16681527E-04
  0.286000013      -1.11573107E-04
  0.287099987      -1.06794025E-04
  0.288199991      -1.02309932E-04
  0.289299995      -9.80739496E-05
  0.290399998      -9.40589453E-05
  0.291500002      -9.02689135E-05
  0.292600006      -8.67174749E-05
  0.293700010      -8.33972372E-05
  0.294799984      -8.02715876E-05
  0.295899987      -7.72973945E-05
  0.296999991      -7.44543140E-05
  0.298099995      -7.17508519E-05
  0.299199998      -6.92019748E-05
  0.300300002      -6.68021821E-05
  0.301400006      -6.45220207E-05
  0.302500010      -6.23300803E-05
  0.303600013      -6.02167311E-05
  0.304699987      -5.81946006E-05
  0.305799991      -5.62765817E-05
  0.306899995      -5.44549184E-05
  0.307999998      -5.27031407E-05
  0.309100002      -5.09977981E-05
  0.310200006      -4.93365187E-05
  0.311300009      -4.77339418E-05
  0.312399983      -4.62011376E-05
  0.313499987      -4.47306156E-05
  0.314599991      -4.33015448E-05
  0.315699995      -4.18980708E-05
  0.316799998      -4.05204737E-05
  0.317900002      -3.91780231E-05
  0.319000006      -3.78728546E-05
  0.320100009      -3.65935994E-05
  0.321200013      -3.53256655E-05
  0.322299987      -3.40665611E-05
  0.323399991      -3.28292408E-05
  0.324499995      -3.16295082E-05
  0.325599998      -3.04712175E-05
  0.326700002      -2.93448084E-05
  0.327800006      -2.82405399E-05
  0.328900009      -2.71617682E-05
  0.329999983      -2.61241785E-05
  0.331099987      -2.51422862E-05
  0.332199991      -2.42181304E-05
  0.333299994      -2.33441351E-05
  0.334399998      -2.25162548E-05
  0.335500002      -2.17425350E-05
  0.336600006      -2.10373619E-05
  0.337700009      -2.04074913E-05
  0.338800013      -1.98450907E-05
  0.339899987      -1.93350679E-05
  0.340999991      -1.88686463E-05
  0.342099994      -1.84485507E-05
  0.343199998      -1.80802745E-05
  0.344300002      -1.77591119E-05
  0.345400006      -1.74674169E-05
  0.346500009      -1.71855118E-05
  0.347599983      -1.69051600E-05
  0.348699987      -1.66315858E-05
  0.349799991      -1.63720106E-05
  0.350899994      -1.61225635E-05
  0.351999998      -1.58668536E-05
  0.353100002      -1.55871985E-05
  0.354200006      -1.52768753E-05
  0.355300009      -1.49414745E-05
  0.356400013      -1.45892654E-05
  0.357499987      -1.42215331E-05
  0.358599991      -1.38326795E-05
  0.359699994      -1.34189122E-05
  0.360799998      -1.29853552E-05
  0.361900002      -1.25440656E-05
  0.363000005      -1.21055091E-05
  0.364100009      -1.16727442E-05
  0.365199983      -1.12438302E-05
  0.366299987      -1.08187196E-05
  0.367399991      -1.04026285E-05
  0.368499994      -1.00027864E-05
  0.369599998      -9.62322974E-06
  0.370700002      -9.26400389E-06
  0.371800005      -8.92520802E-06
  0.372900009      -8.61027274E-06
  0.374000013      -8.32360092E-06
  0.375099987      -8.06490334E-06
  0.376199991      -7.82732786E-06
  0.377299994      -7.60283410E-06
  0.378399998      -7.38991002E-06
  0.379500002      -7.19502259E-06
  0.380600005      -7.02531997E-06
  0.381700009      -6.87952388E-06
  0.382799983      -6.74677949E-06
  0.383899987      -6.61548756E-06
  0.384999990      -6.48367131E-06
  0.386099994      -6.36031427E-06
  0.387199998      -6.25600296E-06
  0.388300002      -6.17207343E-06
  0.389400005      -6.09915924E-06
  0.390500009      -6.02650198E-06
  0.391600013      -5.95252595E-06
  0.392699987      -5.88616558E-06
  0.393799990      -5.83786414E-06
  0.394899994      -5.80933238E-06
  0.395999998      -5.79175048E-06
  0.397100002      -5.77315268E-06
  0.398200005      -5.74687510E-06
  0.399300009      -5.71330338E-06
  0.400399983      -5.67480129E-06
  0.401499987      -5.63044887E-06
  0.402599990      -5.57595013E-06
  0.403699994      -5.50736695E-06
  0.404799998      -5.42332054E-06
  0.405900002      -5.32331796E-06
  0.407000005      -5.20529738E-06
  0.408100009      -5.06663446E-06
  0.409200013      -4.90801176E-06
  0.410299987      -4.73474438E-06
  0.411399990      -4.55234795E-06
  0.412499994      -4.36026949E-06
  0.413599998      -4.15158729E-06
  0.414700001      -3.92136553E-06
  0.415800005      -3.67646203E-06
  0.416900009      -3.43595821E-06
  0.417999983      -3.21944867E-06
  0.419099987      -3.03294723E-06
  0.420199990      -2.86623776E-06
  0.421299994      -2.70535202E-06
  0.422399998      -2.54892143E-06
  0.423500001      -2.41230373E-06
  0.424600005      -2.31478248E-06
  0.425700009      -2.26183829E-06
  0.426800013      -2.23990696E-06
  0.427899987      -2.22912627E-06
  0.428999990      -2.22176982E-06
  0.430099994      -2.22829590E-06
  0.431199998      -2.26512725E-06
  0.432300001      -2.33623359E-06
  0.433400005      -2.42652345E-06
  0.434500009      -2.51313918E-06
  0.435599983      -2.58328214E-06
  0.436699986      -2.64126470E-06
  0.437799990      -2.69902262E-06
  0.438899994      -2.76068636E-06
  0.439999998      -2.81673874E-06
  0.441100001      -2.85261626E-06
  0.442200005      -2.86179215E-06
  0.443300009      -2.84992097E-06
  0.444400012      -2.82688120E-06
  0.445499986      -2.79623123E-06
  0.446599990      -2.75325874E-06
  0.447699994      -2.69264115E-06
  0.448799998      -2.61622245E-06
  0.449900001      -2.53211851E-06
  0.451000005      -2.44656530E-06
  0.452100009      -2.35829066E-06
  0.453199983      -2.26207749E-06
  0.454299986      -2.15748969E-06
  0.455399990      -2.05239348E-06
  0.456499994      -1.95642588E-06
  0.457599998      -1.87098806E-06
  0.458700001      -1.78705216E-06
  0.459800005      -1.69427358E-06
  0.460900009      -1.59254148E-06
  0.462000012      -1.49366156E-06
  0.463099986      -1.41054511E-06
  0.464199990      -1.34446748E-06
  0.465299994      -1.28364604E-06
  0.466399997      -1.21515859E-06
  0.467500001      -1.13849865E-06
  0.468600005      -1.06693290E-06
  0.469700009      -1.01496585E-06
  0.470799983      -9.84282110E-07
  0.471899986      -9.62299964E-07
  0.472999990      -9.34852039E-07
  0.474099994      -9.00399812E-07
  0.475199997      -8.71838722E-07
  0.476300001      -8.64471531E-07
  0.477400005      -8.82349468E-07
  0.478500009      -9.16192676E-07
  0.479600012      -9.53959784E-07
  0.480699986      -9.92572723E-07
  0.481799990      -1.03894251E-06
  0.482899994      -1.10011342E-06
  0.483999997      -1.17354080E-06
  0.485100001      -1.24777353E-06
  0.486200005      -1.31246213E-06
  0.487300009      -1.36691153E-06
  0.488399982      -1.41827024E-06
  0.489499986      -1.47163439E-06
  0.490599990      -1.52268672E-06
  0.491699994      -1.56053488E-06
  0.492799997      -1.57746922E-06
  0.493900001      -1.57516888E-06
  0.495000005      -1.56097326E-06
  0.496100008      -1.53853375E-06
  0.497200012      -1.50308847E-06
  0.498299986      -1.44653154E-06
  0.499399990      -1.36691949E-06
  0.500500023      -1.27224553E-06
  0.501600027      -1.17428920E-06
  0.502699971      -1.07880567E-06
  0.503799975      -9.82160259E-07
  0.504899979      -8.77866228E-07
  0.505999982      -7.66176981E-07
  0.507099986      -6.56709233E-07
  0.508199990      -5.61285333E-07
  0.509299994      -4.84291377E-07
  0.510399997      -4.20311608E-07
  0.511500001      -3.61422650E-07
  0.512600005      -3.06627726E-07
  0.513700008      -2.63890058E-07
  0.514800012      -2.42797455E-07
  0.515900016      -2.45281313E-07
  0.517000020      -2.63585576E-07
  0.518100023      -2.87173947E-07
  0.519199967      -3.11479482E-07
  0.520299971      -3.40014452E-07
  0.521399975      -3.78474311E-07
  0.522499979      -4.27488914E-07
  0.523599982      -4.81438690E-07
  0.524699986      -5.34009416E-07
  0.525799990      -5.84005249E-07
  0.526899993      -6.35032222E-07
  0.527999997      -6.89459057E-07
  0.529100001      -7.43343833E-07
  0.530200005      -7.88124851E-07
  0.531300008      -8.17804846E-07
  0.532400012      -8.34422394E-07
  0.533500016      -8.46154251E-07
  0.534600019      -8.59700776E-07
  0.535700023      -8.74351031E-07
  0.536800027      -8.83431539E-07
  0.537899971      -8.81409107E-07
  0.538999975      -8.69346422E-07
  0.540099978      -8.53280028E-07
  0.541199982      -8.37397977E-07
  0.542299986      -8.19243439E-07
  0.543399990      -7.92100934E-07
  0.544499993      -7.52283256E-07
  0.545599997      -7.03883074E-07
  0.546700001      -6.55893302E-07
  0.547800004      -6.14195471E-07
  0.548900008      -5.76186324E-07
