   0.00000000       0.00000000
   1.09999999E-03   0.00000000
   2.19999999E-03   0.00000000
   3.29999998E-03   0.00000000
   4.39999998E-03   0.00000000
   5.49999997E-03   0.00000000
   6.59999996E-03   0.00000000
   7.69999996E-03   0.00000000
   8.79999995E-03   0.00000000
   9.89999995E-03   0.00000000
   1.09999999E-02   0.00000000
   1.20999999E-02   0.00000000
   1.31999999E-02   2.00862264E-28
   1.42999999E-02   2.23145331E-27
   1.53999999E-02   8.71330304E-27
   1.64999999E-02  -1.11682752E-27
   1.75999999E-02  -1.43002141E-25
   1.86999999E-02  -5.66274137E-25
   1.97999999E-02  -6.14652117E-25
   2.08999999E-02   2.89667279E-24
   2.19999999E-02   1.41020830E-23
   2.30999999E-02   2.32708366E-23
   2.41999999E-02  -1.93921700E-23
   2.52999999E-02  -1.86475030E-22
   2.63999999E-02  -4.07050258E-22
   2.74999999E-02  -1.77266916E-22
   2.85999998E-02   1.36401810E-21
   2.96999998E-02   4.13043834E-21
   3.07999998E-02   4.66657901E-21
   3.18999998E-02  -4.16581122E-21
   3.29999998E-02  -2.57003788E-20
   3.40999998E-02  -4.38436615E-20
   3.51999998E-02  -1.59676764E-20
   3.62999998E-02   9.48512499E-20
   3.73999998E-02   2.40488081E-19
   3.84999998E-02   2.31271789E-19
   3.95999998E-02  -1.57537918E-19
   4.06999998E-02  -8.57685172E-19
   4.17999998E-02  -1.20752167E-18
   4.28999998E-02  -2.30482607E-19
   4.39999998E-02   2.20151018E-18
   4.50999998E-02   4.10616137E-18
   4.61999997E-02   1.98240865E-18
   4.72999997E-02  -5.42142859E-18
   4.83999997E-02  -1.24108649E-17
   4.94999997E-02  -7.15650527E-18
   5.05999997E-02   1.67614552E-17
   5.16999997E-02   4.36923582E-17
   5.27999997E-02   3.40481602E-17
   5.38999997E-02  -4.32624427E-17
   5.49999997E-02  -1.54652705E-16
   5.60999997E-02  -1.78366054E-16
   5.71999997E-02   1.88732440E-17
   5.82999997E-02   4.11097832E-16
   5.93999997E-02   6.89317689E-16
   6.04999997E-02   3.93404399E-16
   6.15999997E-02  -6.42522771E-16
   6.27000034E-02  -1.82983278E-15
   6.37999997E-02  -1.91607916E-15
   6.48999959E-02   4.50852344E-17
   6.59999996E-02   3.35013516E-15
   6.71000034E-02   5.26794354E-15
   6.81999996E-02   2.77065557E-15
   6.92999959E-02  -4.20455381E-15
   7.03999996E-02  -1.07487304E-14
   7.15000033E-02  -9.38585350E-15
   7.25999996E-02   3.06560155E-15
   7.36999959E-02   1.92692067E-14
   7.47999996E-02   2.32900128E-14
   7.59000033E-02   3.37576257E-15
   7.69999996E-02  -3.24227272E-14
   7.80999959E-02  -5.36762949E-14
   7.91999996E-02  -2.83394371E-14
   8.03000033E-02   4.30873327E-14
   8.13999996E-02   1.10127680E-13
   8.24999958E-02   9.94954648E-14
   8.35999995E-02  -1.91826264E-14
   8.47000033E-02  -1.79659022E-13
   8.57999995E-02  -2.40099444E-13
   8.68999958E-02  -9.26884437E-14
   8.79999995E-02   2.10826799E-13
   8.91000032E-02   4.39931457E-13
   9.01999995E-02   3.38964154E-13
   9.12999958E-02  -1.28695855E-13
   9.23999995E-02  -6.54868737E-13
   9.35000032E-02  -7.53310717E-13
   9.45999995E-02  -1.67445159E-13
   9.56999958E-02   7.93398225E-13
   9.67999995E-02   1.34751411E-12
   9.79000032E-02   8.27428078E-13
   9.89999995E-02  -6.40203006E-13
  0.100099996      -1.99026494E-12
  0.101199999      -1.92778410E-12
  0.102300003      -8.23498171E-14
  0.103399999       2.35891428E-12
  0.104499996       3.30447648E-12
  0.105599999       1.46005679E-12
  0.106700003      -2.22950955E-12
  0.107799999      -4.83473157E-12
  0.108899996      -3.62489791E-12
  0.109999999       1.34073373E-12
  0.111100003       6.52112912E-12
  0.112199999       7.23199278E-12
  0.113299996       1.61822292E-12
  0.114399999      -6.98090717E-12
  0.115500003      -1.17991207E-11
  0.116599999      -7.86947417E-12
  0.117699996       3.24595342E-12
  0.118799999       1.35516095E-11
  0.119900003       1.43947024E-11
  0.120999999       3.85611942E-12
  0.122099996      -1.04996506E-11
  0.123199999      -1.67527207E-11
  0.124300003      -8.43358283E-12
  0.125400007       8.87557475E-12
  0.126499996       2.04908278E-11
  0.127599999       1.40935206E-11
  0.128700003      -8.93210159E-12
  0.129799992      -3.21395584E-11
  0.130899996      -3.53324453E-11
  0.131999999      -1.08044363E-11
  0.133100003       2.84051879E-11
  0.134200007       5.60286539E-11
  0.135299996       5.14461876E-11
  0.136399999       1.57682027E-11
  0.137500003      -2.79594022E-11
  0.138599992      -5.16135051E-11
  0.139699996      -4.33684755E-11
  0.140799999      -1.66132559E-11
  0.141900003       1.45752377E-12
  0.143000007      -6.62699669E-12
  0.144099995      -3.16297405E-11
  0.145199999      -4.19433793E-11
  0.146300003      -8.03468403E-12
  0.147399992       7.04304115E-11
  0.148499995       1.56043220E-10
  0.149599999       1.92757893E-10
  0.150700003       1.41784126E-10
  0.151800007       1.01196621E-11
  0.152899995      -1.48986060E-10
  0.153999999      -2.65795302E-10
  0.155100003      -2.95075797E-10
  0.156199992      -2.40537451E-10
  0.157299995      -1.45534265E-10
  0.158399999      -5.65409386E-11
  0.159500003       1.35430374E-11
  0.160600007       9.32632166E-11
  0.161699995       2.22704313E-10
  0.162799999       4.06188638E-10
  0.163900003       5.85041071E-10
  0.164999992       6.57558341E-10
  0.166099995       5.39624290E-10
  0.167199999       2.25626129E-10
  0.168300003      -1.97449446E-10
  0.169400007      -6.00013206E-10
  0.170499995      -8.93179086E-10
  0.171599999      -1.08433829E-09
  0.172700003      -1.25800181E-09
  0.173799992      -1.48754886E-09
  0.174899995      -1.73704806E-09
  0.175999999      -1.82418447E-09
  0.177100003      -1.47271173E-09
  0.178200006      -4.15311063E-10
  0.179299995       1.53236090E-09
  0.180399999       4.48471615E-09
  0.181500003       8.57634852E-09
  0.182599992       1.40561598E-08
  0.183699995       2.13064730E-08
  0.184799999       3.07674064E-08
  0.185900003       4.28274021E-08
  0.187000006       5.77801487E-08
  0.188099995       7.59130714E-08
  0.189199999       9.77048060E-08
  0.190300003       1.24031033E-07
  0.191399992       1.56268527E-07
  0.192499995       1.96252557E-07
  0.193599999       2.46139251E-07
  0.194700003       3.08284910E-07
  0.195800006       3.85237826E-07
  0.196899995       4.79861626E-07
  0.197999999       5.95529912E-07
  0.199100003       7.36296556E-07
  0.200199991       9.06993819E-07
  0.201299995       1.11328450E-06
  0.202399999       1.36176368E-06
  0.203500003       1.66018503E-06
  0.204600006       2.01780858E-06
  0.205699995       2.44576199E-06
  0.206799999       2.95727818E-06
  0.207900003       3.56772966E-06
  0.208999991       4.29450756E-06
  0.210099995       5.15694228E-06
  0.211199999       6.17644218E-06
  0.212300003       7.37693699E-06
  0.213400006       8.78551327E-06
  0.214499995       1.04330156E-05
  0.215599999       1.23544687E-05
  0.216700003       1.45892518E-05
  0.217799991       1.71812080E-05
  0.218899995       2.01787989E-05
  0.219999999       2.36354335E-05
  0.221100003       2.76098726E-05
  0.222200006       3.21664083E-05
  0.223299995       3.73747716E-05
  0.224399999       4.33097448E-05
  0.225500003       5.00508140E-05
  0.226599991       5.76819475E-05
  0.227699995       6.62916573E-05
  0.228799999       7.59729810E-05
  0.229900002       8.68233765E-05
  0.231000006       9.89442560E-05
  0.232099995       1.12439826E-04
  0.233199999       1.27415886E-04
  0.234300002       1.43978337E-04
  0.235399991       1.62231881E-04
  0.236499995       1.82278440E-04
  0.237599999       2.04215132E-04
  0.238700002       2.28132252E-04
  0.239800006       2.54110229E-04
  0.240899995       2.82217574E-04
  0.241999999       3.12508055E-04
  0.243100002       3.45018634E-04
  0.244199991       3.79767240E-04
  0.245299995       4.16750263E-04
  0.246399999       4.55940113E-04
  0.247500002       4.97281668E-04
  0.248600006       5.40688809E-04
  0.249699995       5.86042181E-04
  0.250800014       6.33186661E-04
  0.251899987       6.81928941E-04
  0.252999991       7.32035725E-04
  0.254099995       7.83233030E-04
  0.255199999       8.35206651E-04
  0.256300002       8.87601229E-04
  0.257400006       9.40021419E-04
  0.258500010       9.92033049E-04
  0.259599984       1.04316452E-03
  0.260699987       1.09290972E-03
  0.261799991       1.14073278E-03
  0.262899995       1.18607364E-03
  0.263999999       1.22835161E-03
  0.265100002       1.26696972E-03
  0.266200006       1.30132225E-03
  0.267300010       1.33080210E-03
  0.268400013       1.35480950E-03
  0.269499987       1.37276447E-03
  0.270599991       1.38411298E-03
  0.271699995       1.38833618E-03
  0.272799999       1.38495793E-03
  0.273900002       1.37355470E-03
  0.275000006       1.35376537E-03
  0.276100010       1.32530101E-03
  0.277199984       1.28795207E-03
  0.278299987       1.24159316E-03
  0.279399991       1.18619017E-03
  0.280499995       1.12180342E-03
  0.281599998       1.04859285E-03
  0.282700002       9.66820458E-04
  0.283800006       8.76851671E-04
  0.284900010       7.79155118E-04
  0.286000013       6.74300420E-04
  0.287099987       5.62953181E-04
  0.288199991       4.45867598E-04
  0.289299995       3.23878892E-04
  0.290399998       1.97894624E-04
  0.291500002       6.88849032E-05
  0.292600006      -6.21286090E-05
  0.293700010      -1.94085616E-04
  0.294799984      -3.25900386E-04
  0.295899987      -4.56476206E-04
  0.296999991      -5.84718538E-04
  0.298099995      -7.09549582E-04
  0.299199998      -8.29922850E-04
  0.300300002      -9.44836996E-04
  0.301400006      -1.05335005E-03
  0.302500010      -1.15459121E-03
  0.303600013      -1.24777132E-03
  0.304699987      -1.33219257E-03
  0.305799991      -1.40725612E-03
  0.306899995      -1.47247000E-03
  0.307999998      -1.52745587E-03
  0.309100002      -1.57195248E-03
  0.310200006      -1.60581700E-03
  0.311300009      -1.62902253E-03
  0.312399983      -1.64165359E-03
  0.313499987      -1.64390379E-03
  0.314599991      -1.63607241E-03
  0.315699995      -1.61855877E-03
  0.316799998      -1.59185240E-03
  0.317900002      -1.55652291E-03
  0.319000006      -1.51320919E-03
  0.320100009      -1.46260974E-03
  0.321200013      -1.40547194E-03
  0.322299987      -1.34258170E-03
  0.323399991      -1.27474964E-03
  0.324499995      -1.20279717E-03
  0.325599998      -1.12754700E-03
  0.326700002      -1.04981440E-03
  0.327800006      -9.70397203E-04
  0.328900009      -8.90067895E-04
  0.329999983      -8.09563906E-04
  0.331099987      -7.29580643E-04
  0.332199991      -6.50764501E-04
  0.333299994      -5.73709258E-04
  0.334399998      -4.98953974E-04
  0.335500002      -4.26979153E-04
  0.336600006      -3.58205056E-04
  0.337700009      -2.92991579E-04
  0.338800013      -2.31640690E-04
  0.339899987      -1.74398869E-04
  0.340999991      -1.21459132E-04
  0.342099994      -7.29628373E-05
  0.343199998      -2.90022854E-05
  0.344300002       1.03744223E-05
  0.345400006       4.51563137E-05
  0.346500009       7.53624918E-05
  0.347599983       1.01036596E-04
  0.348699987       1.22242855E-04
  0.349799991       1.39062235E-04
  0.350899994       1.51587272E-04
  0.351999998       1.59915915E-04
  0.353100002       1.64145516E-04
  0.354200006       1.64368947E-04
  0.355300009       1.60672207E-04
  0.356400013       1.53131812E-04
  0.357499987       1.41810946E-04
  0.358599991       1.26754865E-04
  0.359699994       1.07988795E-04
  0.360799998       8.55179751E-05
  0.361900002       5.93290570E-05
  0.363000005       2.93909980E-05
  0.364100009      -4.34594995E-06
  0.365199983      -4.19503413E-05
  0.366299987      -8.35068277E-05
  0.367399991      -1.29110849E-04
  0.368499994      -1.78863076E-04
  0.369599998      -2.32866427E-04
  0.370700002      -2.91223754E-04
  0.371800005      -3.54033633E-04
  0.372900009      -4.21382429E-04
  0.374000013      -4.93333442E-04
  0.375099987      -5.69918251E-04
  0.376199991      -6.51132606E-04
  0.377299994      -7.36934249E-04
  0.378399998      -8.27238488E-04
  0.379500002      -9.21908417E-04
  0.380600005      -1.02074223E-03
  0.381700009      -1.12346304E-03
  0.382799983      -1.22971635E-03
  0.383899987      -1.33907003E-03
  0.384999990      -1.45101326E-03
  0.386099994      -1.56495115E-03
  0.387199998      -1.68019661E-03
  0.388300002      -1.79596723E-03
  0.389400005      -1.91138987E-03
  0.390500009      -2.02550949E-03
  0.391600013      -2.13729474E-03
  0.392699987      -2.24564108E-03
  0.393799990      -2.34937225E-03
  0.394899994      -2.44724960E-03
  0.395999998      -2.53798929E-03
  0.397100002      -2.62028072E-03
  0.398200005      -2.69280304E-03
  0.399300009      -2.75423564E-03
  0.400399983      -2.80327001E-03
  0.401499987      -2.83863023E-03
  0.402599990      -2.85909860E-03
  0.403699994      -2.86354125E-03
  0.404799998      -2.85092997E-03
  0.405900002      -2.82035512E-03
  0.407000005      -2.77104136E-03
  0.408100009      -2.70236796E-03
  0.409200013      -2.61389301E-03
  0.410299987      -2.50537135E-03
  0.411399990      -2.37676501E-03
  0.412499994      -2.22824514E-03
  0.413599998      -2.06019660E-03
  0.414700001      -1.87322963E-03
  0.415800005      -1.66818872E-03
  0.416900009      -1.44615490E-03
  0.417999983      -1.20843481E-03
  0.419099987      -9.56541568E-04
  0.420199990      -6.92176749E-04
  0.421299994      -4.17220203E-04
  0.422399998      -1.33720750E-04
  0.423500001       1.56122842E-04
  0.424600005       4.49994288E-04
  0.425700009       7.45498168E-04
  0.426800013       1.04019360E-03
  0.427899987       1.33161817E-03
  0.428999990       1.61730871E-03
  0.430099994       1.89483084E-03
  0.431199998       2.16181786E-03
  0.432300001       2.41601351E-03
  0.433400005       2.65530287E-03
  0.434500009       2.87773344E-03
  0.435599983       3.08152777E-03
  0.436699986       3.26510635E-03
  0.437799990       3.42711504E-03
  0.438899994       3.56645114E-03
  0.439999998       3.68227810E-03
  0.441100001       3.77402152E-03
  0.442200005       3.84136359E-03
  0.443300009       3.88424261E-03
  0.444400012       3.90285905E-03
  0.445499986       3.89767438E-03
  0.446599990       3.86940106E-03
  0.447699994       3.81897250E-03
  0.448799998       3.74751911E-03
  0.449900001       3.65634775E-03
  0.451000005       3.54693085E-03
  0.452100009       3.42089077E-03
  0.453199983       3.27996886E-03
  0.454299986       3.12598841E-03
  0.455399990       2.96081789E-03
  0.456499994       2.78634904E-03
  0.457599998       2.60448316E-03
  0.458700001       2.41711433E-03
  0.459800005       2.22610263E-03
  0.460900009       2.03323737E-03
  0.462000012       1.84021215E-03
  0.463099986       1.64860953E-03
  0.464199990       1.45990180E-03
  0.465299994       1.27544662E-03
  0.466399997       1.09647494E-03
  0.467500001       9.24070831E-04
  0.468600005       7.59160146E-04
  0.469700009       6.02514599E-04
  0.470799983       4.54765512E-04
  0.471899986       3.16414254E-04
  0.472999990       1.87831014E-04
  0.474099994       6.92482645E-05
  0.475199997      -3.92378824E-05
  0.476300001      -1.37651863E-04
  0.477400005      -2.26115502E-04
  0.478500009      -3.04830523E-04
  0.479600012      -3.74073308E-04
  0.480699986      -4.34195244E-04
  0.481799990      -4.85616940E-04
  0.482899994      -5.28811768E-04
  0.483999997      -5.64285147E-04
  0.485100001      -5.92560216E-04
  0.486200005      -6.14174409E-04
  0.487300009      -6.29679358E-04
  0.488399982      -6.39634964E-04
  0.489499986      -6.44596352E-04
  0.490599990      -6.45099848E-04
  0.491699994      -6.41657796E-04
  0.492799997      -6.34761585E-04
  0.493900001      -6.24885724E-04
  0.495000005      -6.12484175E-04
  0.496100008      -5.97980397E-04
  0.497200012      -5.81758795E-04
  0.498299986      -5.64165297E-04
  0.499399990      -5.45515213E-04
  0.500500023      -5.26099408E-04
  0.501600027      -5.06183947E-04
  0.502699971      -4.86003148E-04
  0.503799975      -4.65755642E-04
  0.504899979      -4.45608399E-04
  0.505999982      -4.25705395E-04
  0.507099986      -4.06173611E-04
  0.508199990      -3.87121807E-04
  0.509299994      -3.68635461E-04
  0.510399997      -3.50775255E-04
  0.511500001      -3.33582517E-04
  0.512600005      -3.17087164E-04
  0.513700008      -3.01311928E-04
  0.514800012      -2.86270399E-04
  0.515900016      -2.71962985E-04
  0.517000020      -2.58377404E-04
  0.518100023      -2.45494273E-04
  0.519199967      -2.33293293E-04
  0.520299971      -2.21754803E-04
  0.521399975      -2.10856160E-04
  0.522499979      -2.00568727E-04
  0.523599982      -1.90859791E-04
  0.524699986      -1.81698066E-04
  0.525799990      -1.73057240E-04
  0.526899993      -1.64913668E-04
  0.527999997      -1.57240895E-04
  0.529100001      -1.50007676E-04
  0.530200005      -1.43182144E-04
  0.531300008      -1.36738628E-04
  0.532400012      -1.30660002E-04
  0.533500016      -1.24933111E-04
  0.534600019      -1.19541874E-04
  0.535700023      -1.14465176E-04
  0.536800027      -1.09681554E-04
  0.537899971      -1.05175670E-04
  0.538999975      -1.00939360E-04
  0.540099978      -9.69657412E-05
  0.541199982      -9.32422263E-05
  0.542299986      -8.97495484E-05
  0.543399990      -8.64677568E-05
  0.544499993      -8.33830709E-05
  0.545599997      -8.04887750E-05
  0.546700001      -7.77793393E-05
  0.547800004      -7.52440901E-05
  0.548900008      -7.28665691E-05
