   0.00000000       0.00000000
   1.09999999E-03   0.00000000
   2.19999999E-03   0.00000000
   3.29999998E-03   0.00000000
   4.39999998E-03   0.00000000
   5.49999997E-03   0.00000000
   6.59999996E-03   0.00000000
   7.69999996E-03   0.00000000
   8.79999995E-03   0.00000000
   9.89999995E-03   0.00000000
   1.09999999E-02   0.00000000
   1.20999999E-02   0.00000000
   1.31999999E-02   1.96924266E-28
   1.42999999E-02   2.18916451E-27
   1.53999999E-02   8.57204301E-27
   1.64999999E-02  -8.63527668E-28
   1.75999999E-02  -1.39365061E-25
   1.86999999E-02  -5.54851629E-25
   1.97999999E-02  -6.13065668E-25
   2.08999999E-02   2.79197734E-24
   2.19999999E-02   1.37445097E-23
   2.30999999E-02   2.29335970E-23
   2.41999999E-02  -1.80055040E-23
   2.52999999E-02  -1.80431295E-22
   2.63999999E-02  -3.97974142E-22
   2.74999999E-02  -1.83862222E-22
   2.85999998E-02   1.30364947E-21
   2.96999998E-02   4.00663267E-21
   3.07999998E-02   4.61134087E-21
   3.18999998E-02  -3.81747367E-21
   3.29999998E-02  -2.46849565E-20
   3.40999998E-02  -4.27352621E-20
   3.51999998E-02  -1.68240152E-20
   3.62999998E-02   8.95786326E-20
   3.73999998E-02   2.31936300E-19
   3.84999998E-02   2.28544420E-19
   3.95999998E-02  -1.40181730E-19
   4.06999998E-02  -8.17388655E-19
   4.17999998E-02  -1.17480523E-18
   4.28999998E-02  -2.66076913E-19
   4.39999998E-02   2.06538500E-18
   4.50999998E-02   3.95639205E-18
   4.61999997E-02   2.03660015E-18
   4.72999997E-02  -5.00662729E-18
   4.83999997E-02  -1.18789092E-17
   4.94999997E-02  -7.26332655E-18
   5.05999997E-02   1.53377649E-17
   5.16999997E-02   4.15731281E-17
   5.27999997E-02   3.38388471E-17
   5.38999997E-02  -3.85537336E-17
   5.49999997E-02  -1.45739682E-16
   5.60999997E-02  -1.73128929E-16
   5.71999997E-02   8.40296388E-18
   5.82999997E-02   3.80902987E-16
   5.93999997E-02   6.57366230E-16
   6.04999997E-02   3.98335216E-16
   6.15999997E-02  -5.70890677E-16
   6.27000034E-02  -1.71584364E-15
   6.37999997E-02  -1.85576575E-15
   6.48999959E-02  -6.02654413E-17
   6.59999996E-02   3.07109583E-15
   6.71000034E-02   4.99963823E-15
   6.81999996E-02   2.81663591E-15
   6.92999959E-02  -3.68784762E-15
   7.03999996E-02  -1.00329291E-14
   7.15000033E-02  -9.14547402E-15
   7.25999996E-02   2.26275365E-15
   7.36999959E-02   1.76837186E-14
   7.47999996E-02   2.22453214E-14
   7.59000033E-02   4.42190331E-15
   7.69999996E-02  -2.91324344E-14
   7.80999959E-02  -5.04344389E-14
   7.91999996E-02  -2.88238502E-14
   8.03000033E-02   3.70554112E-14
   8.13999996E-02   1.01683053E-13
   8.24999958E-02   9.61987312E-14
   8.35999995E-02  -1.09458036E-14
   8.47000033E-02  -1.62060307E-13
   8.57999995E-02  -2.26094683E-13
   8.68999958E-02  -9.81021159E-14
   8.79999995E-02   1.82097840E-13
   8.91000032E-02   4.05533923E-13
   9.01999995E-02   3.30184881E-13
   9.12999958E-02  -9.22187402E-14
   9.23999995E-02  -5.89772372E-13
   9.35000032E-02  -7.11293763E-13
   9.45999995E-02  -1.98645489E-13
   9.56999958E-02   6.90230913E-13
   9.67999995E-02   1.24377006E-12
   9.79000032E-02   8.21847039E-13
   9.89999995E-02  -5.06806511E-13
  0.100099996      -1.79480443E-12
  0.101199999      -1.83200287E-12
  0.102300003      -2.07195155E-13
  0.103399999       2.06144997E-12
  0.104499996       3.05957039E-12
  0.105599999       1.51209058E-12
  0.106700003      -1.84217702E-12
  0.107799999      -4.37846157E-12
  0.108899996      -3.51141945E-12
  0.109999999       8.97210474E-13
  0.111100003       5.76137445E-12
  0.112199999       6.75999881E-12
  0.113299996       1.95046626E-12
  0.114399999      -5.90516785E-12
  0.115500003      -1.07100275E-11
  0.116599999      -7.68224200E-12
  0.117699996       2.18864553E-12
  0.118799999       1.18926327E-11
  0.119900003       1.33913696E-11
  0.120999999       4.39915292E-12
  0.122099996      -8.72193290E-12
  0.123199999      -1.51744329E-11
  0.124300003      -8.51811417E-12
  0.125400007       6.95356966E-12
  0.126499996       1.82557459E-11
  0.127599999       1.37383724E-11
  0.128700003      -6.37663707E-12
  0.129799992      -2.79867900E-11
  0.130899996      -3.26403696E-11
  0.131999999      -1.22031621E-11
  0.133100003       2.28970176E-11
  0.134200007       4.94172515E-11
  0.135299996       4.78646220E-11
  0.136399999       1.75489345E-11
  0.137500003      -2.20108966E-11
  0.138599992      -4.53076951E-11
  0.139699996      -4.01805603E-11
  0.140799999      -1.69902703E-11
  0.141900003       2.86346901E-13
  0.143000007      -5.26041797E-12
  0.144099995      -2.73316005E-11
  0.145199999      -3.86694322E-11
  0.146300003      -1.18408859E-11
  0.147399992       5.61092943E-11
  0.148499995       1.34268291E-10
  0.149599999       1.72987652E-10
  0.150700003       1.35238487E-10
  0.151800007       2.32617363E-11
  0.152899995      -1.18622528E-10
  0.153999999      -2.28532249E-10
  0.155100003      -2.63342570E-10
  0.156199992      -2.22288452E-10
  0.157299995      -1.41361686E-10
  0.158399999      -6.24189936E-11
  0.159500003       1.78940196E-13
  0.160600007       6.92340976E-11
  0.161699995       1.80815543E-10
  0.162799999       3.42731399E-10
  0.163900003       5.07862030E-10
  0.164999992       5.87895732E-10
  0.166099995       5.04546960E-10
  0.167199999       2.44752996E-10
  0.168300003      -1.22198515E-10
  0.169400007      -4.83918128E-10
  0.170499995      -7.57068463E-10
  0.171599999      -9.40034051E-10
  0.172700003      -1.10249532E-09
  0.173799992      -1.31228051E-09
  0.174899995      -1.54793578E-09
  0.175999999      -1.65983804E-09
  0.177100003      -1.40908973E-09
  0.178200006      -5.55073321E-10
  0.179299995       1.07584475E-09
  0.180399999       3.59445895E-09
  0.181500003       7.12260073E-09
  0.182599992       1.18772752E-08
  0.183699995       1.81946849E-08
  0.184799999       2.64715307E-08
  0.185900003       3.70705671E-08
  0.187000006       5.02762028E-08
  0.188099995       6.63608191E-08
  0.189199999       8.57493916E-08
  0.190300003       1.09200485E-07
  0.191399992       1.37908600E-07
  0.192499995       1.73483159E-07
  0.193599999       2.17841333E-07
  0.194700003       2.73103609E-07
  0.195800006       3.41578129E-07
  0.196899995       4.25857081E-07
  0.197999999       5.28981900E-07
  0.199100003       6.54597727E-07
  0.200199991       8.07054448E-07
  0.201299995       9.91464049E-07
  0.202399999       1.21378957E-06
  0.203500003       1.48103368E-06
  0.204600006       1.80153143E-06
  0.205699995       2.18527839E-06
  0.206799999       2.64416644E-06
  0.207900003       3.19205878E-06
  0.208999991       3.84472605E-06
  0.210099995       4.61978198E-06
  0.211199999       5.53677273E-06
  0.212300003       6.61754439E-06
  0.213400006       7.88679063E-06
  0.214499995       9.37264576E-06
  0.215599999       1.11070940E-05
  0.216700003       1.31261540E-05
  0.217799991       1.54699774E-05
  0.218899995       1.81829873E-05
  0.219999999       2.13142266E-05
  0.221100003       2.49177338E-05
  0.222200006       2.90527605E-05
  0.223299995       3.37837519E-05
  0.224399999       3.91800058E-05
  0.225500003       4.53153807E-05
  0.226599991       5.22681439E-05
  0.227699995       6.01210450E-05
  0.228799999       6.89613662E-05
  0.229900002       7.88807301E-05
  0.231000006       8.99746083E-05
  0.232099995       1.02341488E-04
  0.233199999       1.16081923E-04
  0.234300002       1.31297362E-04
  0.235399991       1.48088729E-04
  0.236499995       1.66554659E-04
  0.237599999       1.86789897E-04
  0.238700002       2.08883765E-04
  0.239800006       2.32917882E-04
  0.240899995       2.58963992E-04
  0.241999999       2.87080911E-04
  0.243100002       3.17312311E-04
  0.244199991       3.49684822E-04
  0.245299995       3.84205836E-04
  0.246399999       4.20861266E-04
  0.247500002       4.59612900E-04
  0.248600006       5.00394613E-04
  0.249699995       5.43109432E-04
  0.250800014       5.87627001E-04
  0.251899987       6.33782300E-04
  0.252999991       6.81374106E-04
  0.254099995       7.30164058E-04
  0.255199999       7.79874797E-04
  0.256300002       8.30190023E-04
  0.257400006       8.80755077E-04
  0.258500010       9.31177696E-04
  0.259599984       9.81030287E-04
  0.260699987       1.02985126E-03
  0.261799991       1.07714965E-03
  0.262899995       1.12240727E-03
  0.263999999       1.16508419E-03
  0.265100002       1.20462314E-03
  0.266200006       1.24045555E-03
  0.267300010       1.27200852E-03
  0.268400013       1.29871059E-03
  0.269499987       1.32000167E-03
  0.270599991       1.33534404E-03
  0.271699995       1.34422840E-03
  0.272799999       1.34618208E-03
  0.273900002       1.34077528E-03
  0.275000006       1.32763037E-03
  0.276100010       1.30643207E-03
  0.277199984       1.27693603E-03
  0.278299987       1.23897614E-03
  0.279399991       1.19246764E-03
  0.280499995       1.13741099E-03
  0.281599998       1.07389456E-03
  0.282700002       1.00210111E-03
  0.283800006       9.22312378E-04
  0.284900010       8.34908918E-04
  0.286000013       7.40364718E-04
  0.287099987       6.39242935E-04
  0.288199991       5.32191189E-04
  0.289299995       4.19938151E-04
  0.290399998       3.03287932E-04
  0.291500002       1.83110300E-04
  0.292600006       6.03283261E-05
  0.293700010      -6.40943836E-05
  0.294799984      -1.89164362E-04
  0.295899987      -3.13867873E-04
  0.296999991      -4.37182578E-04
  0.298099995      -5.58091619E-04
  0.299199998      -6.75599440E-04
  0.300300002      -7.88746867E-04
  0.301400006      -8.96623009E-04
  0.302500010      -9.98372445E-04
  0.303600013      -1.09320425E-03
  0.304699987      -1.18040305E-03
  0.305799991      -1.25934335E-03
  0.306899995      -1.32949837E-03
  0.307999998      -1.39044470E-03
  0.309100002      -1.44185906E-03
  0.310200006      -1.48351945E-03
  0.311300009      -1.51530863E-03
  0.312399983      -1.53721927E-03
  0.313499987      -1.54935196E-03
  0.314599991      -1.55190739E-03
  0.315699995      -1.54517882E-03
  0.316799998      -1.52954261E-03
  0.317900002      -1.50545407E-03
  0.319000006      -1.47344207E-03
  0.320100009      -1.43410219E-03
  0.321200013      -1.38808298E-03
  0.322299987      -1.33607071E-03
  0.323399991      -1.27877784E-03
  0.324499995      -1.21693488E-03
  0.325599998      -1.15128630E-03
  0.326700002      -1.08258345E-03
  0.327800006      -1.01157173E-03
  0.328900009      -9.38976416E-04
  0.329999983      -8.65490874E-04
  0.331099987      -7.91773957E-04
  0.332199991      -7.18449359E-04
  0.333299994      -6.46102708E-04
  0.334399998      -5.75273589E-04
  0.335500002      -5.06448851E-04
  0.336600006      -4.40059288E-04
  0.337700009      -3.76482320E-04
  0.338800013      -3.16045072E-04
  0.339899987      -2.59026128E-04
  0.340999991      -2.05654389E-04
  0.342099994      -1.56108188E-04
  0.343199998      -1.10518544E-04
  0.344300002      -6.89757653E-05
  0.345400006      -3.15362449E-05
  0.346500009       1.77389529E-06
  0.347599983       3.09573588E-05
  0.348699987       5.60432491E-05
  0.349799991       7.70805855E-05
  0.350899994       9.41297621E-05
  0.351999998       1.07256397E-04
  0.353100002       1.16529409E-04
  0.354200006       1.22020916E-04
  0.355300009       1.23803926E-04
  0.356400013       1.21945421E-04
  0.357499987       1.16498959E-04
  0.358599991       1.07501270E-04
  0.359699994       9.49740861E-05
  0.360799998       7.89274563E-05
  0.361900002       5.93598488E-05
  0.363000005       3.62541468E-05
  0.364100009       9.57312659E-06
  0.365199983      -2.07405647E-05
  0.366299987      -5.47588097E-05
  0.367399991      -9.25616841E-05
  0.368499994      -1.34234084E-04
  0.369599998      -1.79866242E-04
  0.370700002      -2.29553843E-04
  0.371800005      -2.83393223E-04
  0.372900009      -3.41471634E-04
  0.374000013      -4.03857703E-04
  0.375099987      -4.70595958E-04
  0.376199991      -5.41705289E-04
  0.377299994      -6.17176876E-04
  0.378399998      -6.96966774E-04
  0.379500002      -7.80985574E-04
  0.380600005      -8.69088923E-04
  0.381700009      -9.61072801E-04
  0.382799983      -1.05667254E-03
  0.383899987      -1.15555979E-03
  0.384999990      -1.25733577E-03
  0.386099994      -1.36152271E-03
  0.387199998      -1.46755914E-03
  0.388300002      -1.57480233E-03
  0.389400005      -1.68253365E-03
  0.390500009      -1.78996078E-03
  0.391600013      -1.89621560E-03
  0.392699987      -2.00035307E-03
  0.393799990      -2.10135547E-03
  0.394899994      -2.19814642E-03
  0.395999998      -2.28960719E-03
  0.397100002      -2.37458735E-03
  0.398200005      -2.45191017E-03
  0.399300009      -2.52037984E-03
  0.400399983      -2.57879472E-03
  0.401499987      -2.62596994E-03
  0.402599990      -2.66076159E-03
  0.403699994      -2.68208724E-03
  0.404799998      -2.68893712E-03
  0.405900002      -2.68038479E-03
  0.407000005      -2.65560439E-03
  0.408100009      -2.61389348E-03
  0.409200013      -2.55469698E-03
  0.410299987      -2.47762282E-03
  0.411399990      -2.38244934E-03
  0.412499994      -2.26912717E-03
  0.413599998      -2.13778834E-03
  0.414700001      -1.98876136E-03
  0.415800005      -1.82258245E-03
  0.416900009      -1.63999712E-03
  0.417999983      -1.44195079E-03
  0.419099987      -1.22957572E-03
  0.420199990      -1.00418238E-03
  0.421299994      -7.67254794E-04
  0.422399998      -5.20444475E-04
  0.423500001      -2.65553361E-04
  0.424600005      -4.50643074E-06
  0.425700009       2.60678062E-04
  0.426800013       5.27912402E-04
  0.427899987       7.95057626E-04
  0.428999990       1.05994183E-03
  0.430099994       1.32038852E-03
  0.431199998       1.57425285E-03
  0.432300001       1.81945763E-03
  0.433400005       2.05401913E-03
  0.434500009       2.27606506E-03
  0.435599983       2.48384848E-03
  0.436699986       2.67577101E-03
  0.437799990       2.85040797E-03
  0.438899994       3.00653488E-03
  0.439999998       3.14314081E-03
  0.441100001       3.25943227E-03
  0.442200005       3.35483323E-03
  0.443300009       3.42898839E-03
  0.444400012       3.48176993E-03
  0.445499986       3.51327914E-03
  0.446599990       3.52384034E-03
  0.447699994       3.51398392E-03
  0.448799998       3.48442863E-03
  0.449900001       3.43606644E-03
  0.451000005       3.36995278E-03
  0.452100009       3.28729209E-03
  0.453199983       3.18941823E-03
  0.454299986       3.07776593E-03
  0.455399990       2.95384252E-03
  0.456499994       2.81920540E-03
  0.457599998       2.67544668E-03
  0.458700001       2.52417685E-03
  0.459800005       2.36700219E-03
  0.460900009       2.20550038E-03
  0.462000012       2.04119761E-03
  0.463099986       1.87555212E-03
  0.464199990       1.70994573E-03
  0.465299994       1.54567603E-03
  0.466399997       1.38394511E-03
  0.467500001       1.22584542E-03
  0.468600005       1.07234996E-03
  0.469700009       9.24310123E-04
  0.470799983       7.82459334E-04
  0.471899986       6.47417677E-04
  0.472999990       5.19692025E-04
  0.474099994       3.99673736E-04
  0.475199997       2.87638599E-04
  0.476300001       1.83754149E-04
  0.477400005       8.80924126E-05
  0.478500009       6.42161012E-07
  0.479600012      -7.86837409E-05
  0.480699986      -1.50044696E-04
  0.481799990      -2.13667474E-04
  0.482899994      -2.69835989E-04
  0.483999997      -3.18877836E-04
  0.485100001      -3.61152197E-04
  0.486200005      -3.97042837E-04
  0.487300009      -4.26955143E-04
  0.488399982      -4.51312488E-04
  0.489499986      -4.70547908E-04
  0.490599990      -4.85093449E-04
  0.491699994      -4.95372165E-04
  0.492799997      -5.01795439E-04
  0.493900001      -5.04764146E-04
  0.495000005      -5.04669209E-04
  0.496100008      -5.01886941E-04
  0.497200012      -4.96772409E-04
  0.498299986      -4.89654252E-04
  0.499399990      -4.80834860E-04
  0.500500023      -4.70593572E-04
  0.501600027      -4.59189410E-04
  0.502699971      -4.46859951E-04
  0.503799975      -4.33818816E-04
  0.504899979      -4.20254568E-04
  0.505999982      -4.06333595E-04
  0.507099986      -3.92204354E-04
  0.508199990      -3.77999531E-04
  0.509299994      -3.63834668E-04
  0.510399997      -3.49805428E-04
  0.511500001      -3.35987861E-04
  0.512600005      -3.22442851E-04
  0.513700008      -3.09220835E-04
  0.514800012      -2.96364364E-04
  0.515900016      -2.83906789E-04
  0.517000020      -2.71870202E-04
  0.518100023      -2.60266563E-04
  0.519199967      -2.49101548E-04
  0.520299971      -2.38378605E-04
  0.521399975      -2.28099467E-04
  0.522499979      -2.18261222E-04
  0.523599982      -2.08853948E-04
  0.524699986      -1.99862145E-04
  0.525799990      -1.91269923E-04
  0.526899993      -1.83065204E-04
  0.527999997      -1.75239358E-04
  0.529100001      -1.67782695E-04
  0.530200005      -1.60680487E-04
  0.531300008      -1.53913788E-04
  0.532400012      -1.47464583E-04
  0.533500016      -1.41320415E-04
  0.534600019      -1.35474242E-04
  0.535700023      -1.29919790E-04
  0.536800027      -1.24647195E-04
  0.537899971      -1.19642777E-04
  0.538999975      -1.14892959E-04
  0.540099978      -1.10388042E-04
  0.541199982      -1.06121719E-04
  0.542299986      -1.02087004E-04
  0.543399990      -9.82727579E-05
  0.544499993      -9.46645523E-05
  0.545599997      -9.12489777E-05
  0.546700001      -8.80171283E-05
  0.547800004      -8.49638891E-05
  0.548900008      -8.20836431E-05
