   0.00000000       0.00000000
   1.09999999E-03   0.00000000
   2.19999999E-03   0.00000000
   3.29999998E-03   0.00000000
   4.39999998E-03   0.00000000
   5.49999997E-03   0.00000000
   6.59999996E-03   0.00000000
   7.69999996E-03   0.00000000
   8.79999995E-03   0.00000000
   9.89999995E-03   0.00000000
   1.09999999E-02   0.00000000
   1.20999999E-02   0.00000000
   1.31999999E-02   0.00000000
   1.42999999E-02   0.00000000
   1.53999999E-02   0.00000000
   1.64999999E-02   0.00000000
   1.75999999E-02   0.00000000
   1.86999999E-02   0.00000000
   1.97999999E-02   0.00000000
   2.08999999E-02   0.00000000
   2.19999999E-02   0.00000000
   2.30999999E-02   0.00000000
   2.41999999E-02  -0.00000000
   2.52999999E-02  -0.00000000
   2.63999999E-02   2.80259693E-45
   2.74999999E-02   1.40129846E-44
   2.85999998E-02   2.80259693E-45
   2.96999998E-02  -3.18094751E-43
   3.07999998E-02  -1.82589190E-42
   3.18999998E-02  -3.49623967E-42
   3.29999998E-02   1.15565084E-41
   3.40999998E-02   9.49477800E-41
   3.51999998E-02   2.43727842E-40
   3.62999998E-02  -7.17759086E-41
   3.73999998E-02  -2.55985000E-39
   3.84999998E-02  -8.15187305E-39
   3.95999998E-02  -6.43338087E-39
   4.06999998E-02   3.98539709E-38
   4.17999998E-02   1.66562909E-37
   4.28999998E-02   2.37385722E-37
   4.39999998E-02  -3.27244042E-37
   4.50999998E-02  -2.27719978E-36
   4.61999997E-02  -4.43354225E-36
   4.72999997E-02  -5.39149696E-38
   4.83999997E-02   2.15583540E-35
   4.94999997E-02   5.46436183E-35
   5.05999997E-02   3.84280009E-35
   5.16999997E-02  -1.40612611E-34
   5.27999997E-02  -4.85776209E-34
   5.38999997E-02  -5.55870340E-34
   5.49999997E-02   5.98899035E-34
   5.60999997E-02   3.31759036E-33
   5.71999997E-02   4.86307707E-33
   5.82999997E-02  -1.42462036E-33
   5.93999997E-02  -1.91360254E-32
   6.04999997E-02  -3.24897146E-32
   6.15999997E-02   8.06414104E-34
   6.27000034E-02   1.08108170E-31
   6.37999997E-02   1.99950531E-31
   6.48999959E-02   1.54130467E-32
   6.59999996E-02  -6.46476895E-31
   6.71000034E-02  -1.31081510E-30
   6.81999996E-02  -4.00300824E-31
   6.92999959E-02   3.62194674E-30
   7.03999996E-02   8.73024871E-30
   7.15000033E-02   6.10867325E-30
   7.25999996E-02  -1.53653068E-29
   7.36999959E-02  -5.09242539E-29
   7.47999996E-02  -5.82064960E-29
   7.59000033E-02   3.19976378E-29
   7.69999996E-02   2.34374383E-28
   7.80999959E-02   3.84954877E-28
   7.91999996E-02   1.27727361E-28
   8.03000033E-02  -7.81497979E-28
   8.13999996E-02  -1.87708624E-27
   8.24999958E-02  -1.65865786E-27
   8.35999995E-02   1.50372739E-27
   8.47000033E-02   6.93063070E-27
   8.57999995E-02   9.44500697E-27
   8.68999958E-02   1.28571963E-27
   8.79999995E-02  -1.93811646E-26
   8.91000032E-02  -3.79879081E-26
   9.01999995E-02  -2.47982293E-26
   9.12999958E-02   3.93699585E-26
   9.23999995E-02   1.21935068E-25
   9.35000032E-02   1.25344427E-25
   9.45999995E-02  -4.51712663E-26
   9.56999958E-02  -3.39448499E-25
   9.67999995E-02  -4.71111923E-25
   9.79000032E-02  -6.97673515E-26
   9.89999995E-02   8.73265867E-25
  0.100099996       1.59083445E-24
  0.101199999       7.94510776E-25
  0.102300003      -2.04081314E-24
  0.103399999      -5.09467356E-24
  0.104499996      -4.25770910E-24
  0.105599999       3.52409489E-24
  0.106700003       1.48779466E-23
  0.107799999       1.79757356E-23
  0.108899996       1.56478449E-26
  0.109999999      -3.64957789E-23
  0.111100003      -6.19682174E-23
  0.112199999      -3.24856013E-23
  0.113299996       6.65706844E-23
  0.114399999       1.74438262E-22
  0.115500003       1.63879353E-22
  0.116599999      -5.72295615E-23
  0.117699996      -3.99699741E-22
  0.118799999      -5.48562110E-22
  0.119900003      -1.62258692E-22
  0.120999999       7.29999613E-22
  0.122099996       1.46273714E-21
  0.123199999       1.03393598E-21
  0.124300003      -9.48381454E-22
  0.125400007      -3.32023634E-21
  0.126499996      -3.56447716E-21
  0.127599999       2.07101711E-22
  0.128700003       6.53539448E-21
  0.129799992       9.86377257E-21
  0.130899996       4.09428958E-21
  0.131999999      -1.06390533E-20
  0.133100003      -2.36595579E-20
  0.134200007      -1.86991221E-20
  0.135299996       1.11899305E-20
  0.136399999       4.91933939E-20
  0.137500003       5.77549718E-20
  0.138599992       7.33103035E-21
  0.139699996      -8.48809511E-20
  0.140799999      -1.43692879E-19
  0.141900003      -8.25845750E-20
  0.143000007       1.07324196E-19
  0.144099995       2.98899129E-19
  0.145199999       2.85030568E-19
  0.146300003      -4.32331246E-20
  0.147399992      -5.19322755E-19
  0.148499995      -7.19451039E-19
  0.149599999      -2.70846178E-19
  0.150700003       7.18101960E-19
  0.151800007       1.50205339E-18
  0.152899995       1.13899855E-18
  0.153999999      -6.16350472E-19
  0.155100003      -2.67404434E-18
  0.156199992      -3.04277851E-18
  0.157299995      -4.46258357E-19
  0.158399999       3.96554273E-18
  0.159500003       6.56297961E-18
  0.160600007       3.74555570E-18
  0.161699995      -4.31447481E-18
  0.162799999      -1.19752120E-17
  0.163900003      -1.12415516E-17
  0.164999992       1.18798191E-18
  0.166099995       1.83146175E-17
  0.167199999       2.51035188E-17
  0.168300003       9.97592392E-18
  0.169400007      -2.19260103E-17
  0.170499995      -4.63565184E-17
  0.171599999      -3.57505409E-17
  0.172700003       1.47007415E-17
  0.173799992       7.23850666E-17
  0.174899995       8.36090473E-17
  0.175999999       1.78110316E-17
  0.177100003      -9.26411184E-17
  0.178200006      -1.58348839E-16
  0.179299995      -9.73044848E-17
  0.180399999       8.20439951E-17
  0.181500003       2.53226852E-16
  0.182599992       2.48411152E-16
  0.183699995       4.79148009E-18
  0.184799999      -3.35054311E-16
  0.185900003      -4.83421079E-16
  0.187000006      -2.29622400E-16
  0.188099995       3.30870313E-16
  0.189199999       7.77907065E-16
  0.190300003       6.51296339E-16
  0.191399992      -1.27152377E-16
  0.192499995      -1.04882076E-15
  0.193599999      -1.29935151E-15
  0.194700003      -4.22564038E-16
  0.195800006       1.13335444E-15
  0.196899995       2.14086476E-15
  0.197999999       1.48858820E-15
  0.199100003      -7.46801897E-16
  0.200199991      -2.99914970E-15
  0.201299995      -3.20187306E-15
  0.202399999      -5.42593107E-16
  0.203500003       3.41245519E-15
  0.204600006       5.45065109E-15
  0.205699995       3.17015040E-15
  0.206799999      -2.59913457E-15
  0.207900003      -7.63954262E-15
  0.208999991      -7.22972690E-15
  0.210099995      -2.75828656E-16
  0.211199999       8.72885833E-15
  0.212300003       1.22728078E-14
  0.213400006       5.79007116E-15
  0.214499995      -7.48528606E-15
  0.215599999      -1.74308369E-14
  0.216700003      -1.43493971E-14
  0.217799991       2.27780204E-15
  0.218899995       2.10714370E-14
  0.219999999       2.59545650E-14
  0.221100003       9.23902373E-15
  0.222200006      -1.96200698E-14
  0.223299995      -3.83424066E-14
  0.224399999      -2.83843485E-14
  0.225500003       8.06605505E-15
  0.226599991       4.54542782E-14
  0.227699995       5.19899878E-14
  0.228799999       1.58121095E-14
  0.229900002      -4.06746204E-14
  0.231000006      -7.31634127E-14
  0.232099995      -4.92140745E-14
  0.233199999       2.14817025E-14
  0.234300002       8.71460225E-14
  0.235399991       9.01615615E-14
  0.236499995       1.53799296E-14
  0.237599999      -8.86140255E-14
  0.238700002      -1.38601140E-13
  0.239800006      -8.08404653E-14
  0.240899995       5.77874337E-14
  0.241999999       1.77277680E-13
  0.243100002       1.74855031E-13
  0.244199991       3.01456180E-14
  0.245299995      -1.63606406E-13
  0.246399999      -2.57480696E-13
  0.247500002      -1.60527069E-13
  0.248600006       7.62519862E-14
  0.249699995       2.80003072E-13
  0.250800014       2.79964935E-13
  0.251899987       4.88025690E-14
  0.252999991      -2.53005922E-13
  0.254099995      -3.81514156E-13
  0.255199999      -1.99148505E-13
  0.256300002       1.93571233E-13
  0.257400006       5.02252536E-13
  0.258500010       4.49942872E-13
  0.259599984       8.16984284E-15
  0.260699987      -5.38235634E-13
  0.261799991      -7.70878966E-13
  0.262899995      -4.53171382E-13
  0.263999999       2.53560600E-13
  0.265100002       8.61628748E-13
  0.266200006       8.98982169E-13
  0.267300010       2.83991960E-13
  0.268400013      -5.63534354E-13
  0.269499987      -9.99106505E-13
  0.270599991      -6.45826166E-13
  0.271699995       2.67404209E-13
  0.272799999       1.01671666E-12
  0.273900002       9.14704727E-13
  0.275000006      -1.10993408E-13
  0.276100010      -1.35624975E-12
  0.277199984      -1.78899322E-12
  0.278299987      -8.35916406E-13
  0.279399991       1.07500608E-12
  0.280499995       2.68485039E-12
  0.281599998       2.75218823E-12
  0.282700002       1.00295228E-12
  0.283800006      -1.54826900E-12
  0.284900010      -3.22927861E-12
  0.286000013      -2.90614408E-12
  0.287099987      -8.68953780E-13
  0.288199991       1.31695555E-12
  0.289299995       1.97580407E-12
  0.290399998       6.72236247E-13
  0.291500002      -1.32170761E-12
  0.292600006      -1.92362879E-12
  0.293700010       6.30428869E-14
  0.294799984       3.73610127E-12
  0.295899987       6.42414290E-12
  0.296999991       5.51895162E-12
  0.298099995       5.65710673E-13
  0.299199998      -6.00162628E-12
  0.300300002      -1.02333073E-11
  0.301400006      -9.34739439E-12
  0.302500010      -3.82227409E-12
  0.303600013       2.74900198E-12
  0.304699987       6.13207922E-12
  0.305799991       4.56163059E-12
  0.306899995       1.57746212E-13
  0.307999998      -2.57473947E-12
  0.309100002      -2.27912524E-13
  0.310200006       6.60900978E-12
  0.311300009       1.33669265E-11
  0.312399983       1.46892498E-11
  0.313499987       8.57654919E-12
  0.314599991      -1.71669818E-12
  0.315699995      -9.78909228E-12
  0.316799998      -1.09775739E-11
  0.317900002      -6.45135594E-12
  0.319000006      -3.13591189E-12
  0.320100009      -8.93480429E-12
  0.321200013      -2.62905669E-11
  0.322299987      -4.87485399E-11
  0.323399991      -6.34281516E-11
  0.324499995      -5.82020890E-11
  0.325599998      -2.88619025E-11
  0.326700002       1.86634094E-11
  0.327800006       7.24733051E-11
  0.328900009       1.21906346E-10
  0.329999983       1.62027058E-10
  0.331099987       1.91631155E-10
  0.332199991       2.06259981E-10
  0.333299994       1.92335176E-10
  0.334399998       1.28739519E-10
  0.335500002      -2.72450812E-12
  0.336600006      -2.03373499E-10
  0.337700009      -4.49230236E-10
  0.338800013      -6.94579061E-10
  0.339899987      -8.86287488E-10
  0.340999991      -9.80289960E-10
  0.342099994      -9.49865298E-10
  0.343199998      -7.80867093E-10
  0.344300002      -4.58073746E-10
  0.345400006       4.72129696E-11
  0.346500009       7.79813492E-10
  0.347599983       1.79345228E-09
  0.348699987       3.14228421E-09
  0.349799991       4.88192553E-09
  0.350899994       7.08414483E-09
  0.351999998       9.85862414E-09
  0.353100002       1.33683269E-08
  0.354200006       1.78283202E-08
  0.355300009       2.34895108E-08
  0.356400013       3.06212620E-08
  0.357499987       3.95102298E-08
  0.358599991       5.04842852E-08
  0.359699994       6.39547579E-08
  0.360799998       8.04588893E-08
  0.361900002       1.00687153E-07
  0.363000005       1.25490459E-07
  0.364100009       1.55880798E-07
  0.365199983       1.93042411E-07
  0.366299987       2.38367051E-07
  0.367399991       2.93508208E-07
  0.368499994       3.60436587E-07
  0.369599998       4.41477397E-07
  0.370700002       5.39326891E-07
  0.371800005       6.57068995E-07
  0.372900009       7.98222970E-07
  0.374000013       9.66827315E-07
  0.375099987       1.16756348E-06
  0.376199991       1.40587804E-06
  0.377299994       1.68807730E-06
  0.378399998       2.02139358E-06
  0.379500002       2.41404200E-06
  0.380600005       2.87527791E-06
  0.381700009       3.41547207E-06
  0.382799983       4.04621824E-06
  0.383899987       4.78042921E-06
  0.384999990       5.63244976E-06
  0.386099994       6.61812373E-06
  0.387199998       7.75485933E-06
  0.388300002       9.06165224E-06
  0.389400005       1.05591726E-05
  0.390500009       1.22698793E-05
  0.391600013       1.42180843E-05
  0.392699987       1.64298981E-05
  0.393799990       1.89331386E-05
  0.394899994       2.17571906E-05
  0.395999998       2.49327913E-05
  0.397100002       2.84917896E-05
  0.398200005       3.24669236E-05
  0.399300009       3.68915971E-05
  0.400399983       4.17996125E-05
  0.401499987       4.72247229E-05
  0.402599990       5.32001759E-05
  0.403699994       5.97582221E-05
  0.404799998       6.69295332E-05
  0.405900002       7.47423983E-05
  0.407000005       8.32220103E-05
  0.408100009       9.23897605E-05
  0.409200013       1.02262245E-04
  0.410299987       1.12850423E-04
  0.411399990       1.24158716E-04
  0.412499994       1.36183953E-04
  0.413599998       1.48914361E-04
  0.414700001       1.62329059E-04
  0.415800005       1.76397109E-04
  0.416900009       1.91076630E-04
  0.417999983       2.06314420E-04
  0.419099987       2.22045113E-04
  0.420199990       2.38190725E-04
  0.421299994       2.54659913E-04
  0.422399998       2.71348021E-04
  0.423500001       2.88137060E-04
  0.424600005       3.04896064E-04
  0.425700009       3.21481406E-04
  0.426800013       3.37737467E-04
  0.427899987       3.53498326E-04
  0.428999990       3.68588604E-04
  0.430099994       3.82824393E-04
  0.431199998       3.96015239E-04
  0.432300001       4.07966785E-04
  0.433400005       4.18483105E-04
  0.434500009       4.27369145E-04
  0.435599983       4.34432644E-04
  0.436699986       4.39487048E-04
  0.437799990       4.42353747E-04
  0.438899994       4.42866236E-04
  0.439999998       4.40873409E-04
  0.441100001       4.36242088E-04
  0.442200005       4.28859232E-04
  0.443300009       4.18634183E-04
  0.444400012       4.05501662E-04
  0.445499986       3.89424764E-04
  0.446599990       3.70397349E-04
  0.447699994       3.48444999E-04
  0.448799998       3.23625049E-04
  0.449900001       2.96026556E-04
  0.451000005       2.65771174E-04
  0.452100009       2.33013823E-04
  0.453199983       1.97942281E-04
  0.454299986       1.60774929E-04
  0.455399990       1.21758130E-04
  0.456499994       8.11632344E-05
  0.457599998       3.92844995E-05
  0.458700001      -3.56280680E-06
  0.459800005      -4.70459672E-05
  0.460900009      -9.08200454E-05
  0.462000012      -1.34533271E-04
  0.463099986      -1.77832175E-04
  0.464199990      -2.20364425E-04
  0.465299994      -2.61782232E-04
  0.466399997      -3.01745924E-04
  0.467500001      -3.39930441E-04
  0.468600005      -3.76030948E-04
  0.469700009      -4.09766595E-04
  0.470799983      -4.40882955E-04
  0.471899986      -4.69152845E-04
  0.472999990      -4.94378677E-04
  0.474099994      -5.16395958E-04
  0.475199997      -5.35078754E-04
  0.476300001      -5.50339872E-04
  0.477400005      -5.62130183E-04
  0.478500009      -5.70435135E-04
  0.479600012      -5.75273647E-04
  0.480699986      -5.76699793E-04
  0.481799990      -5.74802631E-04
  0.482899994      -5.69705153E-04
  0.483999997      -5.61559340E-04
  0.485100001      -5.50540630E-04
  0.486200005      -5.36845298E-04
  0.487300009      -5.20688191E-04
  0.488399982      -5.02302486E-04
  0.489499986      -4.81935946E-04
  0.490599990      -4.59844945E-04
  0.491699994      -4.36289585E-04
  0.492799997      -4.11529647E-04
  0.493900001      -3.85823048E-04
  0.495000005      -3.59425234E-04
  0.496100008      -3.32585012E-04
  0.497200012      -3.05539463E-04
  0.498299986      -2.78510823E-04
  0.499399990      -2.51705293E-04
  0.500500023      -2.25314361E-04
  0.501600027      -1.99514790E-04
  0.502699971      -1.74465968E-04
  0.503799975      -1.50307547E-04
  0.504899979      -1.27157735E-04
  0.505999982      -1.05114334E-04
  0.507099986      -8.42573354E-05
  0.508199990      -6.46502085E-05
  0.509299994      -4.63397009E-05
  0.510399997      -2.93547964E-05
  0.511500001      -1.37072993E-05
  0.512600005       6.05913556E-07
  0.513700008       1.35999680E-05
  0.514800012       2.53000399E-05
  0.515900016       3.57409554E-05
  0.517000020       4.49673171E-05
  0.518100023       5.30323050E-05
  0.519199967       5.99950436E-05
  0.520299971       6.59181387E-05
  0.521399975       7.08660373E-05
  0.522499979       7.49053288E-05
  0.523599982       7.81051058E-05
  0.524699986       8.05363597E-05
  0.525799990       8.22693619E-05
  0.526899993       8.33717131E-05
  0.527999997       8.39078348E-05
  0.529100001       8.39398126E-05
  0.530200005       8.35282772E-05
  0.531300008       8.27316398E-05
  0.532400012       8.16045358E-05
  0.533500016       8.01965216E-05
  0.534600019       7.85520751E-05
  0.535700023       7.67120437E-05
  0.536800027       7.47146405E-05
  0.537899971       7.25954669E-05
  0.538999975       7.03864353E-05
  0.540099978       6.81150996E-05
  0.541199982       6.58051285E-05
  0.542299986       6.34774551E-05
  0.543399990       6.11513387E-05
  0.544499993       5.88438925E-05
  0.545599997       5.65691007E-05
  0.546700001       5.43372953E-05
  0.547800004       5.21560432E-05
  0.548900008       5.00317256E-05
