   0.00000000       0.00000000
   1.09999999E-03   0.00000000
   2.19999999E-03   0.00000000
   3.29999998E-03   0.00000000
   4.39999998E-03   0.00000000
   5.49999997E-03   0.00000000
   6.59999996E-03   0.00000000
   7.69999996E-03   0.00000000
   8.79999995E-03   0.00000000
   9.89999995E-03   0.00000000
   1.09999999E-02   0.00000000
   1.20999999E-02   0.00000000
   1.31999999E-02   0.00000000
   1.42999999E-02   0.00000000
   1.53999999E-02   0.00000000
   1.64999999E-02   0.00000000
   1.75999999E-02   0.00000000
   1.86999999E-02   0.00000000
   1.97999999E-02   0.00000000
   2.08999999E-02   0.00000000
   2.19999999E-02   0.00000000
   2.30999999E-02   0.00000000
   2.41999999E-02   0.00000000
   2.52999999E-02   0.00000000
   2.63999999E-02   0.00000000
   2.74999999E-02   0.00000000
   2.85999998E-02   0.00000000
   2.96999998E-02   0.00000000
   3.07999998E-02   0.00000000
   3.18999998E-02   0.00000000
   3.29999998E-02   0.00000000
   3.40999998E-02   0.00000000
   3.51999998E-02   0.00000000
   3.62999998E-02   0.00000000
   3.73999998E-02   0.00000000
   3.84999998E-02   0.00000000
   3.95999998E-02   0.00000000
   4.06999998E-02   0.00000000
   4.17999998E-02   0.00000000
   4.28999998E-02   0.00000000
   4.39999998E-02   0.00000000
   4.50999998E-02   0.00000000
   4.61999997E-02   0.00000000
   4.72999997E-02   0.00000000
   4.83999997E-02   0.00000000
   4.94999997E-02   0.00000000
   5.05999997E-02   0.00000000
   5.16999997E-02   0.00000000
   5.27999997E-02   0.00000000
   5.38999997E-02   0.00000000
   5.49999997E-02   0.00000000
   5.60999997E-02   0.00000000
   5.71999997E-02   0.00000000
   5.82999997E-02   0.00000000
   5.93999997E-02   0.00000000
   6.04999997E-02   0.00000000
   6.15999997E-02   0.00000000
   6.27000034E-02   0.00000000
   6.37999997E-02   0.00000000
   6.48999959E-02   0.00000000
   6.59999996E-02   0.00000000
   6.71000034E-02   0.00000000
   6.81999996E-02   0.00000000
   6.92999959E-02   0.00000000
   7.03999996E-02   0.00000000
   7.15000033E-02   0.00000000
   7.25999996E-02   0.00000000
   7.36999959E-02   0.00000000
   7.47999996E-02   0.00000000
   7.59000033E-02   0.00000000
   7.69999996E-02   0.00000000
   7.80999959E-02  -0.00000000
   7.91999996E-02  -0.00000000
   8.03000033E-02   2.80259693E-45
   8.13999996E-02   7.00649232E-45
   8.24999958E-02   8.40779079E-45
   8.35999995E-02  -2.80259693E-45
   8.47000033E-02  -4.62428493E-44
   8.57999995E-02  -9.94921910E-44
   8.68999958E-02  -4.06376555E-44
   8.79999995E-02   2.99877871E-43
   8.91000032E-02   8.73008943E-43
   9.01999995E-02   9.12245300E-43
   9.12999958E-02  -1.11403228E-42
   9.23999995E-02  -5.81959252E-42
   9.35000032E-02  -9.20372831E-42
   9.45999995E-02  -5.28289521E-43
   9.56999958E-02   2.97888028E-41
   9.67999995E-02   6.68839757E-41
   9.79000032E-02   4.88786917E-41
   9.89999995E-02  -1.05828863E-40
  0.100099996      -3.73946304E-40
  0.101199999      -4.61352296E-40
  0.102300003       1.53475813E-40
  0.103399999       1.64812318E-39
  0.104499996       2.87443870E-39
  0.105599999       1.09947839E-39
  0.106700003      -5.73233647E-39
  0.107799999      -1.40217918E-38
  0.108899996      -1.14206385E-38
  0.109999999       1.54055278E-38
  0.111100003       5.82175276E-38
  0.112199999       6.67573880E-38
  0.113299996      -2.86089403E-38
  0.114399999      -2.22309544E-37
  0.115500003      -3.23072253E-37
  0.116599999      -2.73392209E-39
  0.117699996       8.29622142E-37
  0.118799999       1.48637356E-36
  0.119900003       5.00450451E-37
  0.120999999      -2.98589233E-36
  0.122099996      -6.73835348E-36
  0.123199999      -4.52627637E-36
  0.124300003       9.21448383E-36
  0.125400007       2.87633021E-35
  0.126499996       2.97423718E-35
  0.127599999      -1.77898629E-35
  0.128700003      -1.07830243E-34
  0.129799992      -1.56168810E-34
  0.130899996      -2.51250725E-35
  0.131999999       3.31545059E-34
  0.133100003       6.70171600E-34
  0.134200007       4.45705443E-34
  0.135299996      -7.48033590E-34
  0.136399999      -2.37927293E-33
  0.137500003      -2.58353546E-33
  0.138599992       7.20897625E-34
  0.139699996       7.01618929E-33
  0.140799999       1.07955660E-32
  0.141900003       3.65193989E-33
  0.143000007      -1.69306657E-32
  0.144099995      -3.71144092E-32
  0.145199999      -2.78612997E-32
  0.146300003       3.07392419E-32
  0.147399992       1.10902673E-31
  0.148499995       1.23747546E-31
  0.149599999      -2.20801567E-32
  0.150700003      -2.94394684E-31
  0.151800007      -4.49397321E-31
  0.152899995      -1.46209610E-31
  0.153999999       6.81324237E-31
  0.155100003       1.44346089E-30
  0.156199992       1.02350312E-30
  0.157299995      -1.23378317E-30
  0.158399999      -4.15225756E-30
  0.159500003      -4.45873546E-30
  0.160600007       9.07232058E-31
  0.161699995       1.04681259E-29
  0.162799999       1.56975553E-29
  0.163900003       5.44899598E-30
  0.164999992      -2.18692354E-29
  0.166099995      -4.70731072E-29
  0.167199999      -3.55833613E-29
  0.168300003       3.21309513E-29
  0.169400007       1.21487179E-28
  0.170499995       1.38747219E-28
  0.171599999      -2.79736510E-30
  0.172700003      -2.66530697E-28
  0.173799992      -4.29998142E-28
  0.174899995      -2.02452215E-28
  0.175999999       4.70182140E-28
  0.177100003       1.13577327E-27
  0.178200006       9.69240422E-28
  0.179299995      -5.19504580E-28
  0.180399999      -2.60418835E-27
  0.181500003      -3.23436361E-27
  0.182599992      -4.64542199E-28
  0.183699995       5.09169308E-27
  0.184799999       8.96152922E-27
  0.185900003       5.16433531E-27
  0.187000006      -7.76834551E-27
  0.188099995      -2.15212918E-26
  0.189199999      -2.03942484E-26
  0.190300003       5.64234380E-27
  0.191399992       4.47562515E-26
  0.192499995       6.08386848E-26
  0.193599999       1.79727936E-26
  0.194700003      -7.73007883E-26
  0.195800006      -1.52651438E-25
  0.196899995      -1.06600709E-25
  0.197999999       9.46689971E-26
  0.199100003       3.30251786E-25
  0.200199991       3.54982526E-25
  0.201299995      -5.85071016E-27
  0.202399999      -6.08241439E-25
  0.203500003      -9.35755878E-25
  0.204600006      -4.33648475E-25
  0.205699995       8.89313072E-25
  0.206799999       2.09638346E-24
  0.207900003       1.76464161E-24
  0.208999991      -7.38357636E-25
  0.210099995      -4.03761967E-24
  0.211199999      -4.99538595E-24
  0.212300003      -1.07363535E-24
  0.213400006       6.48150366E-24
  0.214499995       1.16549442E-23
  0.215599999       7.32901637E-24
  0.216700003      -7.59014826E-24
  0.217799991      -2.33209640E-23
  0.218899995      -2.33217260E-23
  0.219999999       1.76893223E-24
  0.221100003       3.97461067E-23
  0.222200006       5.73849924E-23
  0.223299995       2.40180693E-23
  0.224399999      -5.40538726E-23
  0.225500003      -1.19209239E-22
  0.226599991      -9.50085836E-23
  0.227699995       4.29505417E-23
  0.228799999       2.12187579E-22
  0.229900002       2.51794935E-22
  0.231000006       4.95489341E-23
  0.232099995      -3.13525105E-22
  0.233199999      -5.44558534E-22
  0.234300002      -3.32976042E-22
  0.235399991       3.34332959E-22
  0.236499995       1.00390151E-21
  0.237599999       9.85339929E-22
  0.238700002      -5.45630223E-23
  0.239800006      -1.56550373E-21
  0.240899995      -2.23561252E-21
  0.241999999      -9.60449486E-22
  0.243100002       1.92061463E-21
  0.244199991       4.26248351E-21
  0.245299995       3.42582344E-21
  0.246399999      -1.27224942E-21
  0.247500002      -6.92758270E-21
  0.248600006      -8.29208578E-21
  0.249699995      -1.98078535E-21
  0.250800014       9.24275945E-21
  0.251899987       1.64071145E-20
  0.252999991       1.05015829E-20
  0.254099995      -8.50952039E-21
  0.255199999      -2.76093663E-20
  0.256300002      -2.78900487E-20
  0.257400006      -7.69786880E-22
  0.258500010       3.89522679E-20
  0.259599984       5.75962112E-20
  0.260699987       2.77702368E-20
  0.261799991      -4.19116422E-20
  0.262899995      -1.00058061E-19
  0.263999999      -8.50301086E-20
  0.265100002       1.88912736E-20
  0.266200006       1.47175839E-19
  0.267300010       1.85214063E-19
  0.268400013       5.96639043E-20
  0.269499987      -1.73657367E-19
  0.270599991      -3.32455779E-19
  0.271699995      -2.34488023E-19
  0.272799999       1.26345402E-19
  0.273900002       5.05756321E-19
  0.275000006       5.47799533E-19
  0.276100010       8.40947224E-20
  0.277199984      -6.33918548E-19
  0.278299987      -1.01818768E-18
  0.279399991      -5.80373958E-19
  0.280499995       5.66212471E-19
  0.281599998       1.59483876E-18
  0.282700002       1.49191371E-18
  0.283800006      -4.99186439E-20
  0.284900010      -2.09020558E-18
  0.286000013      -2.88851201E-18
  0.287099987      -1.26425685E-18
  0.288199991       2.09961476E-18
  0.289299995       4.65786644E-18
  0.290399998       3.75311903E-18
  0.291500002      -9.37895015E-19
  0.292600006      -6.32246485E-18
  0.293700010      -7.64023057E-18
  0.294799984      -2.34045171E-18
  0.295899987       6.83217561E-18
  0.296999991       1.26710504E-17
  0.298099995       8.74286811E-18
  0.299199998      -4.43112837E-18
  0.300300002      -1.76709453E-17
  0.301400006      -1.88827516E-17
  0.302500010      -3.25974343E-18
  0.303600013       2.00849429E-17
  0.304699987       3.22328859E-17
  0.305799991       1.87865720E-17
  0.306899995      -1.56608798E-17
  0.307999998      -4.60956091E-17
  0.309100002      -4.38235524E-17
  0.310200006      -1.41927484E-18
  0.311300009       5.44335136E-17
  0.312399983       7.73235466E-17
  0.313499987       3.73959157E-17
  0.314599991      -4.71284169E-17
  0.315699995      -1.12979610E-16
  0.316799998      -9.62109917E-17
  0.317900002       1.07047693E-17
  0.319000006       1.36890212E-16
  0.320100009       1.75330103E-16
  0.321200013       6.86591606E-17
  0.322299987      -1.26709591E-16
  0.323399991      -2.60995203E-16
  0.324499995      -1.99743763E-16
  0.325599998       5.31466389E-17
  0.326700002       3.23634163E-16
  0.327800006       3.78215590E-16
  0.328900009       1.14855537E-16
  0.329999983      -3.14555585E-16
  0.331099987      -5.75085555E-16
  0.332199991      -3.97812782E-16
  0.333299994       1.68709323E-16
  0.334399998       7.24667391E-16
  0.335500002       7.84313757E-16
  0.336600006       1.78937087E-16
  0.337700009      -7.22212055E-16
  0.338800013      -1.20792203E-15
  0.339899987      -7.63266312E-16
  0.340999991       4.39654463E-16
  0.342099994       1.53515955E-15
  0.343199998       1.55603372E-15
  0.344300002       2.45184380E-16
  0.345400006      -1.56590282E-15
  0.346500009      -2.43347547E-15
  0.347599983      -1.40825781E-15
  0.348699987       1.04335401E-15
  0.349799991       3.13476962E-15
  0.350899994       3.00571717E-15
  0.351999998       2.95093044E-16
  0.353100002      -3.23668442E-15
  0.354200006      -4.76485721E-15
  0.355300009      -2.58184070E-15
  0.356400013       2.22462065E-15
  0.357499987       6.12604975E-15
  0.358599991       5.64910371E-15
  0.359699994       3.24041983E-16
  0.360799998      -6.32217218E-15
  0.361900002      -8.95415384E-15
  0.363000005      -4.57169643E-15
  0.364100009       4.50845229E-15
  0.365199983       1.15713459E-14
  0.366299987       1.02989889E-14
  0.367399991       1.49015542E-16
  0.368499994      -1.20905364E-14
  0.369599998      -1.65954202E-14
  0.370700002      -8.14530684E-15
  0.371800005       8.66116769E-15
  0.372900009       2.14221273E-14
  0.374000013       1.88211991E-14
  0.375099987       2.28912348E-16
  0.376199991      -2.18496774E-14
  0.377299994      -2.97989308E-14
  0.378399998      -1.45832443E-14
  0.379500002       1.52609655E-14
  0.380600005       3.76165841E-14
  0.381700009       3.27190328E-14
  0.382799983      -9.14558414E-17
  0.383899987      -3.85214152E-14
  0.384999990      -5.17810485E-14
  0.386099994      -2.45353342E-14
  0.387199998       2.78028502E-14
  0.388300002       6.65146310E-14
  0.389400005       5.74537163E-14
  0.390500009      -1.50248398E-16
  0.391600013      -6.74764877E-14
  0.392699987      -9.13176192E-14
  0.393799990      -4.51926365E-14
  0.394899994       4.47102038E-14
  0.395999998       1.12430742E-13
  0.397100002       9.96514611E-14
  0.398200005       4.39013788E-15
  0.399300009      -1.08572148E-13
  0.400399983      -1.50041980E-13
  0.401499987      -7.52563566E-14
  0.402599990       7.27656325E-14
  0.403699994       1.84619382E-13
  0.404799998       1.63236503E-13
  0.405900002       4.72256105E-15
  0.407000005      -1.84044024E-13
  0.408100009      -2.54961091E-13
  0.409200013      -1.32203764E-13
  0.410299987       1.15616148E-13
  0.411399990       3.09138538E-13
  0.412499994       2.86199504E-13
  0.413599998       3.45700709E-14
  0.414700001      -2.76841240E-13
  0.415800005      -4.08044475E-13
  0.416900009      -2.30759259E-13
  0.417999983       1.52981984E-13
  0.419099987       4.61007101E-13
  0.420199990       4.33308310E-13
  0.421299994       4.49474713E-14
  0.422399998      -4.40382024E-13
  0.423500001      -6.41672371E-13
  0.424600005      -3.50670393E-13
  0.425700009       2.75612703E-13
  0.426800013       7.87984424E-13
  0.427899987       7.62108909E-13
  0.428999990       1.39671017E-13
  0.430099994      -6.75250871E-13
  0.431199998      -1.07421830E-12
  0.432300001      -6.98460495E-13
  0.433400005       2.46462762E-13
  0.434500009       1.08336701E-12
  0.435599983       1.14183793E-12
  0.436699986       2.90936844E-13
  0.437799990      -8.90534770E-13
  0.438899994      -1.48733738E-12
  0.439999998      -9.36082700E-13
  0.441100001       4.79594446E-13
  0.442200005       1.74548147E-12
  0.443300009       1.82959680E-12
  0.444400012       5.00096004E-13
  0.445499986      -1.38809515E-12
  0.446599990      -2.43213154E-12
  0.447699994      -1.72174037E-12
  0.448799998       3.80114560E-13
  0.449900001       2.36609994E-12
  0.451000005       2.63312636E-12
  0.452100009       7.35915560E-13
  0.453199983      -2.11693683E-12
  0.454299986      -3.80480109E-12
  0.455399990      -2.83778469E-12
  0.456499994       4.16509600E-13
  0.457599998       3.81815456E-12
  0.458700001       4.92913609E-12
  0.459800005       2.87010563E-12
  0.460900009      -8.60169195E-13
  0.462000012      -3.36326474E-12
  0.463099986      -2.54385185E-12
  0.464199990       1.07164809E-12
  0.465299994       4.39527581E-12
  0.466399997       3.90780897E-12
  0.467500001      -1.55426214E-12
  0.468600005      -9.44990787E-12
  0.469700009      -1.48408907E-11
  0.470799983      -1.36534516E-11
  0.471899986      -5.61623231E-12
  0.472999990       5.37207345E-12
  0.474099994       1.39131857E-11
  0.475199997       1.69723818E-11
  0.476300001       1.59973389E-11
  0.477400005       1.54656565E-11
  0.478500009       1.87014050E-11
  0.479600012       2.40912949E-11
  0.480699986       2.49012738E-11
  0.481799990       1.34449517E-11
  0.482899994      -1.29738251E-11
  0.483999997      -4.86305440E-11
  0.485100001      -8.13367360E-11
  0.486200005      -9.88991528E-11
  0.487300009      -9.57593727E-11
  0.488399982      -7.50584733E-11
  0.489499986      -4.45494336E-11
  0.490599990      -9.43747511E-12
  0.491699994       3.21262045E-11
  0.492799997       8.67852526E-11
  0.493900001       1.57866470E-10
  0.495000005       2.37182773E-10
  0.496100008       3.03392117E-10
  0.497200012       3.29382521E-10
  0.498299986       2.94652192E-10
  0.499399990       1.94614047E-10
  0.500500023       4.04822287E-11
  0.501600027      -1.49931706E-10
  0.502699971      -3.63307051E-10
  0.503799975      -5.94761351E-10
  0.504899979      -8.40694014E-10
  0.505999982      -1.08519027E-09
  0.507099986      -1.29038435E-09
  0.508199990      -1.39939504E-09
  0.509299994      -1.35167444E-09
  0.510399997      -1.10106813E-09
  0.511500001      -6.23691820E-10
  0.512600005       9.11327958E-11
  0.513700008       1.06205722E-09
  0.514800012       2.33539876E-09
  0.515900016       3.99066158E-09
  0.517000020       6.12990325E-09
  0.518100023       8.86237128E-09
  0.519199967       1.23008475E-08
  0.520299971       1.65796763E-08
  0.521399975       2.18888108E-08
  0.522499979       2.85054611E-08
  0.523599982       3.68053072E-08
  0.524699986       4.72492729E-08
  0.525799990       6.03614723E-08
  0.526899993       7.67224577E-08
  0.527999997       9.69941283E-08
  0.529100001       1.21973997E-07
  0.530200005       1.52654948E-07
  0.531300008       1.90265382E-07
  0.532400012       2.36281082E-07
  0.533500016       2.92428524E-07
  0.534600019       3.60708015E-07
  0.535700023       4.43453928E-07
  0.536800027       5.43432805E-07
  0.537899971       6.63950573E-07
  0.538999975       8.08929144E-07
  0.540099978       9.82936058E-07
  0.541199982       1.19119954E-06
  0.542299986       1.43965178E-06
  0.543399990       1.73504316E-06
  0.544499993       2.08510096E-06
  0.545599997       2.49869936E-06
  0.546700001       2.98597320E-06
  0.547800004       3.55839848E-06
  0.548900008       4.22885341E-06
