   0.00000000       0.00000000
   1.09999999E-03   0.00000000
   2.19999999E-03   0.00000000
   3.29999998E-03   0.00000000
   4.39999998E-03   0.00000000
   5.49999997E-03   0.00000000
   6.59999996E-03   0.00000000
   7.69999996E-03   0.00000000
   8.79999995E-03   0.00000000
   9.89999995E-03   0.00000000
   1.09999999E-02   0.00000000
   1.20999999E-02   0.00000000
   1.31999999E-02   0.00000000
   1.42999999E-02   0.00000000
   1.53999999E-02   0.00000000
   1.64999999E-02   0.00000000
   1.75999999E-02   0.00000000
   1.86999999E-02   0.00000000
   1.97999999E-02   0.00000000
   2.08999999E-02   0.00000000
   2.19999999E-02   0.00000000
   2.30999999E-02   0.00000000
   2.41999999E-02   0.00000000
   2.52999999E-02   0.00000000
   2.63999999E-02   0.00000000
   2.74999999E-02   0.00000000
   2.85999998E-02   0.00000000
   2.96999998E-02   0.00000000
   3.07999998E-02   0.00000000
   3.18999998E-02   0.00000000
   3.29999998E-02   0.00000000
   3.40999998E-02   0.00000000
   3.51999998E-02   0.00000000
   3.62999998E-02   0.00000000
   3.73999998E-02   0.00000000
   3.84999998E-02   0.00000000
   3.95999998E-02   0.00000000
   4.06999998E-02   0.00000000
   4.17999998E-02   0.00000000
   4.28999998E-02   0.00000000
   4.39999998E-02   0.00000000
   4.50999998E-02   0.00000000
   4.61999997E-02   0.00000000
   4.72999997E-02   0.00000000
   4.83999997E-02   0.00000000
   4.94999997E-02   0.00000000
   5.05999997E-02   0.00000000
   5.16999997E-02   0.00000000
   5.27999997E-02   0.00000000
   5.38999997E-02   0.00000000
   5.49999997E-02   0.00000000
   5.60999997E-02   0.00000000
   5.71999997E-02   0.00000000
   5.82999997E-02   0.00000000
   5.93999997E-02   0.00000000
   6.04999997E-02   0.00000000
   6.15999997E-02   0.00000000
   6.27000034E-02   0.00000000
   6.37999997E-02   0.00000000
   6.48999959E-02   0.00000000
   6.59999996E-02   0.00000000
   6.71000034E-02   1.40129846E-45
   6.81999996E-02   1.40129846E-45
   6.92999959E-02  -1.40129846E-45
   7.03999996E-02  -9.80908925E-45
   7.15000033E-02  -2.80259693E-44
   7.25999996E-02  -3.78350585E-44
   7.36999959E-02   1.82168800E-44
   7.47999996E-02   2.25609053E-43
   7.59000033E-02   5.56315490E-43
   7.69999996E-02   6.03959638E-43
   7.80999959E-02  -6.03959638E-43
   7.91999996E-02  -4.03433828E-42
   8.03000033E-02  -8.48065831E-42
   8.13999996E-02  -7.28535072E-42
   8.24999958E-02   1.21688759E-41
   8.35999995E-02   5.80908278E-41
   8.47000033E-02   1.06996144E-40
   8.57999995E-02   7.21150229E-41
   8.68999958E-02  -1.82390206E-40
   8.79999995E-02  -7.02955769E-40
   8.91000032E-02  -1.15986034E-39
   9.01999995E-02  -6.03481795E-40
   9.12999958E-02   2.21446916E-39
   9.23999995E-02   7.33041647E-39
   9.35000032E-02   1.10066908E-38
   9.45999995E-02   4.29544502E-39
   9.56999958E-02  -2.27111287E-38
   9.67999995E-02  -6.69219229E-38
   9.79000032E-02  -9.25534823E-38
   9.89999995E-02  -2.59351507E-38
  0.100099996       2.01221572E-37
  0.101199999       5.40460011E-37
  0.102300003       6.95822891E-37
  0.103399999       1.32394432E-37
  0.104499996      -1.55952421E-36
  0.105599999      -3.88952886E-36
  0.106700003      -4.71671162E-36
  0.107799999      -5.90124854E-37
  0.108899996       1.06431170E-35
  0.109999999       2.50987903E-35
  0.111100003       2.91181918E-35
  0.112199999       2.73258097E-36
  0.113299996      -6.41898951E-35
  0.114399999      -1.46196990E-34
  0.115500003      -1.65776524E-34
  0.116599999      -1.77680506E-35
  0.117699996       3.43010583E-34
  0.118799999       7.75167536E-34
  0.119900003       8.82764299E-34
  0.120999999       1.51010754E-34
  0.122099996      -1.62914682E-33
  0.123199999      -3.78081558E-33
  0.124300003      -4.45172384E-33
  0.125400007      -1.24076276E-33
  0.126499996       6.91379712E-33
  0.127599999       1.71651269E-32
  0.128700003       2.13963878E-32
  0.129799992       8.73538872E-33
  0.130899996      -2.64569043E-32
  0.131999999      -7.33225769E-32
  0.133100003      -9.77899216E-32
  0.134200007      -5.19848271E-32
  0.135299996       9.25879654E-32
  0.136399999       2.96430053E-31
  0.137500003       4.20928305E-31
  0.138599992       2.64498266E-31
  0.139699996      -3.01272267E-31
  0.140799999      -1.13177480E-30
  0.141900003      -1.68443939E-30
  0.143000007      -1.16840433E-30
  0.144099995       9.17944009E-31
  0.145199999       4.03548452E-30
  0.146300003       6.18985421E-30
  0.147399992       4.56068336E-30
  0.148499995      -2.54264393E-30
  0.149599999      -1.31830311E-29
  0.150700003      -2.06983588E-29
  0.151800007      -1.61085804E-29
  0.152899995       5.61764801E-30
  0.153999999       3.84040061E-29
  0.155100003       6.27581907E-29
  0.156199992       5.33328520E-29
  0.157299995      -4.22683544E-30
  0.158399999      -9.57628341E-29
  0.159500003      -1.73621910E-28
  0.160600007      -1.73345756E-28
  0.161699995      -4.90110412E-29
  0.162799999       1.88390892E-28
  0.163900003       4.49316615E-28
  0.164999992       5.75199971E-28
  0.166099995       3.87027082E-28
  0.167199999      -2.21054748E-28
  0.168300003      -1.14716014E-27
  0.169400007      -1.95566361E-27
  0.170499995      -1.89193786E-27
  0.171599999      -2.16325507E-28
  0.172700003       3.09105901E-27
  0.173799992       6.57612940E-27
  0.174899995       7.26901582E-27
  0.175999999       2.14517569E-27
  0.177100003      -8.98157738E-27
  0.178200006      -2.08332002E-26
  0.179299995      -2.32529078E-26
  0.180399999      -7.07050637E-27
  0.181500003       2.64940846E-26
  0.182599992       5.95832004E-26
  0.183699995       6.29755981E-26
  0.184799999       1.55142747E-26
  0.185900003      -7.19288735E-26
  0.187000006      -1.47947436E-25
  0.188099995      -1.44265070E-25
  0.189199999      -2.65641884E-26
  0.190300003       1.61057713E-25
  0.191399992       3.01628930E-25
  0.192499995       2.76390311E-25
  0.193599999       6.06956175E-26
  0.194700003      -2.35574007E-25
  0.195800006      -4.36904006E-25
  0.196899995      -4.40113585E-25
  0.197999999      -2.93048983E-25
  0.199100003      -1.08134045E-25
  0.200199991       1.31622872E-25
  0.201299995       6.35798322E-25
  0.202399999       1.52419849E-24
  0.203500003       2.32219036E-24
  0.204600006       1.79666266E-24
  0.205699995      -1.25686417E-24
  0.206799999      -6.37680406E-24
  0.207900003      -1.02245753E-23
  0.208999991      -7.64900360E-24
  0.210099995       4.28458520E-24
  0.211199999       2.14268001E-23
  0.212300003       3.14392247E-23
  0.213400006       2.02408834E-23
  0.214499995      -1.55650240E-23
  0.215599999      -5.89354764E-23
  0.216700003      -7.64209128E-23
  0.217799991      -3.97793966E-23
  0.218899995       4.61151330E-23
  0.219999999       1.32141522E-22
  0.221100003       1.48724691E-22
  0.222200006       5.78340877E-23
  0.223299995      -1.03092445E-22
  0.224399999      -2.28748433E-22
  0.225500003      -2.16472621E-22
  0.226599991      -5.50656908E-23
  0.227699995       1.46396403E-22
  0.228799999       2.36119398E-22
  0.229900002       1.58220279E-22
  0.231000006       2.66829267E-23
  0.232099995       2.99913273E-23
  0.233199999       2.06838698E-22
  0.234300002       3.00804250E-22
  0.235399991      -8.27458418E-23
  0.236499995      -1.02558986E-21
  0.237599999      -1.90928795E-21
  0.238700002      -1.59378297E-21
  0.239800006       6.67204367E-22
  0.240899995       4.11104564E-21
  0.241999999       6.22107918E-21
  0.243100002       4.12632788E-21
  0.244199991      -2.82794149E-21
  0.245299995      -1.12302426E-20
  0.246399999      -1.46163751E-20
  0.247500002      -7.77588065E-21
  0.248600006       8.12548078E-21
  0.249699995       2.39111565E-20
  0.250800014       2.71072515E-20
  0.251899987       1.11993873E-20
  0.252999991      -1.71210748E-20
  0.254099995      -3.97032412E-20
  0.255199999      -3.88372639E-20
  0.256300002      -1.17089395E-20
  0.257400006       2.46619990E-20
  0.258500010       4.46630226E-20
  0.259599984       3.49197688E-20
  0.260699987       7.31138077E-21
  0.261799991      -1.02991079E-20
  0.262899995      -1.85497595E-21
  0.263999999       1.47063989E-20
  0.265100002      -2.50419560E-21
  0.266200006      -7.49831729E-20
  0.267300010      -1.59821169E-19
  0.268400013      -1.56379736E-19
  0.269499987       1.63141343E-20
  0.270599991       3.16411965E-19
  0.271699995       5.44016733E-19
  0.272799999       4.44425118E-19
  0.273900002      -8.22856655E-20
  0.275000006      -8.13295094E-19
  0.276100010      -1.24891979E-18
  0.277199984      -9.19247572E-19
  0.278299987       2.16325385E-19
  0.279399991       1.58538150E-18
  0.280499995       2.25931336E-18
  0.281599998       1.56991808E-18
  0.282700002      -3.19688867E-19
  0.283800006      -2.36108904E-18
  0.284900010      -3.23645395E-18
  0.286000013      -2.27637582E-18
  0.287099987       5.77692600E-21
  0.288199991       2.24014200E-18
  0.289299995       3.20436204E-18
  0.290399998       2.70963151E-18
  0.291500002       1.57646242E-18
  0.292600006       6.54204067E-19
  0.293700010      -2.17774244E-19
  0.294799984      -2.14270674E-18
  0.295899987      -5.69278726E-18
  0.296999991      -9.19719872E-18
  0.298099995      -8.74033942E-18
  0.299199998      -8.71156429E-19
  0.300300002       1.33523825E-17
  0.301400006       2.63747465E-17
  0.302500010       2.71746169E-17
  0.303600013       8.90070410E-18
  0.304699987      -2.36076751E-17
  0.305799991      -5.28244587E-17
  0.306899995      -5.72184917E-17
  0.307999998      -2.58424260E-17
  0.309100002       3.07571295E-17
  0.310200006       8.25045759E-17
  0.311300009       9.60677240E-17
  0.312399983       5.63713860E-17
  0.313499987      -2.11297084E-17
  0.314599991      -9.70970345E-17
  0.315699995      -1.30810289E-16
  0.316799998      -1.03823859E-16
  0.317900002      -2.88607121E-17
  0.319000006       6.09509424E-17
  0.320100009       1.32376440E-16
  0.321200013       1.65289546E-16
  0.322299987       1.50503779E-16
  0.323399991       8.04836545E-17
  0.324499995      -4.94904444E-17
  0.325599998      -2.21483604E-16
  0.326700002      -3.71454864E-16
  0.327800006      -3.93966194E-16
  0.328900009      -1.96137838E-16
  0.329999983       2.17193065E-16
  0.331099987       6.86515333E-16
  0.332199991       9.33867800E-16
  0.333299994       7.07750290E-16
  0.334399998      -2.98877958E-17
  0.335500002      -9.98762383E-16
  0.336600006      -1.68077489E-15
  0.337700009      -1.58426851E-15
  0.338800013      -5.59870885E-16
  0.339899987       1.02928797E-15
  0.340999991       2.42024715E-15
  0.342099994       2.82034104E-15
  0.343199998       1.84325148E-15
  0.344300002      -2.37363196E-16
  0.345400006      -2.56786106E-15
  0.346500009      -4.08869622E-15
  0.347599983      -4.00453122E-15
  0.348699987      -2.12546782E-15
  0.349799991       1.04125697E-15
  0.350899994       4.43077725E-15
  0.351999998       6.70702541E-15
  0.353100002       6.64268479E-15
  0.354200006       3.58373880E-15
  0.355300009      -2.06184379E-15
  0.356400013      -8.53057723E-15
  0.357499987      -1.29503054E-14
  0.358599991      -1.23618707E-14
  0.359699994      -5.32427631E-15
  0.360799998       6.64018604E-15
  0.361900002       1.87802858E-14
  0.363000005       2.46950220E-14
  0.364100009       1.94472598E-14
  0.365199983       2.79109342E-15
  0.366299987      -1.94141205E-14
  0.367399991      -3.69199436E-14
  0.368499994      -3.96614097E-14
  0.369599998      -2.31641251E-14
  0.370700002       8.07314471E-15
  0.371800005       4.13636715E-14
  0.372900009       6.09157161E-14
  0.374000013       5.50897896E-14
  0.375099987       2.24581960E-14
  0.376199991      -2.62747452E-14
  0.377299994      -7.15980552E-14
  0.378399998      -9.26174014E-14
  0.379500002      -7.57960318E-14
  0.380600005      -2.17438186E-14
  0.381700009       5.26617595E-14
  0.382799983       1.18296621E-13
  0.383899987       1.43699370E-13
  0.384999990       1.08449125E-13
  0.386099994       1.53215826E-14
  0.387199998      -1.04809370E-13
  0.388300002      -2.00270031E-13
  0.389400005      -2.18614596E-13
  0.390500009      -1.33128629E-13
  0.391600013       3.63893418E-14
  0.392699987       2.21722082E-13
  0.393799990       3.29827067E-13
  0.394899994       2.86050263E-13
  0.395999998       7.84197129E-14
  0.397100002      -2.20815499E-13
  0.398200005      -4.73294201E-13
  0.399300009      -5.31398113E-13
  0.400399983      -3.12241064E-13
  0.401499987       1.45611604E-13
  0.402599990       6.74078252E-13
  0.403699994       1.02841986E-12
  0.404799998       9.86023329E-13
  0.405900002       4.53097276E-13
  0.407000005      -4.66752722E-13
  0.408100009      -1.47699789E-12
  0.409200013      -2.17429850E-12
  0.410299987      -2.19298104E-12
  0.411399990      -1.35868183E-12
  0.412499994       2.08352405E-13
  0.413599998       2.08915762E-12
  0.414700001       3.67869320E-12
  0.415800005       4.38835426E-12
  0.416900009       3.86872825E-12
  0.417999983       2.16111742E-12
  0.419099987      -2.98320965E-13
  0.420199990      -2.84230799E-12
  0.421299994      -4.84574186E-12
  0.422399998      -5.98371699E-12
  0.423500001      -6.33438961E-12
  0.424600005      -6.24492558E-12
  0.425700009      -5.99604481E-12
  0.426800013      -5.42661792E-12
  0.427899987      -3.74715536E-12
  0.428999990       2.70351450E-13
  0.430099994       7.69124521E-12
  0.431199998       1.85791608E-11
  0.432300001       3.12647755E-11
  0.433400005       4.21150059E-11
  0.434500009       4.60753831E-11
  0.435599983       3.79997492E-11
  0.436699986       1.44738839E-11
  0.437799990      -2.43999335E-11
  0.438899994      -7.38662118E-11
  0.439999998      -1.24508667E-10
  0.441100001      -1.63555045E-10
  0.442200005      -1.77303519E-10
  0.443300009      -1.54153787E-10
  0.444400012      -8.75590503E-11
  0.445499986       2.17348379E-11
  0.446599990       1.64556049E-10
  0.447699994       3.23349542E-10
  0.448799998       4.73216299E-10
  0.449900001       5.83726900E-10
  0.451000005       6.21482810E-10
  0.452100009       5.53720902E-10
  0.453199983       3.53461704E-10
  0.454299986       6.53255922E-12
  0.455399990      -4.79892293E-10
  0.456499994      -1.06869458E-09
  0.457599998      -1.68675085E-09
  0.458700001      -2.22463381E-09
  0.459800005      -2.54495358E-09
  0.460900009      -2.50070098E-09
  0.462000012      -1.96252681E-09
  0.463099986      -8.51199111E-10
  0.464199990       8.30661817E-10
  0.465299994       2.97431724E-09
  0.466399997       5.35413935E-09
  0.467500001       7.63423991E-09
  0.468600005       9.39351796E-09
  0.469700009       1.01673070E-08
  0.470799983       9.50168122E-09
  0.471899986       7.01544378E-09
  0.472999990       2.46474441E-09
  0.474099994      -4.19435064E-09
  0.475199997      -1.27496804E-08
  0.476300001      -2.26876740E-08
  0.477400005      -3.31637295E-08
  0.478500009      -4.29933351E-08
  0.479600012      -5.06677829E-08
  0.480699986      -5.43953291E-08
  0.481799990      -5.21630810E-08
  0.482899994      -4.18080788E-08
  0.483999997      -2.10793409E-08
  0.485100001       1.23315491E-08
  0.486200005       6.08136475E-08
  0.487300009       1.26930587E-07
  0.488399982       2.13592457E-07
  0.489499986       3.24302846E-07
  0.490599990       4.63468325E-07
  0.491699994       6.36754748E-07
  0.492799997       8.51476443E-07
  0.493900001       1.11701115E-06
  0.495000005       1.44524404E-06
  0.496100008       1.85105205E-06
  0.497200012       2.35284551E-06
  0.498299986       2.97318343E-06
  0.499399990       3.73947751E-06
  0.500500023       4.68479993E-06
  0.501600027       5.84880490E-06
  0.502699971       7.27878160E-06
  0.503799975       9.03086129E-06
  0.504899979       1.11714089E-05
  0.505999982       1.37786274E-05
  0.507099986       1.69444247E-05
  0.508199990       2.07765424E-05
  0.509299994       2.54009847E-05
  0.510399997       3.09646966E-05
  0.511500001       3.76385142E-05
  0.512600005       4.56203234E-05
  0.513700008       5.51384401E-05
  0.514800012       6.64551480E-05
  0.515900016       7.98704859E-05
  0.517000020       9.57261800E-05
  0.518100023       1.14409857E-04
  0.519199967       1.36359304E-04
  0.520299971       1.62067023E-04
  0.521399975       1.92084583E-04
  0.522499979       2.27026976E-04
  0.523599982       2.67576746E-04
  0.524699986       3.14487435E-04
  0.525799990       3.68586916E-04
  0.526899993       4.30779532E-04
  0.527999997       5.02047886E-04
  0.529100001       5.83453046E-04
  0.530200005       6.76134892E-04
  0.531300008       7.81309500E-04
  0.532400012       9.00266110E-04
  0.533500016       1.03436143E-03
  0.534600019       1.18501217E-03
  0.535700023       1.35368481E-03
  0.536800027       1.54188299E-03
  0.537899971       1.75113243E-03
  0.538999975       1.98296155E-03
  0.540099978       2.23888038E-03
  0.541199982       2.52035563E-03
  0.542299986       2.82878405E-03
  0.543399990       3.16546066E-03
  0.544499993       3.53154517E-03
  0.545599997       3.92802618E-03
  0.546700001       4.35568206E-03
  0.547800004       4.81503829E-03
  0.548900008       5.30632585E-03
