   0.00000000       0.00000000
   1.09999999E-03   0.00000000
   2.19999999E-03   0.00000000
   3.29999998E-03   0.00000000
   4.39999998E-03   0.00000000
   5.49999997E-03   0.00000000
   6.59999996E-03   0.00000000
   7.69999996E-03   0.00000000
   8.79999995E-03   0.00000000
   9.89999995E-03   0.00000000
   1.09999999E-02   0.00000000
   1.20999999E-02   0.00000000
   1.31999999E-02   0.00000000
   1.42999999E-02   0.00000000
   1.53999999E-02   0.00000000
   1.64999999E-02   0.00000000
   1.75999999E-02   0.00000000
   1.86999999E-02   0.00000000
   1.97999999E-02   0.00000000
   2.08999999E-02   0.00000000
   2.19999999E-02   0.00000000
   2.30999999E-02   0.00000000
   2.41999999E-02   0.00000000
   2.52999999E-02   0.00000000
   2.63999999E-02   0.00000000
   2.74999999E-02   0.00000000
   2.85999998E-02   0.00000000
   2.96999998E-02   0.00000000
   3.07999998E-02   0.00000000
   3.18999998E-02   0.00000000
   3.29999998E-02   0.00000000
   3.40999998E-02   0.00000000
   3.51999998E-02   0.00000000
   3.62999998E-02   0.00000000
   3.73999998E-02   0.00000000
   3.84999998E-02   0.00000000
   3.95999998E-02   0.00000000
   4.06999998E-02   0.00000000
   4.17999998E-02   0.00000000
   4.28999998E-02   0.00000000
   4.39999998E-02   0.00000000
   4.50999998E-02   0.00000000
   4.61999997E-02   0.00000000
   4.72999997E-02   0.00000000
   4.83999997E-02   0.00000000
   4.94999997E-02   0.00000000
   5.05999997E-02   0.00000000
   5.16999997E-02   0.00000000
   5.27999997E-02   0.00000000
   5.38999997E-02   0.00000000
   5.49999997E-02   0.00000000
   5.60999997E-02   0.00000000
   5.71999997E-02   0.00000000
   5.82999997E-02   0.00000000
   5.93999997E-02   0.00000000
   6.04999997E-02   0.00000000
   6.15999997E-02   0.00000000
   6.27000034E-02   0.00000000
   6.37999997E-02   0.00000000
   6.48999959E-02   0.00000000
   6.59999996E-02   0.00000000
   6.71000034E-02   1.40129846E-45
   6.81999996E-02  -0.00000000
   6.92999959E-02  -1.40129846E-45
   7.03999996E-02  -7.00649232E-45
   7.15000033E-02  -2.10194770E-44
   7.25999996E-02  -3.22298647E-44
   7.36999959E-02   1.54142831E-44
   7.47999996E-02   2.03188277E-43
   7.59000033E-02   5.14276536E-43
   7.69999996E-02   5.85742758E-43
   7.80999959E-02  -4.91855761E-43
   7.91999996E-02  -3.64617860E-42
   8.03000033E-02  -7.86829088E-42
   8.13999996E-02  -7.13821438E-42
   8.24999958E-02   1.02504983E-41
   8.35999995E-02   5.24996470E-41
   8.47000033E-02   9.94053105E-41
   8.57999995E-02   7.23896774E-41
   8.68999958E-02  -1.55172785E-40
   8.79999995E-02  -6.34583615E-40
   8.91000032E-02  -1.07874478E-39
   9.01999995E-02  -6.26376210E-40
   9.12999958E-02   1.89345691E-39
   9.23999995E-02   6.61025837E-39
   9.35000032E-02   1.02508962E-38
   9.45999995E-02   4.68779598E-39
   9.56999958E-02  -1.94519242E-38
   9.67999995E-02  -6.02655197E-38
   9.79000032E-02  -8.63166335E-38
   9.89999995E-02  -3.05804831E-38
  0.100099996       1.72316417E-37
  0.101199999       4.85938470E-37
  0.102300003       6.49781515E-37
  0.103399999       1.76265948E-37
  0.104499996      -1.33347598E-36
  0.105599999      -3.49071062E-36
  0.106700003      -4.40881985E-36
  0.107799999      -9.35558512E-37
  0.108899996       9.07468653E-36
  0.109999999       2.24735952E-35
  0.111100003       2.72193236E-35
  0.112199999       5.03472180E-36
  0.113299996      -5.44836408E-35
  0.114399999      -1.30503532E-34
  0.115500003      -1.54721574E-34
  0.116599999      -3.07726054E-35
  0.117699996       2.89108152E-34
  0.118799999       6.88983871E-34
  0.119900003       8.20635014E-34
  0.120999999       2.12686096E-34
  0.122099996      -1.35828189E-33
  0.123199999      -3.34035197E-33
  0.124300003      -4.11110709E-33
  0.125400007      -1.47991488E-33
  0.126499996       5.66806625E-33
  0.127599999       1.50452374E-32
  0.128700003       1.95885686E-32
  0.129799992       9.44138622E-33
  0.130899996      -2.11395115E-32
  0.131999999      -6.36480409E-32
  0.133100003      -8.86867876E-32
  0.134200007      -5.31686909E-32
  0.135299996       7.12319778E-32
  0.136399999       2.54604647E-31
  0.137500003       3.78379218E-31
  0.138599992       2.62231208E-31
  0.139699996      -2.19954718E-31
  0.140799999      -9.61969281E-31
  0.141900003      -1.50280633E-30
  0.143000007      -1.13757986E-30
  0.144099995       6.25882140E-31
  0.145199999       3.39694019E-30
  0.146300003       5.48774478E-30
  0.147399992       4.38748170E-30
  0.148499995      -1.57476126E-30
  0.149599999      -1.09933578E-29
  0.150700003      -1.82408767E-29
  0.151800007      -1.53214784E-29
  0.152899995       2.78331709E-30
  0.153999999       3.16624207E-29
  0.155100003       5.48841043E-29
  0.156199992       4.99066738E-29
  0.157299995       2.49869850E-30
  0.158399999      -7.73936031E-29
  0.159500003      -1.49888616E-28
  0.160600007      -1.58181212E-28
  0.161699995      -5.87045294E-29
  0.162799999       1.44530426E-28
  0.163900003       3.78863378E-28
  0.164999992       5.08507328E-28
  0.166099995       3.74074721E-28
  0.167199999      -1.28406155E-28
  0.168300003      -9.31067335E-28
  0.169400007      -1.67921235E-27
  0.170499995      -1.72741703E-27
  0.171599999      -4.03310675E-28
  0.172700003       2.39851078E-27
  0.173799992       5.53902305E-27
  0.174899995       6.51142816E-27
  0.175999999       2.58377330E-27
  0.177100003      -6.75564378E-27
  0.178200006      -1.73943028E-26
  0.179299995      -2.07441575E-26
  0.180399999      -8.40849304E-27
  0.181500003       1.97610920E-26
  0.182599992       4.96687534E-26
  0.183699995       5.63669466E-26
  0.184799999       1.98606965E-26
  0.185900003      -5.39007456E-26
  0.187000006      -1.23587596E-25
  0.188099995      -1.29961703E-25
  0.189199999      -3.82605705E-26
  0.190300003       1.21262712E-25
  0.191399992       2.52524877E-25
  0.192499995       2.49641936E-25
  0.193599999       7.98204285E-26
  0.194700003      -1.74175952E-25
  0.195800006      -3.63197206E-25
  0.196899995      -3.87414447E-25
  0.197999999      -2.73861124E-25
  0.199100003      -1.18068393E-25
  0.200199991       7.84526176E-26
  0.201299995       4.83093044E-25
  0.202399999       1.22317370E-24
  0.203500003       1.95984919E-24
  0.204600006       1.69220801E-24
  0.205699995      -6.67918569E-25
  0.206799999      -4.94647658E-24
  0.207900003      -8.56671546E-24
  0.208999991      -7.18843189E-24
  0.210099995       2.10798583E-24
  0.211199999       1.66107853E-23
  0.212300003       2.64933192E-23
  0.213400006       1.95166886E-23
  0.214499995      -8.77311776E-24
  0.215599999      -4.60732792E-23
  0.216700003      -6.50633226E-23
  0.217799991      -4.01438882E-23
  0.218899995       2.88127880E-23
  0.219999999       1.04471879E-22
  0.221100003       1.28388917E-22
  0.222200006       6.30088953E-23
  0.223299995      -6.87252087E-23
  0.224399999      -1.83348061E-22
  0.225500003      -1.90556685E-22
  0.226599991      -6.87313176E-23
  0.227699995       1.01994130E-22
  0.228799999       1.93928112E-22
  0.229900002       1.45581516E-22
  0.231000006       3.53241753E-23
  0.232099995       2.03013796E-23
  0.233199999       1.56460122E-22
  0.234300002       2.59232669E-22
  0.235399991      -1.42824214E-24
  0.236499995      -7.46504250E-22
  0.237599999      -1.53811539E-21
  0.238700002      -1.45331958E-21
  0.239800006       2.22477405E-22
  0.240899995       3.05055425E-21
  0.241999999       5.09821825E-21
  0.243100002       3.91786867E-21
  0.244199991      -1.38901639E-21
  0.245299995      -8.46258919E-21
  0.246399999      -1.21501620E-20
  0.247500002      -7.75935643E-21
  0.248600006       4.63194849E-21
  0.249699995       1.82666796E-20
  0.250800014       2.28690349E-20
  0.251899987       1.19734878E-20
  0.252999991      -1.05542075E-20
  0.254099995      -3.07493245E-20
  0.255199999      -3.33464002E-20
  0.256300002      -1.38376637E-20
  0.257400006       1.59502556E-20
  0.258500010       3.52421625E-20
  0.259599984       3.08664804E-20
  0.260699987       9.55280113E-21
  0.261799991      -6.87303725E-21
  0.262899995      -2.77580245E-21
  0.263999999       1.13078441E-20
  0.265100002       2.51484070E-21
  0.266200006      -5.12664119E-20
  0.267300010      -1.23357173E-19
  0.268400013      -1.36129760E-19
  0.269499987      -1.64676086E-20
  0.270599991       2.19779924E-19
  0.271699995       4.26987840E-19
  0.272799999       3.96279898E-19
  0.273900002       1.76093311E-20
  0.275000006      -5.70848301E-19
  0.276100010      -9.88554141E-19
  0.277199984      -8.32419251E-19
  0.278299987      -8.23432450E-22
  0.279399991       1.11803158E-18
  0.280499995       1.79586536E-18
  0.281599998       1.42970931E-18
  0.282700002       2.96703482E-20
  0.283800006      -1.65799420E-18
  0.284900010      -2.56848224E-18
  0.286000013      -2.04449041E-18
  0.287099987      -3.41483680E-19
  0.288199991       1.51965796E-18
  0.289299995       2.49652890E-18
  0.290399998       2.28738704E-18
  0.291500002       1.44429623E-18
  0.292600006       6.86286732E-19
  0.293700010       2.60850437E-20
  0.294799984      -1.34785886E-18
  0.295899987      -4.04507036E-18
  0.296999991      -7.05451225E-18
  0.298099995      -7.45110316E-18
  0.299199998      -2.22336657E-18
  0.300300002       8.54646566E-18
  0.301400006       1.96636085E-17
  0.302500010       2.25119669E-17
  0.303600013       1.06575513E-17
  0.304699987      -1.38688774E-17
  0.305799991      -3.86649067E-17
  0.306899995      -4.65656363E-17
  0.307999998      -2.67544505E-17
  0.309100002       1.56251407E-17
  0.310200006       5.90131097E-17
  0.311300009       7.65401603E-17
  0.312399983       5.28811007E-17
  0.313499987      -4.21203346E-18
  0.314599991      -6.63977812E-17
  0.315699995      -1.00706401E-16
  0.316799998      -8.86974256E-17
  0.317900002      -3.59407395E-17
  0.319000006       3.38658595E-17
  0.320100009       9.40919403E-17
  0.321200013       1.26977094E-16
  0.322299987       1.23909234E-16
  0.323399991       7.84585576E-17
  0.324499995      -1.46579184E-17
  0.325599998      -1.46195226E-16
  0.326700002      -2.73080802E-16
  0.327800006      -3.16687355E-16
  0.328900009      -1.98089931E-16
  0.329999983       9.75755949E-17
  0.331099987       4.69129621E-16
  0.332199991       7.11979791E-16
  0.333299994       6.16695096E-16
  0.334399998       1.13557512E-16
  0.335500002      -6.27846655E-16
  0.336600006      -1.23130247E-15
  0.337700009      -1.29543885E-15
  0.338800013      -6.39400608E-16
  0.339899987       5.35224502E-16
  0.340999991       1.68662164E-15
  0.342099994       2.18565565E-15
  0.343199998       1.65332446E-15
  0.344300002       1.93409544E-16
  0.345400006      -1.61600736E-15
  0.346500009      -2.97100851E-15
  0.347599983      -3.19767347E-15
  0.348699987      -2.04108153E-15
  0.349799991       2.23353959E-16
  0.350899994       2.86124130E-15
  0.351999998       4.87521205E-15
  0.353100002       5.27970756E-15
  0.354200006       3.44570843E-15
  0.355300009      -5.16892433E-16
  0.356400013      -5.48253256E-15
  0.357499987      -9.39376394E-15
  0.358599991      -9.91886423E-15
  0.359699994      -5.61499835E-15
  0.360799998       2.89056473E-15
  0.361900002       1.24616758E-14
  0.363000005       1.83530220E-14
  0.364100009       1.63838568E-14
  0.365199983       5.46580789E-15
  0.366299987      -1.09447262E-14
  0.367399991      -2.56181625E-14
  0.368499994      -3.06182725E-14
  0.369599998      -2.13887932E-14
  0.370700002       2.30904570E-16
  0.371800005       2.58630008E-14
  0.372900009       4.37754149E-14
  0.374000013       4.41331135E-14
  0.375099987       2.39149385E-14
  0.376199991      -1.08548356E-14
  0.377299994      -4.67275619E-14
  0.378399998      -6.78054685E-14
  0.379500002      -6.22209532E-14
  0.380600005      -2.77120042E-14
  0.381700009       2.58663110E-14
  0.382799983       7.84427590E-14
  0.383899987       1.06189830E-13
  0.384999990       9.11343077E-14
  0.386099994       3.07782229E-14
  0.387199998      -5.66562923E-14
  0.388300002      -1.35414236E-13
  0.389400005      -1.65135836E-13
  0.390500009      -1.20044382E-13
  0.391600013      -6.13458191E-15
  0.392699987       1.33620952E-13
  0.393799990       2.32437984E-13
  0.394899994       2.29154369E-13
  0.395999998       1.02100335E-13
  0.397100002      -1.09899923E-13
  0.398200005      -3.13688176E-13
  0.399300009      -3.97793994E-13
  0.400399983      -2.85722536E-13
  0.401499987       1.73320695E-14
  0.402599990       4.08834506E-13
  0.403699994       7.17256604E-13
  0.404799998       7.68195512E-13
  0.405900002       4.63824996E-13
  0.407000005      -1.57585804E-13
  0.408100009      -9.10536186E-13
  0.409200013      -1.51104877E-12
  0.410299987      -1.67397248E-12
  0.411399990      -1.22696905E-12
  0.412499994      -1.98583663E-13
  0.413599998       1.15835531E-12
  0.414700001       2.42746491E-12
  0.415800005       3.16249089E-12
  0.416900009       3.05035597E-12
  0.417999983       2.03932357E-12
  0.419099987       3.71988166E-13
  0.420199990      -1.50352484E-12
  0.421299994      -3.11617789E-12
  0.422399998      -4.16798800E-12
  0.423500001      -4.64126697E-12
  0.424600005      -4.74411309E-12
  0.425700009      -4.69744426E-12
  0.426800013      -4.45975982E-12
  0.427899987      -3.54805269E-12
  0.428999990      -1.10402833E-12
  0.430099994       3.73718114E-12
  0.431199998       1.12633644E-11
  0.432300001       2.06099842E-11
  0.433400005       2.94769244E-11
  0.434500009       3.43652537E-11
  0.435599983       3.13982139E-11
  0.436699986       1.75731756E-11
  0.437799990      -7.89927759E-12
  0.438899994      -4.26020642E-11
  0.439999998      -8.06451780E-11
  0.441100001      -1.13324308E-10
  0.442200005      -1.30645578E-10
  0.443300009      -1.23410074E-10
  0.444400012      -8.53979873E-11
  0.445499986      -1.51830111E-11
  0.446599990       8.27568708E-11
  0.447699994       1.97749900E-10
  0.448799998       3.13386511E-10
  0.449900001       4.08575535E-10
  0.451000005       4.59156074E-10
  0.452100009       4.40235043E-10
  0.453199983       3.29600097E-10
  0.454299986       1.12511223E-10
  0.455399990      -2.12226445E-10
  0.456499994      -6.25737129E-10
  0.457599998      -1.08376341E-09
  0.458700001      -1.51482349E-09
  0.459800005      -1.82405979E-09
  0.460900009      -1.90415617E-09
  0.462000012      -1.65313530E-09
  0.463099986      -9.96940974E-10
  0.464199990       8.69687794E-11
  0.465299994       1.54969759E-09
  0.466399997       3.25918759E-09
  0.467500001       5.00002928E-09
  0.468600005       6.48627774E-09
  0.469700009       7.38672190E-09
  0.470799983       7.36044381E-09
  0.471899986       6.09950934E-09
  0.472999990       3.37534578E-09
  0.474099994      -9.14489373E-10
  0.475199997      -6.70229605E-09
  0.476300001      -1.37122012E-08
  0.477400005      -2.14316120E-08
  0.478500009      -2.90959452E-08
  0.479600012      -3.56899292E-08
  0.480699986      -3.99670554E-08
  0.481799990      -4.04853289E-08
  0.482899994      -3.56527536E-08
  0.483999997      -2.37710918E-08
  0.485100001      -3.06275849E-09
  0.486200005       2.83354353E-08
  0.487300009       7.24253155E-08
  0.488399982       1.31455238E-07
  0.489499986       2.08083335E-07
  0.490599990       3.05590703E-07
  0.491699994       4.28134996E-07
  0.492799997       5.81034726E-07
  0.493900001       7.71079215E-07
  0.495000005       1.00686441E-06
  0.496100008       1.29916293E-06
  0.497200012       1.66133589E-06
  0.498299986       2.10980261E-06
  0.499399990       2.66458051E-06
  0.500500023       3.34990227E-06
  0.501600027       4.19492289E-06
  0.502699971       5.23453218E-06
  0.503799975       6.51027722E-06
  0.504899979       8.07143169E-06
  0.505999982       9.97622465E-06
  0.507099986       1.22932670E-05
  0.508199990       1.51031800E-05
  0.509299994       1.85004683E-05
  0.510399997       2.25956046E-05
  0.511500001       2.75173261E-05
  0.512600005       3.34151446E-05
  0.513700008       4.04620259E-05
  0.514800012       4.88572805E-05
  0.515900016       5.88296025E-05
  0.517000020       7.06402934E-05
  0.518100023       8.45867398E-05
  0.519199967       1.01005979E-04
  0.520299971       1.20278477E-04
  0.521399975       1.42831908E-04
  0.522499979       1.69144929E-04
  0.523599982       1.99750895E-04
  0.524699986       2.35241328E-04
  0.525799990       2.76268926E-04
  0.526899993       3.23550252E-04
  0.527999997       3.77867778E-04
  0.529100001       4.40071395E-04
  0.530200005       5.11079212E-04
  0.531300008       5.91877033E-04
  0.532400012       6.83517079E-04
  0.533500016       7.87114957E-04
  0.534600019       9.03845299E-04
  0.535700023       1.03493477E-03
  0.536800027       1.18165475E-03
  0.537899971       1.34531036E-03
  0.538999975       1.52722711E-03
  0.540099978       1.72873610E-03
  0.541199982       1.95115560E-03
  0.542299986       2.19577085E-03
  0.543399990       2.46381154E-03
  0.544499993       2.75642611E-03
  0.545599997       3.07465345E-03
  0.546700001       3.41939204E-03
  0.547800004       3.79136764E-03
  0.548900008       4.19109873E-03
