   0.00000000       0.00000000
   1.09999999E-03   0.00000000
   2.19999999E-03   0.00000000
   3.29999998E-03   0.00000000
   4.39999998E-03   0.00000000
   5.49999997E-03   0.00000000
   6.59999996E-03   0.00000000
   7.69999996E-03   0.00000000
   8.79999995E-03   0.00000000
   9.89999995E-03   0.00000000
   1.09999999E-02   0.00000000
   1.20999999E-02   0.00000000
   1.31999999E-02   0.00000000
   1.42999999E-02   0.00000000
   1.53999999E-02   0.00000000
   1.64999999E-02   0.00000000
   1.75999999E-02   0.00000000
   1.86999999E-02   0.00000000
   1.97999999E-02   0.00000000
   2.08999999E-02   0.00000000
   2.19999999E-02  -5.32493416E-44
   2.30999999E-02  -4.10580450E-43
   2.41999999E-02   3.68261236E-42
   2.52999999E-02   7.24555384E-41
   2.63999999E-02   4.68629239E-40
   2.74999999E-02   1.20010003E-39
   2.85999998E-02  -3.25148748E-39
   2.96999998E-02  -4.09599233E-38
   3.07999998E-02  -1.62787710E-37
   3.18999998E-02  -2.37130820E-37
   3.29999998E-02   8.44720651E-37
   3.40999998E-02   6.12461327E-36
   3.51999998E-02   1.70381894E-35
   3.62999998E-02   1.37665039E-35
   3.73999998E-02  -8.33188904E-35
   3.84999998E-02  -4.02379981E-34
   3.95999998E-02  -8.39501515E-34
   4.06999998E-02  -2.80226833E-34
   4.17999998E-02   4.10831823E-33
   4.28999998E-02   1.47601712E-32
   4.39999998E-02   2.41661244E-32
   4.50999998E-02  -1.25226405E-33
   4.61999997E-02  -1.20873686E-31
   4.72999997E-02  -3.48111979E-31
   4.83999997E-02  -4.63754056E-31
   4.94999997E-02   1.73432472E-31
   5.05999997E-02   2.37745613E-30
   5.16999997E-02   5.79699158E-30
   5.27999997E-02   6.51873044E-30
   5.38999997E-02  -4.06121035E-30
   5.49999997E-02  -3.37737816E-29
   5.60999997E-02  -7.29195656E-29
   5.71999997E-02  -7.23338542E-29
   5.82999997E-02   5.53988031E-29
   5.93999997E-02   3.66346133E-28
   6.04999997E-02   7.29324344E-28
   6.15999997E-02   6.73056038E-28
   6.27000034E-02  -5.17668110E-28
   6.37999997E-02  -3.16409528E-27
   6.48999959E-02  -6.03509022E-27
   6.59999996E-02  -5.47842752E-27
   6.71000034E-02   3.47483638E-27
   6.81999996E-02   2.24777934E-26
   6.92999959E-02   4.25661672E-26
   7.03999996E-02   3.97991821E-26
   7.15000033E-02  -1.63677498E-26
   7.25999996E-02  -1.34665558E-25
   7.36999959E-02  -2.61118358E-25
   7.47999996E-02  -2.58442098E-25
   7.59000033E-02   4.32454473E-26
   7.69999996E-02   6.92617114E-25
   7.80999959E-02   1.40885055E-24
   7.91999996E-02   1.48954876E-24
   8.03000033E-02   7.77894691E-26
   8.13999996E-02  -3.08770078E-24
   8.24999958E-02  -6.70996645E-24
   8.35999995E-02  -7.56560443E-24
   8.47000033E-02  -1.77196619E-24
   8.57999995E-02   1.19188450E-23
   8.68999958E-02   2.81516090E-23
   8.79999995E-02   3.37362772E-23
   8.91000032E-02   1.30461178E-23
   9.01999995E-02  -3.91549217E-23
   9.12999958E-02  -1.03368894E-22
   9.23999995E-02  -1.32047099E-22
   9.35000032E-02  -6.96369993E-23
   9.45999995E-02   1.03991071E-22
   9.56999958E-02   3.28438439E-22
   9.67999995E-02   4.54931818E-22
   9.79000032E-02   3.08330766E-22
   9.89999995E-02  -1.87622678E-22
  0.100099996      -8.85327108E-22
  0.101199999      -1.38772442E-21
  0.102300003      -1.19582811E-21
  0.103399999      -1.06029556E-23
  0.104499996       1.94528828E-21
  0.105599999       3.78717898E-21
  0.106700003       4.17830738E-21
  0.107799999       1.93177026E-21
  0.108899996      -3.13237203E-21
  0.109999999      -9.40919724E-21
  0.111100003      -1.33372203E-20
  0.112199999      -1.04442288E-20
  0.113299996       2.06762054E-21
  0.114399999       2.18310832E-20
  0.115500003       3.90402107E-20
  0.116599999       3.85279953E-20
  0.117699996       8.18794181E-21
  0.118799999      -4.85502513E-20
  0.119900003      -1.04316206E-19
  0.120999999      -1.14232764E-19
  0.122099996      -4.20776309E-20
  0.123199999       1.03891500E-19
  0.124300003       2.51140900E-19
  0.125400007       2.86222923E-19
  0.126499996       1.25384244E-19
  0.127599999      -2.03377385E-19
  0.128700003      -5.30912796E-19
  0.129799992      -6.18604643E-19
  0.130899996      -3.13457767E-19
  0.131999999       3.08948185E-19
  0.133100003       9.32136701E-19
  0.134200007       1.16209663E-18
  0.135299996       7.76699124E-19
  0.136399999      -1.17596222E-19
  0.137500003      -1.14667520E-18
  0.138599992      -1.89164832E-18
  0.139699996      -2.06543670E-18
  0.140799999      -1.48716341E-18
  0.141900003       3.81816522E-20
  0.143000007       2.60287083E-18
  0.144099995       5.65723627E-18
  0.145199999       7.43175045E-18
  0.146300003       5.23186940E-18
  0.147399992      -2.72758464E-18
  0.148499995      -1.45919375E-17
  0.149599999      -2.34906770E-17
  0.150700003      -2.00500209E-17
  0.151800007       9.06232713E-19
  0.152899995       3.31510299E-17
  0.153999999       5.77332297E-17
  0.155100003       5.19788749E-17
  0.156199992       6.12423060E-18
  0.157299995      -6.31730804E-17
  0.158399999      -1.15144190E-16
  0.159500003      -1.07238931E-16
  0.160600007      -2.63209152E-17
  0.161699995       9.34353772E-17
  0.162799999       1.83636677E-16
  0.163900003       1.82732337E-16
  0.164999992       7.87227392E-17
  0.166099995      -7.89018734E-17
  0.167199999      -2.09973181E-16
  0.168300003      -2.55005092E-16
  0.169400007      -2.05677678E-16
  0.170499995      -8.99381436E-17
  0.171599999       6.90022884E-17
  0.172700003       2.68918005E-16
  0.173799992       4.87680172E-16
  0.174899995       6.17924035E-16
  0.175999999       4.65840539E-16
  0.177100003      -1.19537313E-16
  0.178200006      -1.03449097E-15
  0.179299995      -1.80215175E-15
  0.180399999      -1.73615443E-15
  0.181500003      -4.02744870E-16
  0.182599992       1.87738564E-15
  0.183699995       3.90801986E-15
  0.184799999       4.15021411E-15
  0.185900003       1.73871173E-15
  0.187000006      -2.64636937E-15
  0.188099995      -6.76873303E-15
  0.189199999      -7.93798875E-15
  0.190300003      -4.69430360E-15
  0.191399992       2.00066429E-15
  0.192499995       8.97203302E-15
  0.193599999       1.24683656E-14
  0.194700003       1.02580823E-14
  0.195800006       2.85928084E-15
  0.196899995      -6.81516230E-15
  0.197999999      -1.49827745E-14
  0.199100003      -1.85317341E-14
  0.200199991      -1.57026610E-14
  0.201299995      -6.07658133E-15
  0.202399999       9.20282662E-15
  0.203500003       2.64617938E-14
  0.204600006       3.86945657E-14
  0.205699995       3.68992048E-14
  0.206799999       1.47261726E-14
  0.207900003      -2.51633871E-14
  0.208999991      -6.75113652E-14
  0.210099995      -8.83216365E-14
  0.211199999      -6.69497959E-14
  0.212300003      -9.81573649E-16
  0.213400006       8.57616726E-14
  0.214499995       1.49935077E-13
  0.215599999       1.49780524E-13
  0.216700003       7.03492237E-14
  0.217799991      -6.23426007E-14
  0.218899995      -1.88851349E-13
  0.219999999      -2.43958364E-13
  0.221100003      -1.90423171E-13
  0.222200006      -4.03664901E-14
  0.223299995       1.47515951E-13
  0.224399999       2.93227248E-13
  0.225500003       3.30009864E-13
  0.226599991       2.32125191E-13
  0.227699995       2.58422010E-14
  0.228799999      -2.17580213E-13
  0.229900002      -4.02962033E-13
  0.231000006      -4.42089291E-13
  0.232099995      -2.90164296E-13
  0.233199999       2.13049911E-14
  0.234300002       3.72701625E-13
  0.235399991       5.85758167E-13
  0.236499995       5.00979846E-13
  0.237599999       7.97743422E-14
  0.238700002      -5.22888861E-13
  0.239800006      -9.76438223E-13
  0.240899995      -9.10575326E-13
  0.241999999      -1.29535285E-13
  0.243100002       1.19960010E-12
  0.244199991       2.50722164E-12
  0.245299995       2.99984256E-12
  0.246399999       2.01852272E-12
  0.247500002      -5.70842364E-13
  0.248600006      -4.15016589E-12
  0.249699995      -7.42932538E-12
  0.250800014      -8.84870909E-12
  0.251899987      -7.17195747E-12
  0.252999991      -2.04417819E-12
  0.254099995       5.70515900E-12
  0.255199999       1.41425769E-11
  0.256300002       2.06869574E-11
  0.257400006       2.28121688E-11
  0.258500010       1.87933384E-11
  0.259599984       8.28190988E-12
  0.260699987      -7.46023555E-12
  0.261799991      -2.57419763E-11
  0.262899995      -4.29816911E-11
  0.263999999      -5.54126120E-11
  0.265100002      -5.96926397E-11
  0.266200006      -5.32139055E-11
  0.267300010      -3.41100863E-11
  0.268400013      -1.23131464E-12
  0.269499987       4.54695760E-11
  0.270599991       1.03792058E-10
  0.271699995       1.67468026E-10
  0.272799999       2.24380417E-10
  0.273900002       2.56046045E-10
  0.275000006       2.39628595E-10
  0.276100010       1.53122223E-10
  0.277199984      -1.68297095E-11
  0.278299987      -2.66327072E-10
  0.279399991      -5.67552227E-10
  0.280499995      -8.66838712E-10
  0.281599998      -1.08934284E-09
  0.282700002      -1.15060406E-09
  0.283800006      -9.73511605E-10
  0.284900010      -5.07777931E-10
  0.286000013       2.51698135E-10
  0.287099987       1.25114374E-09
  0.288199991       2.37177500E-09
  0.289299995       3.43305118E-09
  0.290399998       4.20604618E-09
  0.291500002       4.43671366E-09
  0.292600006       3.87806365E-09
  0.293700010       2.32972419E-09
  0.294799984      -3.17284865E-10
  0.295899987      -4.03366984E-09
  0.296999991      -8.60736105E-09
  0.298099995      -1.36074307E-08
  0.299199998      -1.83634530E-08
  0.300300002      -2.19667502E-08
  0.301400006      -2.32969235E-08
  0.302500010      -2.10713633E-08
  0.303600013      -1.39081644E-08
  0.304699987      -3.86032178E-10
  0.305799991       2.09191526E-08
  0.306899995       5.14404626E-08
  0.307999998       9.26819581E-08
  0.309100002       1.46340014E-07
  0.310200006       2.14476898E-07
  0.311300009       2.99732079E-07
  0.312399983       4.05554175E-07
  0.313499987       5.36439700E-07
  0.314599991       6.98172755E-07
  0.315699995       8.98068379E-07
  0.316799998       1.14523027E-06
  0.317900002       1.45083618E-06
  0.319000006       1.82846611E-06
  0.320100009       2.29448483E-06
  0.321200013       2.86848717E-06
  0.322299987       3.57381782E-06
  0.323399991       4.43817589E-06
  0.324499995       5.49431979E-06
  0.325599998       6.78089236E-06
  0.326700002       8.34338243E-06
  0.327800006       1.02352433E-05
  0.328900009       1.25191591E-05
  0.329999983       1.52684679E-05
  0.331099987       1.85687059E-05
  0.332199991       2.25192707E-05
  0.333299994       2.72351554E-05
  0.334399998       3.28487949E-05
  0.335500002       3.95119714E-05
  0.336600006       4.73978835E-05
  0.337700009       5.67033312E-05
  0.338800013       6.76510535E-05
  0.339899987       8.04922311E-05
  0.340999991       9.55090945E-05
  0.342099994       1.13017515E-04
  0.343199998       1.33369511E-04
  0.344300002       1.56955706E-04
  0.345400006       1.84207296E-04
  0.346500009       2.15597887E-04
  0.347599983       2.51644815E-04
  0.348699987       2.92910088E-04
  0.349799991       3.40000755E-04
  0.350899994       3.93568800E-04
  0.351999998       4.54310008E-04
  0.353100002       5.22962364E-04
  0.354200006       6.00302999E-04
  0.355300009       6.87144173E-04
  0.356400013       7.84327975E-04
  0.357499987       8.92719370E-04
  0.358599991       1.01319782E-03
  0.359699994       1.14664773E-03
  0.360799998       1.29394617E-03
  0.361900002       1.45594985E-03
  0.363000005       1.63348007E-03
  0.364100009       1.82730576E-03
  0.365199983       2.03812518E-03
  0.366299987       2.26654485E-03
  0.367399991       2.51305895E-03
  0.368499994       2.77802558E-03
  0.369599998       3.06164427E-03
  0.370700002       3.36392969E-03
  0.371800005       3.68468929E-03
  0.372900009       4.02350025E-03
  0.374000013       4.37968364E-03
  0.375099987       4.75228438E-03
  0.376199991       5.14004892E-03
  0.377299994       5.54140797E-03
  0.378399998       5.95446257E-03
  0.379500002       6.37696870E-03
  0.380600005       6.80633308E-03
  0.381700009       7.23960949E-03
  0.382799983       7.67350150E-03
  0.383899987       8.10437184E-03
  0.384999990       8.52826238E-03
  0.386099994       8.94090720E-03
  0.387199998       9.33777075E-03
  0.388300002       9.71408095E-03
  0.389400005       1.00648729E-02
  0.390500009       1.03850393E-02
  0.391600013       1.06693851E-02
  0.392699987       1.09126950E-02
  0.393799990       1.11097945E-02
  0.394899994       1.12556284E-02
  0.395999998       1.13453325E-02
  0.397100002       1.13743199E-02
  0.398200005       1.13383541E-02
  0.399300009       1.12336315E-02
  0.400399983       1.10568581E-02
  0.401499987       1.08053209E-02
  0.402599990       1.04769636E-02
  0.403699994       1.00704506E-02
  0.404799998       9.58521571E-03
  0.405900002       9.02151689E-03
  0.407000005       8.38046893E-03
  0.408100009       7.66406348E-03
  0.409200013       6.87518530E-03
  0.410299987       6.01760810E-03
  0.411399990       5.09597687E-03
  0.412499994       4.11578035E-03
  0.413599998       3.08330613E-03
  0.414700001       2.00558198E-03
  0.415800005       8.90306314E-04
  0.416900009      -2.54236074E-04
  0.417999983      -1.41926866E-03
  0.419099987      -2.59562745E-03
  0.420199990      -3.77387274E-03
  0.421299994      -4.94440505E-03
  0.422399998      -6.09758962E-03
  0.423500001      -7.22387852E-03
  0.424600005      -8.31393898E-03
  0.425700009      -9.35877394E-03
  0.426800013      -1.03498343E-02
  0.427899987      -1.12791350E-02
  0.428999990      -1.21393530E-02
  0.430099994      -1.29239177E-02
  0.431199998      -1.36270998E-02
  0.432300001      -1.42440638E-02
  0.433400005      -1.47709306E-02
  0.434500009      -1.52048124E-02
  0.435599983      -1.55438241E-02
  0.436699986      -1.57871079E-02
  0.437799990      -1.59348082E-02
  0.438899994      -1.59880519E-02
  0.439999998      -1.59489159E-02
  0.441100001      -1.58203635E-02
  0.442200005      -1.56061975E-02
  0.443300009      -1.53109683E-02
  0.444400012      -1.49399033E-02
  0.445499986      -1.44988112E-02
  0.446599990      -1.39939878E-02
  0.447699994      -1.34321172E-02
  0.448799998      -1.28201712E-02
  0.449900001      -1.21653052E-02
  0.451000005      -1.14747705E-02
  0.452100009      -1.07558155E-02
  0.453199983      -1.00155901E-02
  0.454299986      -9.26107168E-03
  0.455399990      -8.49897601E-03
  0.456499994      -7.73569895E-03
  0.457599998      -6.97725127E-03
  0.458700001      -6.22921437E-03
  0.459800005      -5.49669890E-03
  0.460900009      -4.78430931E-03
  0.462000012      -4.09612665E-03
  0.463099986      -3.43569275E-03
  0.464199990      -2.80600949E-03
  0.465299994      -2.20954255E-03
  0.466399997      -1.64823269E-03
  0.467500001      -1.12351554E-03
  0.468600005      -6.36344659E-04
  0.469700009      -1.87221260E-04
  0.470799983       2.23772397E-04
  0.471899986       5.96936268E-04
  0.472999990       9.32913914E-04
  0.474099994       1.23265223E-03
  0.475199997       1.49736158E-03
  0.476300001       1.72847486E-03
  0.477400005       1.92760886E-03
  0.478500009       2.09652702E-03
  0.479600012       2.23710225E-03
  0.480699986       2.35128496E-03
  0.481799990       2.44106841E-03
  0.482899994       2.50846054E-03
  0.483999997       2.55545694E-03
  0.485100001       2.58402014E-03
  0.486200005       2.59606098E-03
  0.487300009       2.59342440E-03
  0.488399982       2.57787434E-03
  0.489499986       2.55108182E-03
  0.490599990       2.51461542E-03
  0.491699994       2.46993708E-03
  0.492799997       2.41839769E-03
  0.493900001       2.36123847E-03
  0.495000005       2.29959073E-03
  0.496100008       2.23447615E-03
  0.497200012       2.16680998E-03
  0.498299986       2.09740456E-03
  0.499399990       2.02697678E-03
  0.500500023       1.95615250E-03
  0.501600027       1.88547443E-03
  0.502699971       1.81540509E-03
  0.503799975       1.74633437E-03
  0.504899979       1.67858414E-03
  0.505999982       1.61241600E-03
  0.507099986       1.54803833E-03
  0.508199990       1.48561283E-03
  0.509299994       1.42525975E-03
  0.510399997       1.36706326E-03
  0.511500001       1.31107552E-03
  0.512600005       1.25732133E-03
  0.513700008       1.20580185E-03
  0.514800012       1.15649833E-03
  0.515900016       1.10937585E-03
  0.517000020       1.06438668E-03
  0.518100023       1.02147344E-03
  0.519199967       9.80571727E-04
  0.520299971       9.41612001E-04
  0.521399975       9.04520857E-04
  0.522499979       8.69221170E-04
  0.523599982       8.35633662E-04
  0.524699986       8.03678297E-04
  0.525799990       7.73275620E-04
  0.526899993       7.44347926E-04
  0.527999997       7.16819661E-04
  0.529100001       6.90617948E-04
  0.530200005       6.65672414E-04
  0.531300008       6.41915947E-04
  0.532400012       6.19284168E-04
  0.533500016       5.97715902E-04
  0.534600019       5.77152998E-04
  0.535700023       5.57540625E-04
  0.536800027       5.38827968E-04
  0.537899971       5.20966714E-04
  0.538999975       5.03911346E-04
  0.540099978       4.87618032E-04
  0.541199982       4.72044514E-04
  0.542299986       4.57151327E-04
  0.543399990       4.42902267E-04
  0.544499993       4.29264473E-04
  0.545599997       4.16207564E-04
  0.546700001       4.03702317E-04
  0.547800004       3.91720270E-04
  0.548900008       3.80233745E-04
