   0.00000000       0.00000000
   1.09999999E-03   0.00000000
   2.19999999E-03   0.00000000
   3.29999998E-03   0.00000000
   4.39999998E-03   0.00000000
   5.49999997E-03   0.00000000
   6.59999996E-03   0.00000000
   7.69999996E-03   0.00000000
   8.79999995E-03   0.00000000
   9.89999995E-03   0.00000000
   1.09999999E-02   0.00000000
   1.20999999E-02  -2.49111797E-25
   1.31999999E-02  -2.62875985E-24
   1.42999999E-02  -1.04615814E-23
   1.53999999E-02  -4.36469560E-24
   1.64999999E-02   1.45357909E-22
   1.75999999E-02   7.48109335E-22
   1.86999999E-02   1.82717311E-21
   1.97999999E-02   1.26462971E-21
   2.08999999E-02  -7.72356956E-21
   2.19999999E-02  -3.36831209E-20
   2.30999999E-02  -6.72231331E-20
   2.41999999E-02  -4.37624233E-20
   2.52999999E-02   1.68242720E-19
   2.63999999E-02   6.54427612E-19
   2.74999999E-02   1.14856882E-18
   2.85999998E-02   7.10727541E-19
   2.96999998E-02  -2.02384978E-18
   3.07999998E-02  -7.32958123E-18
   3.18999998E-02  -1.18403088E-17
   3.29999998E-02  -7.30226773E-18
   3.40999998E-02   1.53333312E-17
   3.51999998E-02   5.43907219E-17
   3.62999998E-02   8.41216081E-17
   3.73999998E-02   5.49506404E-17
   3.84999998E-02  -7.61530662E-17
   3.95999998E-02  -2.87456671E-16
   4.06999998E-02  -4.44548302E-16
   4.17999998E-02  -3.27029548E-16
   4.28999998E-02   2.28644844E-16
   4.39999998E-02   1.11584055E-15
   4.50999998E-02   1.82739587E-15
   4.61999997E-02   1.59388688E-15
   4.72999997E-02  -1.47190927E-16
   4.83999997E-02  -3.14125260E-15
   4.94999997E-02  -5.97781051E-15
   5.05999997E-02  -6.43025782E-15
   5.16999997E-02  -2.57242170E-15
   5.27999997E-02   5.71080879E-15
   5.38999997E-02   1.55940731E-14
   5.49999997E-02   2.14333471E-14
   5.60999997E-02   1.67321160E-14
   5.71999997E-02  -2.12679936E-15
   5.82999997E-02  -3.15665056E-14
   5.93999997E-02  -5.84470894E-14
   6.04999997E-02  -6.28959233E-14
   6.15999997E-02  -2.81942472E-14
   6.27000034E-02   4.48744977E-14
   6.37999997E-02   1.27751393E-13
   6.48999959E-02   1.69130755E-13
   6.59999996E-02   1.20687599E-13
   6.71000034E-02  -2.57729358E-14
   6.81999996E-02  -2.14039940E-13
   6.92999959E-02  -3.37695638E-13
   7.03999996E-02  -2.97599781E-13
   7.15000033E-02  -7.33864331E-14
   7.25999996E-02   2.42158588E-13
   7.36999959E-02   4.82161078E-13
   7.47999996E-02   5.04062016E-13
   7.59000033E-02   2.82224222E-13
   7.69999996E-02  -7.58051052E-14
   7.80999959E-02  -4.04228354E-13
   7.91999996E-02  -5.83097752E-13
   8.03000033E-02  -5.82222855E-13
   8.13999996E-02  -4.14885818E-13
   8.24999958E-02  -7.19518439E-14
   8.35999995E-02   4.54882117E-13
   8.47000033E-02   1.04191785E-12
   8.57999995E-02   1.33358309E-12
   8.68999958E-02   8.73880449E-13
   8.79999995E-02  -4.91452148E-13
   8.91000032E-02  -2.20998545E-12
   9.01999995E-02  -3.06099980E-12
   9.12999958E-02  -1.87165301E-12
   9.23999995E-02   1.41779242E-12
   9.35000032E-02   5.16498606E-12
   9.45999995E-02   6.65108116E-12
   9.56999958E-02   3.85092219E-12
   9.67999995E-02  -2.74888597E-12
   9.79000032E-02  -9.76117191E-12
   9.89999995E-02  -1.26287175E-11
  0.100099996      -8.60278862E-12
  0.101199999       1.06826548E-12
  0.102300003       1.14871810E-11
  0.103399999       1.69997402E-11
  0.104499996       1.47035786E-11
  0.105599999       6.09811333E-12
  0.106700003      -4.20802716E-12
  0.107799999      -1.15546418E-11
  0.108899996      -1.36414205E-11
  0.109999999      -1.07509305E-11
  0.111100003      -4.41001229E-12
  0.112199999       3.49570936E-12
  0.113299996       9.99700583E-12
  0.114399999       9.96817039E-12
  0.115500003      -2.51964291E-12
  0.116599999      -2.90964301E-11
  0.117699996      -6.08007256E-11
  0.118799999      -7.62742508E-11
  0.119900003      -4.91103963E-11
  0.120999999       3.65684705E-11
  0.122099996       1.69945447E-10
  0.123199999       3.07168596E-10
  0.124300003       3.81354393E-10
  0.125400007       3.26874749E-10
  0.126499996       1.08020988E-10
  0.127599999      -2.60135358E-10
  0.128700003      -7.06751269E-10
  0.129799992      -1.11705800E-09
  0.130899996      -1.35646494E-09
  0.131999999      -1.30056144E-09
  0.133100003      -8.65511829E-10
  0.134200007      -3.43983314E-11
  0.135299996       1.12472109E-09
  0.136399999       2.45283083E-09
  0.137500003       3.70778142E-09
  0.138599992       4.58458294E-09
  0.139699996       4.74537210E-09
  0.140799999       3.85865562E-09
  0.141900003       1.65242231E-09
  0.143000007      -2.01137063E-09
  0.144099995      -7.03778369E-09
  0.145199999      -1.29846160E-08
  0.146300003      -1.89574472E-08
  0.147399992      -2.35477220E-08
  0.148499995      -2.48426364E-08
  0.149599999      -2.05156550E-08
  0.150700003      -7.97761768E-09
  0.151800007       1.54573314E-08
  0.152899995       5.24485451E-08
  0.153999999       1.05598360E-07
  0.155100003       1.77540272E-07
  0.156199992       2.71143392E-07
  0.157299995       3.89808946E-07
  0.158399999       5.37829010E-07
  0.159500003       7.20784158E-07
  0.160600007       9.45968736E-07
  0.161699995       1.22283643E-06
  0.162799999       1.56345618E-06
  0.163900003       1.98296379E-06
  0.164999992       2.50000494E-06
  0.166099995       3.13719443E-06
  0.167199999       3.92163929E-06
  0.168300003       4.88560090E-06
  0.169400007       6.06733920E-06
  0.170499995       7.51214793E-06
  0.171599999       9.27355177E-06
  0.172700003       1.14146296E-05
  0.173799992       1.40094535E-05
  0.174899995       1.71447064E-05
  0.175999999       2.09215486E-05
  0.177100003       2.54578135E-05
  0.178200006       3.08905364E-05
  0.179299995       3.73787007E-05
  0.180399999       4.51061351E-05
  0.181500003       5.42844064E-05
  0.182599992       6.51557348E-05
  0.183699995       7.79960319E-05
  0.184799999       9.31180621E-05
  0.185900003       1.10874964E-04
  0.187000006       1.31664012E-04
  0.188099995       1.55930626E-04
  0.189199999       1.84172182E-04
  0.190300003       2.16941975E-04
  0.191399992       2.54852523E-04
  0.192499995       2.98578641E-04
  0.193599999       3.48859874E-04
  0.194700003       4.06502426E-04
  0.195800006       4.72380605E-04
  0.196899995       5.47437114E-04
  0.197999999       6.32682350E-04
  0.199100003       7.29192281E-04
  0.200199991       8.38105509E-04
  0.201299995       9.60618199E-04
  0.202399999       1.09797786E-03
  0.203500003       1.25147460E-03
  0.204600006       1.42243085E-03
  0.205699995       1.61218736E-03
  0.206799999       1.82208815E-03
  0.207900003       2.05346080E-03
  0.208999991       2.30759638E-03
  0.210099995       2.58572516E-03
  0.211199999       2.88899196E-03
  0.212300003       3.21842660E-03
  0.213400006       3.57491523E-03
  0.214499995       3.95916542E-03
  0.215599999       4.37167147E-03
  0.216700003       4.81267879E-03
  0.217799991       5.28214918E-03
  0.218899995       5.77972038E-03
  0.219999999       6.30467292E-03
  0.221100003       6.85589248E-03
  0.222200006       7.43184099E-03
  0.223299995       8.03052261E-03
  0.224399999       8.64946097E-03
  0.225500003       9.28567350E-03
  0.226599991       9.93565656E-03
  0.227699995       1.05953775E-02
  0.228799999       1.12602692E-02
  0.229900002       1.19252391E-02
  0.231000006       1.25846881E-02
  0.232099995       1.32325375E-02
  0.233199999       1.38622560E-02
  0.234300002       1.44669134E-02
  0.235399991       1.50392344E-02
  0.236499995       1.55716669E-02
  0.237599999       1.60564631E-02
  0.238700002       1.64857637E-02
  0.239800006       1.68517008E-02
  0.240899995       1.71464942E-02
  0.241999999       1.73625685E-02
  0.243100002       1.74926724E-02
  0.244199991       1.75299812E-02
  0.245299995       1.74682271E-02
  0.246399999       1.73018258E-02
  0.247500002       1.70259979E-02
  0.248600006       1.66368783E-02
  0.249699995       1.61316078E-02
  0.250800014       1.55084189E-02
  0.251899987       1.47667276E-02
  0.252999991       1.39072072E-02
  0.254099995       1.29318442E-02
  0.255199999       1.18439682E-02
  0.256300002       1.06482487E-02
  0.257400006       9.35068447E-03
  0.258500010       7.95857608E-03
  0.259599984       6.48049312E-03
  0.260699987       4.92619956E-03
  0.261799991       3.30656162E-03
  0.262899995       1.63341919E-03
  0.263999999      -8.05504169E-05
  0.265100002      -1.82197150E-03
  0.266200006      -3.57691990E-03
  0.267300010      -5.33109158E-03
  0.268400013      -7.06998771E-03
  0.269499987      -8.77911318E-03
  0.270599991      -1.04441680E-02
  0.271699995      -1.20512331E-02
  0.272799999      -1.35869458E-02
  0.273900002      -1.50386682E-02
  0.275000006      -1.63946562E-02
  0.276100010      -1.76442228E-02
  0.277199984      -1.87778678E-02
  0.278299987      -1.97873954E-02
  0.279399991      -2.06659902E-02
  0.280499995      -2.14082953E-02
  0.281599998      -2.20104698E-02
  0.282700002      -2.24702209E-02
  0.283800006      -2.27868054E-02
  0.284900010      -2.29610000E-02
  0.286000013      -2.29950529E-02
  0.287099987      -2.28926074E-02
  0.288199991      -2.26586368E-02
  0.289299995      -2.22993381E-02
  0.290399998      -2.18220223E-02
  0.291500002      -2.12349687E-02
  0.292600006      -2.05472764E-02
  0.293700010      -1.97687130E-02
  0.294799984      -1.89095940E-02
  0.295899987      -1.79806221E-02
  0.296999991      -1.69927347E-02
  0.298099995      -1.59569308E-02
  0.299199998      -1.48841375E-02
  0.300300002      -1.37850707E-02
  0.301400006      -1.26701286E-02
  0.302500010      -1.15492847E-02
  0.303600013      -1.04319854E-02
  0.304699987      -9.32704844E-03
  0.305799991      -8.24259128E-03
  0.306899995      -7.18597881E-03
  0.307999998      -6.16380107E-03
  0.309100002      -5.18185459E-03
  0.310200006      -4.24511917E-03
  0.311300009      -3.35774384E-03
  0.312399983      -2.52305274E-03
  0.313499987      -1.74357917E-03
  0.314599991      -1.02111616E-03
  0.315699995      -3.56767996E-04
  0.316799998       2.49009579E-04
  0.317900002       7.96369801E-04
  0.319000006       1.28602271E-03
  0.320100009       1.71916571E-03
  0.321200013       2.09740619E-03
  0.322299987       2.42269202E-03
  0.323399991       2.69725756E-03
  0.324499995       2.92357570E-03
  0.325599998       3.10430815E-03
  0.326700002       3.24224285E-03
  0.327800006       3.34023219E-03
  0.328900009       3.40114161E-03
  0.329999983       3.42781795E-03
  0.331099987       3.42306495E-03
  0.332199991       3.38961696E-03
  0.333299994       3.33010871E-03
  0.334399998       3.24704638E-03
  0.335500002       3.14279250E-03
  0.336600006       3.01955966E-03
  0.337700009       2.87941284E-03
  0.338800013       2.72426847E-03
  0.339899987       2.55589071E-03
  0.340999991       2.37588957E-03
  0.342099994       2.18573096E-03
  0.343199998       1.98674924E-03
  0.344300002       1.78016303E-03
  0.345400006       1.56708504E-03
  0.346500009       1.34853052E-03
  0.347599983       1.12542929E-03
  0.348699987       8.98646482E-04
  0.349799991       6.69001893E-04
  0.350899994       4.37284121E-04
  0.351999998       2.04256270E-04
  0.353100002      -2.93403718E-05
  0.354200006      -2.62777176E-04
  0.355300009      -4.95321874E-04
  0.356400013      -7.26222584E-04
  0.357499987      -9.54700576E-04
  0.358599991      -1.17995322E-03
  0.359699994      -1.40116015E-03
  0.360799998      -1.61748391E-03
  0.361900002      -1.82806398E-03
  0.363000005      -2.03201175E-03
  0.364100009      -2.22841534E-03
  0.365199983      -2.41635134E-03
  0.366299987      -2.59490032E-03
  0.367399991      -2.76315561E-03
  0.368499994      -2.92022596E-03
  0.369599998      -3.06523615E-03
  0.370700002      -3.19733773E-03
  0.371800005      -3.31572723E-03
  0.372900009      -3.41966259E-03
  0.374000013      -3.50847677E-03
  0.375099987      -3.58158187E-03
  0.376199991      -3.63847357E-03
  0.377299994      -3.67873837E-03
  0.378399998      -3.70206567E-03
  0.379500002      -3.70825990E-03
  0.380600005      -3.69724655E-03
  0.381700009      -3.66907241E-03
  0.382799983      -3.62390629E-03
  0.383899987      -3.56204039E-03
  0.384999990      -3.48389358E-03
  0.386099994      -3.39000905E-03
  0.387199998      -3.28105013E-03
  0.388300002      -3.15778982E-03
  0.389400005      -3.02110566E-03
  0.390500009      -2.87197321E-03
  0.391600013      -2.71145953E-03
  0.392699987      -2.54071155E-03
  0.393799990      -2.36094045E-03
  0.394899994      -2.17340514E-03
  0.395999998      -1.97940134E-03
  0.397100002      -1.78025279E-03
  0.398200005      -1.57729955E-03
  0.399300009      -1.37188297E-03
  0.400399983      -1.16532808E-03
  0.401499987      -9.58927034E-04
  0.402599990      -7.53927859E-04
  0.403699994      -5.51528006E-04
  0.404799998      -3.52867093E-04
  0.405900002      -1.59016927E-04
  0.407000005       2.90314638E-05
  0.408100009       2.10378872E-04
  0.409200013       3.84224084E-04
  0.410299987       5.49865072E-04
  0.411399990       7.06697872E-04
  0.412499994       8.54216050E-04
  0.413599998       9.92012327E-04
  0.414700001       1.11978035E-03
  0.415800005       1.23731419E-03
  0.416900009       1.34450477E-03
  0.417999983       1.44133414E-03
  0.419099987       1.52786926E-03
  0.420199990       1.60425436E-03
  0.421299994       1.67070550E-03
  0.422399998       1.72750442E-03
  0.423500001       1.77499128E-03
  0.424600005       1.81355723E-03
  0.425700009       1.84363464E-03
  0.426800013       1.86568836E-03
  0.427899987       1.88020745E-03
  0.428999990       1.88769901E-03
  0.430099994       1.88868330E-03
  0.431199998       1.88368966E-03
  0.432300001       1.87324989E-03
  0.433400005       1.85789168E-03
  0.434500009       1.83813181E-03
  0.435599983       1.81447016E-03
  0.436699986       1.78738649E-03
  0.437799990       1.75733853E-03
  0.438899994       1.72476086E-03
  0.439999998       1.69006456E-03
  0.441100001       1.65363529E-03
  0.442200005       1.61583209E-03
  0.443300009       1.57698605E-03
  0.444400012       1.53739890E-03
  0.445499986       1.49734318E-03
  0.446599990       1.45706406E-03
  0.447699994       1.41678285E-03
  0.448799998       1.37669954E-03
  0.449900001       1.33699190E-03
  0.451000005       1.29781349E-03
  0.452100009       1.25929248E-03
  0.453199983       1.22153352E-03
  0.454299986       1.18462497E-03
  0.455399990       1.14864425E-03
  0.456499994       1.11365947E-03
  0.457599998       1.07972545E-03
  0.458700001       1.04687957E-03
  0.459800005       1.01514068E-03
  0.460900009       9.84515413E-04
  0.462000012       9.55006166E-04
  0.463099986       9.26615437E-04
  0.464199990       8.99342529E-04
  0.465299994       8.73176439E-04
  0.466399997       8.48092313E-04
  0.467500001       8.24054237E-04
  0.468600005       8.01023969E-04
  0.469700009       7.78966583E-04
  0.470799983       7.57850823E-04
  0.471899986       7.37643510E-04
  0.472999990       7.18304887E-04
  0.474099994       6.99788739E-04
  0.475199997       6.82046812E-04
  0.476300001       6.65034167E-04
  0.477400005       6.48709771E-04
  0.478500009       6.33034040E-04
  0.479600012       6.17965881E-04
  0.480699986       6.03462162E-04
  0.481799990       5.89480565E-04
  0.482899994       5.75982500E-04
  0.483999997       5.62934729E-04
  0.485100001       5.50308207E-04
  0.486200005       5.38076216E-04
  0.487300009       5.26213611E-04
  0.488399982       5.14696934E-04
  0.489499986       5.03505406E-04
  0.490599990       4.92621446E-04
  0.491699994       4.82031028E-04
  0.492799997       4.71724314E-04
  0.493900001       4.61694814E-04
  0.495000005       4.51938104E-04
  0.496100008       4.42449731E-04
  0.497200012       4.33224894E-04
  0.498299986       4.24259721E-04
  0.499399990       4.15553455E-04
  0.500500023       4.07109619E-04
  0.501600027       3.98934120E-04
  0.502699971       3.91031965E-04
  0.503799975       3.83404869E-04
  0.504899979       3.76051321E-04
  0.505999982       3.68968904E-04
  0.507099986       3.62155668E-04
  0.508199990       3.55609664E-04
  0.509299994       3.49327252E-04
  0.510399997       3.43302207E-04
  0.511500001       3.37526697E-04
  0.512600005       3.31992953E-04
  0.513700008       3.26693524E-04
  0.514800012       3.21619300E-04
  0.515900016       3.16757651E-04
  0.517000020       3.12092394E-04
  0.518100023       3.07605893E-04
  0.519199967       3.03281035E-04
  0.520299971       2.99101142E-04
  0.521399975       2.95048143E-04
  0.522499979       2.91102333E-04
  0.523599982       2.87244329E-04
  0.524699986       2.83458474E-04
  0.525799990       2.79733678E-04
  0.526899993       2.76060571E-04
  0.527999997       2.72427307E-04
  0.529100001       2.68818607E-04
  0.530200005       2.65219278E-04
  0.531300008       2.61619280E-04
  0.532400012       2.58015323E-04
  0.533500016       2.54408020E-04
  0.534600019       2.50796991E-04
  0.535700023       2.47179763E-04
  0.536800027       2.43554765E-04
  0.537899971       2.39925488E-04
  0.538999975       2.36300955E-04
  0.540099978       2.32691746E-04
  0.541199982       2.29105790E-04
  0.542299986       2.25548327E-04
  0.543399990       2.22026079E-04
  0.544499993       2.18550951E-04
  0.545599997       2.15138614E-04
  0.546700001       2.11802893E-04
  0.547800004       2.08551486E-04
  0.548900008       2.05387580E-04
