   0.00000000       0.00000000
   1.09999999E-03   6.09763415E-35
   2.19999999E-03   1.08563227E-22
   3.29999998E-03   8.10479073E-10
   4.39999998E-03   4.43548220E-09
   5.49999997E-03   1.28673037E-08
   6.59999996E-03   2.57992809E-08
   7.69999996E-03   3.92575643E-08
   8.79999995E-03   4.67819099E-08
   9.89999995E-03   4.27965006E-08
   1.09999999E-02   2.61100404E-08
   1.20999999E-02   1.57091984E-09
   1.31999999E-02  -2.06277448E-08
   1.42999999E-02  -2.72735186E-08
   1.53999999E-02  -5.29302824E-09
   1.64999999E-02   5.46869394E-08
   1.75999999E-02   1.55131744E-07
   1.86999999E-02   2.90394468E-07
   1.97999999E-02   4.49186899E-07
   2.08999999E-02   6.20605249E-07
   2.19999999E-02   8.01044450E-07
   2.30999999E-02   9.98357564E-07
   2.41999999E-02   1.23137238E-06
   2.52999999E-02   1.52596419E-06
   2.63999999E-02   1.91065487E-06
   2.74999999E-02   2.41396901E-06
   2.85999998E-02   3.06386164E-06
   2.96999998E-02   3.88859553E-06
   3.07999998E-02   4.91891706E-06
   3.18999998E-02   6.19175671E-06
   3.29999998E-02   7.75460467E-06
   3.40999998E-02   9.66830612E-06
   3.51999998E-02   1.20065652E-05
   3.62999998E-02   1.48535019E-05
   3.73999998E-02   1.83034372E-05
   3.84999998E-02   2.24661053E-05
   3.95999998E-02   2.74755421E-05
   4.06999998E-02   3.34968463E-05
   4.17999998E-02   4.07262341E-05
   4.28999998E-02   4.93867155E-05
   4.39999998E-02   5.97271683E-05
   4.50999998E-02   7.20311800E-05
   4.61999997E-02   8.66333139E-05
   4.72999997E-02   1.03933351E-04
   4.83999997E-02   1.24400394E-04
   4.94999997E-02   1.48568521E-04
   5.05999997E-02   1.77034381E-04
   5.16999997E-02   2.10466067E-04
   5.27999997E-02   2.49622331E-04
   5.38999997E-02   2.95371370E-04
   5.49999997E-02   3.48699425E-04
   5.60999997E-02   4.10710374E-04
   5.71999997E-02   4.82626492E-04
   5.82999997E-02   5.65799128E-04
   5.93999997E-02   6.61728671E-04
   6.04999997E-02   7.72082771E-04
   6.15999997E-02   8.98704515E-04
   6.27000034E-02   1.04361237E-03
   6.37999997E-02   1.20900199E-03
   6.48999959E-02   1.39725534E-03
   6.59999996E-02   1.61095173E-03
   6.71000034E-02   1.85287138E-03
   6.81999996E-02   2.12598522E-03
   6.92999959E-02   2.43344344E-03
   7.03999996E-02   2.77856854E-03
   7.15000033E-02   3.16485763E-03
   7.25999996E-02   3.59598012E-03
   7.36999959E-02   4.07575350E-03
   7.47999996E-02   4.60809795E-03
   7.59000033E-02   5.19699138E-03
   7.69999996E-02   5.84643288E-03
   7.80999959E-02   6.56042015E-03
   7.91999996E-02   7.34291738E-03
   8.03000033E-02   8.19779187E-03
   8.13999996E-02   9.12872609E-03
   8.24999958E-02   1.01391226E-02
   8.35999995E-02   1.12320390E-02
   8.47000033E-02   1.24101248E-02
   8.57999995E-02   1.36755509E-02
   8.68999958E-02   1.50299147E-02
   8.79999995E-02   1.64740998E-02
   8.91000032E-02   1.80081502E-02
   9.01999995E-02   1.96311660E-02
   9.12999958E-02   2.13412419E-02
   9.23999995E-02   2.31353957E-02
   9.35000032E-02   2.50094589E-02
   9.45999995E-02   2.69579589E-02
   9.56999958E-02   2.89740022E-02
   9.67999995E-02   3.10491789E-02
   9.79000032E-02   3.31735350E-02
   9.89999995E-02   3.53355519E-02
  0.100099996       3.75221260E-02
  0.101199999       3.97185273E-02
  0.102300003       4.19083871E-02
  0.103399999       4.40737084E-02
  0.104499996       4.61949632E-02
  0.105599999       4.82512191E-02
  0.106700003       5.02202548E-02
  0.107799999       5.20786755E-02
  0.108899996       5.38020767E-02
  0.109999999       5.53652644E-02
  0.111100003       5.67424819E-02
  0.112199999       5.79076931E-02
  0.113299996       5.88348918E-02
  0.114399999       5.94983995E-02
  0.115500003       5.98731972E-02
  0.116599999       5.99352643E-02
  0.117699996       5.96619695E-02
  0.118799999       5.90324700E-02
  0.119900003       5.80280721E-02
  0.120999999       5.66325709E-02
  0.122099996       5.48326150E-02
  0.123199999       5.26180491E-02
  0.124300003       4.99822609E-02
  0.125400007       4.69224863E-02
  0.126499996       4.34400104E-02
  0.127599999       3.95403616E-02
  0.128700003       3.52334678E-02
  0.129799992       3.05337887E-02
  0.130899996       2.54603960E-02
  0.131999999       2.00369451E-02
  0.133100003       1.42915575E-02
  0.134200007       8.25664029E-03
  0.135299996       1.96865480E-03
  0.136399999      -4.53214161E-03
  0.137500003      -1.12020085E-02
  0.138599992      -1.79941319E-02
  0.139699996      -2.48591341E-02
  0.140799999      -3.17456312E-02
  0.141900003      -3.86008248E-02
  0.143000007      -4.53710444E-02
  0.144099995      -5.20023555E-02
  0.145199999      -5.84411919E-02
  0.146300003      -6.46350309E-02
  0.147399992      -7.05331266E-02
  0.148499995      -7.60870874E-02
  0.149599999      -8.12515393E-02
  0.150700003      -8.59846026E-02
  0.151800007      -9.02483985E-02
  0.152899995      -9.40096080E-02
  0.153999999      -9.72399041E-02
  0.155100003      -9.99163240E-02
  0.156199992     -0.102021463
  0.157299995     -0.103543654
  0.158399999     -0.104477055
  0.159500003     -0.104821719
  0.160600007     -0.104583517
  0.161699995     -0.103774019
  0.162799999     -0.102410235
  0.163900003     -0.100514270
  0.164999992      -9.81129929E-02
  0.166099995      -9.52376053E-02
  0.167199999      -9.19232145E-02
  0.168300003      -8.82082954E-02
  0.169400007      -8.41340497E-02
  0.170499995      -7.97438398E-02
  0.171599999      -7.50826597E-02
  0.172700003      -7.01965019E-02
  0.173799992      -6.51317760E-02
  0.174899995      -5.99347316E-02
  0.175999999      -5.46508357E-02
  0.177100003      -4.93243001E-02
  0.178200006      -4.39976528E-02
  0.179299995      -3.87113467E-02
  0.180399999      -3.35033387E-02
  0.181500003      -2.84087397E-02
  0.182599992      -2.34595090E-02
  0.183699995      -1.86842903E-02
  0.184799999      -1.41083188E-02
  0.185900003      -9.75333806E-03
  0.187000006      -5.63753769E-03
  0.188099995      -1.77552004E-03
  0.189199999       1.82164717E-03
  0.190300003       5.14627295E-03
  0.191399992       8.19383655E-03
  0.192499995       1.09627852E-02
  0.193599999       1.34543693E-02
  0.194700003       1.56724472E-02
  0.195800006       1.76232420E-02
  0.196899995       1.93150491E-02
  0.197999999       2.07579006E-02
  0.199100003       2.19632834E-02
  0.200199991       2.29439121E-02
  0.201299995       2.37135254E-02
  0.202399999       2.42866259E-02
  0.203500003       2.46782042E-02
  0.204600006       2.49034781E-02
  0.205699995       2.49776728E-02
  0.206799999       2.49158870E-02
  0.207900003       2.47329678E-02
  0.208999991       2.44433600E-02
  0.210099995       2.40609478E-02
  0.211199999       2.35989317E-02
  0.212300003       2.30697412E-02
  0.213400006       2.24850178E-02
  0.214499995       2.18555834E-02
  0.215599999       2.11914107E-02
  0.216700003       2.05015820E-02
  0.217799991       1.97942685E-02
  0.218899995       1.90767702E-02
  0.219999999       1.83555614E-02
  0.221100003       1.76363252E-02
  0.222200006       1.69239584E-02
  0.223299995       1.62226055E-02
  0.224399999       1.55357141E-02
  0.225500003       1.48661155E-02
  0.226599991       1.42161008E-02
  0.227699995       1.35874581E-02
  0.228799999       1.29814968E-02
  0.229900002       1.23990718E-02
  0.231000006       1.18406639E-02
  0.232099995       1.13064703E-02
  0.233199999       1.07964817E-02
  0.234300002       1.03104953E-02
  0.235399991       9.84809734E-03
  0.236499995       9.40867886E-03
  0.237599999       8.99148732E-03
  0.238700002       8.59571714E-03
  0.239800006       8.22055992E-03
  0.240899995       7.86520168E-03
  0.241999999       7.52878701E-03
  0.243100002       7.21040275E-03
  0.244199991       6.90911571E-03
  0.245299995       6.62403135E-03
  0.246399999       6.35432685E-03
  0.247500002       6.09923573E-03
  0.248600006       5.85800223E-03
  0.249699995       5.62986219E-03
  0.250800014       5.41405799E-03
  0.251899987       5.20988181E-03
  0.252999991       5.01669152E-03
  0.254099995       4.83389571E-03
  0.255199999       4.66091884E-03
  0.256300002       4.49718768E-03
  0.257400006       4.34215087E-03
  0.258500010       4.19529667E-03
  0.259599984       4.05615894E-03
  0.260699987       3.92429577E-03
  0.261799991       3.79927433E-03
  0.262899995       3.68067529E-03
  0.263999999       3.56811169E-03
  0.265100002       3.46123497E-03
  0.266200006       3.35971918E-03
  0.267300010       3.26323812E-03
  0.268400013       3.17146233E-03
  0.269499987       3.08408355E-03
  0.270599991       3.00083845E-03
  0.271699995       2.92150583E-03
  0.272799999       2.84587103E-03
  0.273900002       2.77369283E-03
  0.275000006       2.70470628E-03
  0.276100010       2.63866223E-03
  0.277199984       2.57536070E-03
  0.278299987       2.51464522E-03
  0.279399991       2.45635677E-03
  0.280499995       2.40029697E-03
  0.281599998       2.34623207E-03
  0.282700002       2.29393947E-03
  0.283800006       2.24324688E-03
  0.284900010       2.19402788E-03
  0.286000013       2.14615883E-03
  0.287099987       2.09948374E-03
  0.288199991       2.05382332E-03
  0.289299995       2.00901879E-03
  0.290399998       1.96496584E-03
  0.291500002       1.92160613E-03
  0.292600006       1.87889033E-03
  0.293700010       1.83674914E-03
  0.294799984       1.79510668E-03
  0.295899987       1.75391755E-03
  0.296999991       1.71318941E-03
  0.298099995       1.67296675E-03
  0.299199998       1.63329497E-03
  0.300300002       1.59420213E-03
  0.301400006       1.55571464E-03
  0.302500010       1.51788874E-03
  0.303600013       1.48081698E-03
  0.304699987       1.44460169E-03
  0.305799991       1.40932179E-03
  0.306899995       1.37502630E-03
  0.307999998       1.34176039E-03
  0.309100002       1.30959321E-03
  0.310200006       1.27861474E-03
  0.311300009       1.24889973E-03
  0.312399983       1.22047705E-03
  0.313499987       1.19333307E-03
  0.314599991       1.16744812E-03
  0.315699995       1.14282605E-03
  0.316799998       1.11948722E-03
  0.317900002       1.09743245E-03
  0.319000006       1.07661600E-03
  0.320100009       1.05695694E-03
  0.321200013       1.03837973E-03
  0.322299987       1.02084083E-03
  0.323399991       1.00431836E-03
  0.324499995       9.88774467E-04
  0.325599998       9.74132156E-04
  0.326700002       9.60289326E-04
  0.327800006       9.47155640E-04
  0.328900009       9.34673997E-04
  0.329999983       9.22806619E-04
  0.331099987       9.11502691E-04
  0.332199991       9.00682702E-04
  0.333299994       8.90255149E-04
  0.334399998       8.80144362E-04
  0.335500002       8.70299933E-04
  0.336600006       8.60677043E-04
  0.337700009       8.51212128E-04
  0.338800013       8.41820089E-04
  0.339899987       8.32417107E-04
  0.340999991       8.22942180E-04
  0.342099994       8.13352875E-04
  0.343199998       8.03600415E-04
  0.344300002       7.93613377E-04
  0.345400006       7.83310563E-04
  0.346500009       7.72633590E-04
  0.347599983       7.61564181E-04
  0.348699987       7.50108273E-04
  0.349799991       7.38262373E-04
  0.350899994       7.25999533E-04
  0.351999998       7.13290763E-04
  0.353100002       7.00142758E-04
  0.354200006       6.86611515E-04
  0.355300009       6.72778056E-04
  0.356400013       6.58709672E-04
  0.357499987       6.44447573E-04
  0.358599991       6.30032155E-04
  0.359699994       6.15539611E-04
  0.360799998       6.01088861E-04
  0.361900002       5.86809241E-04
  0.363000005       5.72800403E-04
  0.364100009       5.59122534E-04
  0.365199983       5.45826333E-04
  0.366299987       5.32987993E-04
  0.367399991       5.20712696E-04
  0.368499994       5.09100268E-04
  0.369599998       4.98208334E-04
  0.370700002       4.88048914E-04
  0.371800005       4.78619855E-04
  0.372900009       4.69936844E-04
  0.374000013       4.62032505E-04
  0.375099987       4.54924913E-04
  0.376199991       4.48590668E-04
  0.377299994       4.42972203E-04
  0.378399998       4.38011630E-04
  0.379500002       4.33676032E-04
  0.380600005       4.29947599E-04
  0.381700009       4.26791114E-04
  0.382799983       4.24135011E-04
  0.383899987       4.21888457E-04
  0.384999990       4.19977208E-04
  0.386099994       4.18361800E-04
  0.387199998       4.17018397E-04
  0.388300002       4.15903574E-04
  0.389400005       4.14940878E-04
  0.390500009       4.14043723E-04
  0.391600013       4.13151516E-04
  0.392699987       4.12240101E-04
  0.393799990       4.11295652E-04
  0.394899994       4.10278502E-04
  0.395999998       4.09114786E-04
  0.397100002       4.07724816E-04
  0.398200005       4.06058825E-04
  0.399300009       4.04103106E-04
  0.400399983       4.01850528E-04
  0.401499987       3.99266806E-04
  0.402599990       3.96287767E-04
  0.403699994       3.92850343E-04
  0.404799998       3.88925720E-04
  0.405900002       3.84521380E-04
  0.407000005       3.79652105E-04
  0.408100009       3.74311814E-04
  0.409200013       3.68476438E-04
  0.410299987       3.62134946E-04
  0.411399990       3.55315686E-04
  0.412499994       3.48081434E-04
  0.413599998       3.40499275E-04
  0.414700001       3.32617172E-04
  0.415800005       3.24470486E-04
  0.416900009       3.16109770E-04
  0.417999983       3.07618349E-04
  0.419099987       2.99100386E-04
  0.420199990       2.90652068E-04
  0.421299994       2.82345252E-04
  0.422399998       2.74239603E-04
  0.423500001       2.66406976E-04
  0.424600005       2.58940010E-04
  0.425700009       2.51933350E-04
  0.426800013       2.45456700E-04
  0.427899987       2.39546498E-04
  0.428999990       2.34223800E-04
  0.430099994       2.29517027E-04
  0.431199998       2.25463868E-04
  0.432300001       2.22089933E-04
  0.433400005       2.19387497E-04
  0.434500009       2.17318360E-04
  0.435599983       2.15839071E-04
  0.436699986       2.14922475E-04
  0.437799990       2.14553438E-04
  0.438899994       2.14703890E-04
  0.439999998       2.15314969E-04
  0.441100001       2.16306478E-04
  0.442200005       2.17604858E-04
  0.443300009       2.19160836E-04
  0.444400012       2.20938527E-04
  0.445499986       2.22888382E-04
  0.446599990       2.24933610E-04
  0.447699994       2.26986347E-04
  0.448799998       2.28978068E-04
  0.449900001       2.30873280E-04
  0.451000005       2.32652324E-04
  0.452100009       2.34281077E-04
  0.453199983       2.35698477E-04
  0.454299986       2.36834792E-04
  0.455399990       2.37640954E-04
  0.456499994       2.38098713E-04
  0.457599998       2.38201552E-04
  0.458700001       2.37926666E-04
  0.459800005       2.37227679E-04
  0.460900009       2.36055494E-04
  0.462000012       2.34385821E-04
  0.463099986       2.32225284E-04
  0.464199990       2.29591300E-04
  0.465299994       2.26487900E-04
  0.466399997       2.22903487E-04
  0.467500001       2.18832414E-04
  0.468600005       2.14297572E-04
  0.469700009       2.09350241E-04
  0.470799983       2.04047930E-04
  0.471899986       1.98433947E-04
  0.472999990       1.92539868E-04
  0.474099994       1.86407226E-04
  0.475199997       1.80104747E-04
  0.476300001       1.73722088E-04
  0.477400005       1.67346632E-04
  0.478500009       1.61047312E-04
  0.479600012       1.54881564E-04
  0.480699986       1.48916224E-04
  0.481799990       1.43238300E-04
  0.482899994       1.37941635E-04
  0.483999997       1.33101377E-04
  0.485100001       1.28760745E-04
  0.486200005       1.24942118E-04
  0.487300009       1.21669931E-04
  0.488399982       1.18980795E-04
  0.489499986       1.16910865E-04
  0.490599990       1.15473820E-04
  0.491699994       1.14652365E-04
  0.492799997       1.14411610E-04
  0.493900001       1.14720111E-04
  0.495000005       1.15557355E-04
  0.496100008       1.16901298E-04
  0.497200012       1.18710195E-04
  0.498299986       1.20917830E-04
  0.499399990       1.23446676E-04
  0.500500023       1.26225452E-04
  0.501600027       1.29194712E-04
  0.502699971       1.32298112E-04
  0.503799975       1.35471884E-04
  0.504899979       1.38645395E-04
  0.505999982       1.41751545E-04
  0.507099986       1.44735415E-04
  0.508199990       1.47551676E-04
  0.509299994       1.50155203E-04
  0.510399997       1.52496606E-04
  0.511500001       1.54527996E-04
  0.512600005       1.56212118E-04
  0.513700008       1.57523347E-04
  0.514800012       1.58438561E-04
  0.515900016       1.58928626E-04
  0.517000020       1.58961848E-04
  0.518100023       1.58517694E-04
  0.519199967       1.57596500E-04
  0.520299971       1.56213922E-04
  0.521399975       1.54383786E-04
  0.522499979       1.52106746E-04
  0.523599982       1.49377141E-04
  0.524699986       1.46202146E-04
  0.525799990       1.42613964E-04
  0.526899993       1.38662275E-04
  0.527999997       1.34394199E-04
  0.529100001       1.29842127E-04
  0.530200005       1.25032224E-04
  0.531300008       1.20005068E-04
  0.532400012       1.14827228E-04
  0.533500016       1.09581524E-04
  0.534600019       1.04345178E-04
  0.535700023       9.91769848E-05
  0.536800027       9.41249746E-05
  0.537899971       8.92449170E-05
  0.538999975       8.46093608E-05
  0.540099978       8.02972354E-05
  0.541199982       7.63744465E-05
  0.542299986       7.28844680E-05
  0.543399990       6.98566946E-05
  0.544499993       6.73214890E-05
  0.545599997       6.53147217E-05
  0.546700001       6.38668498E-05
  0.547800004       6.29889473E-05
  0.548900008       6.26709589E-05
