   0.00000000       0.00000000
   1.09999999E-03   6.09763415E-35
   2.19999999E-03   1.08367981E-22
   3.29999998E-03   8.07566403E-10
   4.39999998E-03   4.41950343E-09
   5.49999997E-03   1.28240210E-08
   6.59999996E-03   2.57280295E-08
   7.69999996E-03   3.91960597E-08
   8.79999995E-03   4.68173731E-08
   9.89999995E-03   4.30452403E-08
   1.09999999E-02   2.66668785E-08
   1.20999999E-02   2.44800935E-09
   1.31999999E-02  -1.95488639E-08
   1.42999999E-02  -2.62590127E-08
   1.53999999E-02  -4.73026063E-09
   1.64999999E-02   5.43684422E-08
   1.75999999E-02   1.53584125E-07
   1.86999999E-02   2.87477917E-07
   1.97999999E-02   4.45029144E-07
   2.08999999E-02   6.15539534E-07
   2.19999999E-02   7.95434460E-07
   2.30999999E-02   9.92385594E-07
   2.41999999E-02   1.22488427E-06
   2.52999999E-02   1.51842005E-06
   2.63999999E-02   1.90117044E-06
   2.74999999E-02   2.40139889E-06
   2.85999998E-02   3.04688911E-06
   2.96999998E-02   3.86580041E-06
   3.07999998E-02   4.88879141E-06
   3.18999998E-02   6.15262525E-06
   3.29999998E-02   7.70445968E-06
   3.40999998E-02   9.60464331E-06
   3.51999998E-02   1.19263213E-05
   3.62999998E-02   1.47531164E-05
   3.73999998E-02   1.81789073E-05
   3.84999998E-02   2.23128427E-05
   3.95999998E-02   2.72880134E-05
   4.06999998E-02   3.32681593E-05
   4.17999998E-02   4.04479797E-05
   4.28999998E-02   4.90490856E-05
   4.39999998E-02   5.93191071E-05
   4.50999998E-02   7.15401766E-05
   4.61999997E-02   8.60446962E-05
   4.72999997E-02   1.03229402E-04
   4.83999997E-02   1.23559759E-04
   4.94999997E-02   1.47566185E-04
   5.05999997E-02   1.75841851E-04
   5.16999997E-02   2.09051184E-04
   5.27999997E-02   2.47948454E-04
   5.38999997E-02   2.93396297E-04
   5.49999997E-02   3.46374552E-04
   5.60999997E-02   4.07980609E-04
   5.71999997E-02   4.79430193E-04
   5.82999997E-02   5.62067842E-04
   5.93999997E-02   6.57386379E-04
   6.04999997E-02   7.67044374E-04
   6.15999997E-02   8.92875018E-04
   6.27000034E-02   1.03688659E-03
   6.37999997E-02   1.20126456E-03
   6.48999959E-02   1.38838019E-03
   6.59999996E-02   1.60080171E-03
   6.71000034E-02   1.84129772E-03
   6.81999996E-02   2.11282820E-03
   6.92999959E-02   2.41853250E-03
   7.03999996E-02   2.76172394E-03
   7.15000033E-02   3.14589147E-03
   7.25999996E-02   3.57469451E-03
   7.36999959E-02   4.05194238E-03
   7.47999996E-02   4.58154920E-03
   7.59000033E-02   5.16749173E-03
   7.69999996E-02   5.81377093E-03
   7.80999959E-02   6.52439054E-03
   7.91999996E-02   7.30332034E-03
   8.03000033E-02   8.15443881E-03
   8.13999996E-02   9.08144750E-03
   8.24999958E-02   1.00877779E-02
   8.35999995E-02   1.11765191E-02
   8.47000033E-02   1.23503562E-02
   8.57999995E-02   1.36115095E-02
   8.68999958E-02   1.49616301E-02
   8.79999995E-02   1.64016727E-02
   8.91000032E-02   1.79317594E-02
   9.01999995E-02   1.95510816E-02
   9.12999958E-02   2.12578345E-02
   9.23999995E-02   2.30491403E-02
   9.35000032E-02   2.49209553E-02
   9.45999995E-02   2.68679503E-02
   9.56999958E-02   2.88833790E-02
   9.67999995E-02   3.09589896E-02
   9.79000032E-02   3.30849886E-02
   9.89999995E-02   3.52500379E-02
  0.100099996       3.74412239E-02
  0.101199999       3.96440178E-02
  0.102300003       4.18422446E-02
  0.103399999       4.40181047E-02
  0.104499996       4.61522713E-02
  0.105599999       4.82240096E-02
  0.106700003       5.02112843E-02
  0.107799999       5.20908982E-02
  0.108899996       5.38386144E-02
  0.109999999       5.54293767E-02
  0.111100003       5.68375438E-02
  0.112199999       5.80371842E-02
  0.113299996       5.90023585E-02
  0.114399999       5.97074330E-02
  0.115500003       6.01273775E-02
  0.116599999       6.02381267E-02
  0.117699996       6.00169674E-02
  0.118799999       5.94428927E-02
  0.119900003       5.84969968E-02
  0.120999999       5.71628176E-02
  0.122099996       5.54266870E-02
  0.123199999       5.32780848E-02
  0.124300003       5.07099777E-02
  0.125400007       4.77190837E-02
  0.126499996       4.43061329E-02
  0.127599999       4.04760614E-02
  0.128700003       3.62381674E-02
  0.129799992       3.16062458E-02
  0.130899996       2.65986286E-02
  0.131999999       2.12382041E-02
  0.133100003       1.55523131E-02
  0.134200007       9.57257953E-03
  0.135299996       3.33468383E-03
  0.136399999      -3.12188594E-03
  0.137500003      -9.75414645E-03
  0.138599992      -1.65160131E-02
  0.139699996      -2.33587921E-02
  0.140799999      -3.02317329E-02
  0.141900003      -3.70825827E-02
  0.143000007      -4.38581482E-02
  0.144099995      -5.05049005E-02
  0.145199999      -5.69695756E-02
  0.146300003      -6.31998554E-02
  0.147399992      -6.91450611E-02
  0.148499995      -7.47567713E-02
  0.149599999      -7.99894407E-02
  0.150700003      -8.48009288E-02
  0.151800007      -8.91530141E-02
  0.152899995      -9.30118784E-02
  0.153999999      -9.63485762E-02
  0.155100003      -9.91393998E-02
  0.156199992     -0.101366110
  0.157299995     -0.103016108
  0.158399999     -0.104082584
  0.159500003     -0.104564570
  0.160600007     -0.104466811
  0.161699995     -0.103799693
  0.162799999     -0.102578990
  0.163900003     -0.100825630
  0.164999992      -9.85653475E-02
  0.166099995      -9.58282351E-02
  0.167199999      -9.26482677E-02
  0.168300003      -8.90627950E-02
  0.169400007      -8.51119831E-02
  0.170499995      -8.08382705E-02
  0.171599999      -7.62857869E-02
  0.172700003      -7.14998022E-02
  0.173799992      -6.65260926E-02
  0.174899995      -6.14103451E-02
  0.175999999      -5.61975837E-02
  0.177100003      -5.09317070E-02
  0.178200006      -4.56550606E-02
  0.179299995      -4.04080190E-02
  0.180399999      -3.52285765E-02
  0.181500003      -3.01519744E-02
  0.182599992      -2.52104197E-02
  0.183699995      -2.04328839E-02
  0.184799999      -1.58450138E-02
  0.185900003      -1.14690363E-02
  0.187000006      -7.32370745E-03
  0.188099995      -3.42426915E-03
  0.189199999       2.17512308E-04
  0.190300003       3.59322457E-03
  0.191399992       6.69762678E-03
  0.192499995       9.52844881E-03
  0.193599999       1.20862033E-02
  0.194700003       1.43739916E-02
  0.195800006       1.63972732E-02
  0.196899995       1.81635879E-02
  0.197999999       1.96822826E-02
  0.199100003       2.09642220E-02
  0.200199991       2.20215451E-02
  0.201299995       2.28674132E-02
  0.202399999       2.35157702E-02
  0.203500003       2.39810906E-02
  0.204600006       2.42781434E-02
  0.205699995       2.44218111E-02
  0.206799999       2.44269092E-02
  0.207900003       2.43080370E-02
  0.208999991       2.40794010E-02
  0.210099995       2.37546787E-02
  0.211199999       2.33469047E-02
  0.212300003       2.28684284E-02
  0.213400006       2.23308653E-02
  0.214499995       2.17450671E-02
  0.215599999       2.11210474E-02
  0.216700003       2.04679370E-02
  0.217799991       1.97939724E-02
  0.218899995       1.91065427E-02
  0.219999999       1.84122343E-02
  0.221100003       1.77168865E-02
  0.222200006       1.70255788E-02
  0.223299995       1.63426418E-02
  0.224399999       1.56716816E-02
  0.225500003       1.50156738E-02
  0.226599991       1.43770538E-02
  0.227699995       1.37577811E-02
  0.228799999       1.31593635E-02
  0.229900002       1.25828655E-02
  0.231000006       1.20289484E-02
  0.232099995       1.14979493E-02
  0.233199999       1.09899566E-02
  0.234300002       1.05048670E-02
  0.235399991       1.00423964E-02
  0.236499995       9.60208569E-03
  0.237599999       9.18332953E-03
  0.238700002       8.78542103E-03
  0.239800006       8.40761140E-03
  0.240899995       8.04912392E-03
  0.241999999       7.70916184E-03
  0.243100002       7.38689862E-03
  0.244199991       7.08149653E-03
  0.245299995       6.79213274E-03
  0.246399999       6.51801657E-03
  0.247500002       6.25838758E-03
  0.248600006       6.01250213E-03
  0.249699995       5.77962818E-03
  0.250800014       5.55905607E-03
  0.251899987       5.35011943E-03
  0.252999991       5.15219849E-03
  0.254099995       4.96470416E-03
  0.255199999       4.78706136E-03
  0.256300002       4.61870944E-03
  0.257400006       4.45911847E-03
  0.258500010       4.30780323E-03
  0.259599984       4.16431762E-03
  0.260699987       4.02823137E-03
  0.261799991       3.89911188E-03
  0.262899995       3.77653027E-03
  0.263999999       3.66008468E-03
  0.265100002       3.54941934E-03
  0.266200006       3.44421854E-03
  0.267300010       3.34418006E-03
  0.268400013       3.24899750E-03
  0.269499987       3.15836677E-03
  0.270599991       3.07200640E-03
  0.271699995       2.98967073E-03
  0.272799999       2.91113812E-03
  0.273900002       2.83618434E-03
  0.275000006       2.76457216E-03
  0.276100010       2.69606267E-03
  0.277199984       2.63043819E-03
  0.278299987       2.56751338E-03
  0.279399991       2.50711804E-03
  0.280499995       2.44907220E-03
  0.281599998       2.39317631E-03
  0.282700002       2.33922782E-03
  0.283800006       2.28704419E-03
  0.284900010       2.23647081E-03
  0.286000013       2.18736706E-03
  0.287099987       2.13958556E-03
  0.288199991       2.09296658E-03
  0.289299995       2.04735924E-03
  0.290399998       2.00264272E-03
  0.291500002       1.95872993E-03
  0.292600006       1.91555102E-03
  0.293700010       1.87303522E-03
  0.294799984       1.83111080E-03
  0.295899987       1.78972411E-03
  0.296999991       1.74885732E-03
  0.298099995       1.70852640E-03
  0.299199998       1.66876102E-03
  0.300300002       1.62958784E-03
  0.301400006       1.59103191E-03
  0.302500010       1.55313232E-03
  0.303600013       1.51595334E-03
  0.304699987       1.47957448E-03
  0.305799991       1.44407037E-03
  0.306899995       1.40949781E-03
  0.307999998       1.37590314E-03
  0.309100002       1.34334003E-03
  0.310200006       1.31187518E-03
  0.311300009       1.28157448E-03
  0.312399983       1.25248230E-03
  0.313499987       1.22461317E-03
  0.314599991       1.19796430E-03
  0.315699995       1.17253501E-03
  0.316799998       1.14833110E-03
  0.317900002       1.12535129E-03
  0.319000006       1.10356917E-03
  0.320100009       1.08293269E-03
  0.321200013       1.06338097E-03
  0.322299987       1.04486442E-03
  0.323399991       1.02734752E-03
  0.324499995       1.01079291E-03
  0.325599998       9.95145179E-04
  0.326700002       9.80331213E-04
  0.327800006       9.66276217E-04
  0.328900009       9.52918141E-04
  0.329999983       9.40206810E-04
  0.331099987       9.28089372E-04
  0.332199991       9.16498597E-04
  0.333299994       9.05358116E-04
  0.334399998       8.94598255E-04
  0.335500002       8.84165522E-04
  0.336600006       8.74014862E-04
  0.337700009       8.64092726E-04
  0.338800013       8.54328508E-04
  0.339899987       8.44644557E-04
  0.340999991       8.34972714E-04
  0.342099994       8.25261173E-04
  0.343199998       8.15464358E-04
  0.344300002       8.05527321E-04
  0.345400006       7.95383181E-04
  0.346500009       7.84967735E-04
  0.347599983       7.74237851E-04
  0.348699987       7.63175136E-04
  0.349799991       7.51772895E-04
  0.350899994       7.40019605E-04
  0.351999998       7.27898558E-04
  0.353100002       7.15402653E-04
  0.354200006       7.02550169E-04
  0.355300009       6.89385808E-04
  0.356400013       6.75965566E-04
  0.357499987       6.62341539E-04
  0.358599991       6.48561399E-04
  0.359699994       6.34680910E-04
  0.360799998       6.20774925E-04
  0.361900002       6.06934249E-04
  0.363000005       5.93251258E-04
  0.364100009       5.79808373E-04
  0.365199983       5.66678646E-04
  0.366299987       5.53934020E-04
  0.367399991       5.41649351E-04
  0.368499994       5.29895071E-04
  0.369599998       5.18726360E-04
  0.370700002       5.08180819E-04
  0.371800005       4.98286739E-04
  0.372900009       4.89071710E-04
  0.374000013       4.80559480E-04
  0.375099987       4.72757849E-04
  0.376199991       4.65650868E-04
  0.377299994       4.59206582E-04
  0.378399998       4.53394779E-04
  0.379500002       4.48196777E-04
  0.380600005       4.43596160E-04
  0.381700009       4.39558411E-04
  0.382799983       4.36021917E-04
  0.383899987       4.32912057E-04
  0.384999990       4.30167565E-04
  0.386099994       4.27753985E-04
  0.387199998       4.25649865E-04
  0.388300002       4.23819176E-04
  0.389400005       4.22197016E-04
  0.390500009       4.20704717E-04
  0.391600013       4.19280113E-04
  0.392699987       4.17893723E-04
  0.393799990       4.16534283E-04
  0.394899994       4.15177114E-04
  0.395999998       4.13766131E-04
  0.397100002       4.12226422E-04
  0.398200005       4.10495210E-04
  0.399300009       4.08540975E-04
  0.400399983       4.06353240E-04
  0.401499987       4.03914572E-04
  0.402599990       4.01183119E-04
  0.403699994       3.98101984E-04
  0.404799998       3.94625007E-04
  0.405900002       3.90733243E-04
  0.407000005       3.86428233E-04
  0.408100009       3.81711754E-04
  0.409200013       3.76574608E-04
  0.410299987       3.71004920E-04
  0.411399990       3.65005544E-04
  0.412499994       3.58601857E-04
  0.413599998       3.51833965E-04
  0.414700001       3.44743923E-04
  0.415800005       3.37373494E-04
  0.416900009       3.29773029E-04
  0.417999983       3.22008709E-04
  0.419099987       3.14156467E-04
  0.420199990       3.06286587E-04
  0.421299994       2.98456813E-04
  0.422399998       2.90722091E-04
  0.423500001       2.83152098E-04
  0.424600005       2.75835366E-04
  0.425700009       2.68861535E-04
  0.426800013       2.62296206E-04
  0.427899987       2.56172701E-04
  0.428999990       2.50510202E-04
  0.430099994       2.45339732E-04
  0.431199998       2.40710826E-04
  0.432300001       2.36669614E-04
  0.433400005       2.33228697E-04
  0.434500009       2.30359525E-04
  0.435599983       2.28016943E-04
  0.436699986       2.26173026E-04
  0.437799990       2.24827556E-04
  0.438899994       2.23984520E-04
  0.439999998       2.23617928E-04
  0.441100001       2.23661409E-04
  0.442200005       2.24032730E-04
  0.443300009       2.24669813E-04
  0.444400012       2.25543976E-04
  0.445499986       2.26638629E-04
  0.446599990       2.27915982E-04
  0.447699994       2.29305384E-04
  0.448799998       2.30724545E-04
  0.449900001       2.32111837E-04
  0.451000005       2.33438055E-04
  0.452100009       2.34687803E-04
  0.453199983       2.35831001E-04
  0.454299986       2.36813677E-04
  0.455399990       2.37575718E-04
  0.456499994       2.38075416E-04
  0.457599998       2.38295193E-04
  0.458700001       2.38223700E-04
  0.459800005       2.37834931E-04
  0.460900009       2.37086511E-04
  0.462000012       2.35939049E-04
  0.463099986       2.34375257E-04
  0.464199990       2.32399281E-04
  0.465299994       2.30018297E-04
  0.466399997       2.27227603E-04
  0.467500001       2.24015763E-04
  0.468600005       2.20384187E-04
  0.469700009       2.16359476E-04
  0.470799983       2.11984385E-04
  0.471899986       2.07297257E-04
  0.472999990       2.02322408E-04
  0.474099994       1.97083093E-04
  0.475199997       1.91623258E-04
  0.476300001       1.86014280E-04
  0.477400005       1.80337491E-04
  0.478500009       1.74659319E-04
  0.479600012       1.69024584E-04
  0.480699986       1.63474731E-04
  0.481799990       1.58071707E-04
  0.482899994       1.52900917E-04
  0.483999997       1.48047591E-04
  0.485100001       1.43568890E-04
  0.486200005       1.39489071E-04
  0.487300009       1.35822207E-04
  0.488399982       1.32598449E-04
  0.489499986       1.29866079E-04
  0.490599990       1.27666455E-04
  0.491699994       1.26006969E-04
  0.492799997       1.24859638E-04
  0.493900001       1.24187456E-04
  0.495000005       1.23971869E-04
  0.496100008       1.24214203E-04
  0.497200012       1.24909915E-04
  0.498299986       1.26022322E-04
  0.499399990       1.27482490E-04
  0.500500023       1.29215608E-04
  0.501600027       1.31167850E-04
  0.502699971       1.33308233E-04
  0.503799975       1.35606082E-04
  0.504899979       1.38009171E-04
  0.505999982       1.40445089E-04
  0.507099986       1.42843812E-04
  0.508199990       1.45157741E-04
  0.509299994       1.47359911E-04
  0.510399997       1.49424013E-04
  0.511500001       1.51308748E-04
  0.512600005       1.52962297E-04
  0.513700008       1.54340669E-04
  0.514800012       1.55419082E-04
  0.515900016       1.56184833E-04
  0.517000020       1.56620852E-04
  0.518100023       1.56699418E-04
  0.519199967       1.56393420E-04
  0.520299971       1.55692323E-04
  0.521399975       1.54604044E-04
  0.522499979       1.53139918E-04
  0.523599982       1.51299333E-04
  0.524699986       1.49072541E-04
  0.525799990       1.46460297E-04
  0.526899993       1.43489422E-04
  0.527999997       1.40206175E-04
  0.529100001       1.36652001E-04
  0.530200005       1.32846937E-04
  0.531300008       1.28799438E-04
  0.532400012       1.24534781E-04
  0.533500016       1.20113109E-04
  0.534600019       1.15617098E-04
  0.535700023       1.11119356E-04
  0.536800027       1.06661188E-04
  0.537899971       1.02264064E-04
  0.538999975       9.79624165E-05
  0.540099978       9.38240264E-05
  0.541199982       8.99359948E-05
  0.542299986       8.63685345E-05
  0.543399990       8.31517173E-05
  0.544499993       8.02874929E-05
  0.545599997       7.77843306E-05
  0.546700001       7.56794980E-05
  0.547800004       7.40265241E-05
  0.548900008       7.28605955E-05
