   0.00000000       0.00000000
   1.09999999E-03   0.00000000
   2.19999999E-03   0.00000000
   3.29999998E-03   0.00000000
   4.39999998E-03   0.00000000
   5.49999997E-03   0.00000000
   6.59999996E-03   0.00000000
   7.69999996E-03   0.00000000
   8.79999995E-03   0.00000000
   9.89999995E-03   0.00000000
   1.09999999E-02   0.00000000
   1.20999999E-02   0.00000000
   1.31999999E-02  -8.58680801E-29
   1.42999999E-02   4.56545726E-29
   1.53999999E-02   9.74187289E-27
   1.64999999E-02   8.22972976E-26
   1.75999999E-02   3.30958507E-25
   1.86999999E-02   5.82795399E-25
   1.97999999E-02  -9.55603421E-25
   2.08999999E-02  -9.20276297E-24
   2.19999999E-02  -2.75498343E-23
   2.30999999E-02  -3.53872400E-23
   2.41999999E-02   4.80603504E-23
   2.52999999E-02   3.47101626E-22
   2.63999999E-02   8.20358695E-22
   2.74999999E-02   8.10176356E-22
   2.85999998E-02  -1.21678864E-21
   2.96999998E-02  -6.59462150E-21
   3.07999998E-02  -1.30425041E-20
   3.18999998E-02  -1.04961513E-20
   3.29999998E-02   1.73057041E-20
   3.40999998E-02   7.66476089E-20
   3.51999998E-02   1.33514615E-19
   3.62999998E-02   9.42052477E-20
   3.73999998E-02  -1.54087463E-19
   3.84999998E-02  -6.09389954E-19
   3.95999998E-02  -9.82351424E-19
   4.06999998E-02  -6.68783435E-19
   4.17999998E-02   9.05818812E-19
   4.28999998E-02   3.54512529E-18
   4.39999998E-02   5.58005288E-18
   4.50999998E-02   4.06493510E-18
   4.61999997E-02  -3.41665401E-18
   4.72999997E-02  -1.56939588E-17
   4.83999997E-02  -2.56784970E-17
   4.94999997E-02  -2.16882290E-17
   5.05999997E-02   5.78897554E-18
   5.16999997E-02   5.37045160E-17
   5.27999997E-02   9.87068669E-17
   5.38999997E-02   1.00502855E-16
   5.49999997E-02   2.16761588E-17
   5.60999997E-02  -1.39816711E-16
   5.71999997E-02  -3.21613698E-16
   5.82999997E-02  -3.96638874E-16
   5.93999997E-02  -2.23750953E-16
   6.04999997E-02   2.51283229E-16
   6.15999997E-02   8.86758263E-16
   6.27000034E-02   1.31157260E-15
   6.37999997E-02   1.05395992E-15
   6.48999959E-02  -1.53667076E-16
   6.59999996E-02  -2.02370147E-15
   6.71000034E-02  -3.58079621E-15
   6.81999996E-02  -3.50225635E-15
   6.92999959E-02  -9.38190845E-16
   7.03999996E-02   3.58943467E-15
   7.15000033E-02   7.89581582E-15
   7.25999996E-02   8.97321886E-15
   7.36999959E-02   4.79336792E-15
   7.47999996E-02  -3.93614178E-15
   7.59000033E-02  -1.33799806E-14
   7.69999996E-02  -1.81943202E-14
   7.80999959E-02  -1.44416102E-14
   7.91999996E-02  -2.03824037E-15
   8.03000033E-02   1.48056904E-14
   8.13999996E-02   2.92576293E-14
   8.24999958E-02   3.43454581E-14
   8.35999995E-02   2.49749528E-14
   8.47000033E-02  -3.72381942E-16
   8.57999995E-02  -3.71479445E-14
   8.68999958E-02  -7.18226477E-14
   8.79999995E-02  -8.23117209E-14
   8.91000032E-02  -4.68868379E-14
   9.01999995E-02   3.80870127E-14
   9.12999958E-02   1.41473991E-13
   9.23999995E-02   1.99119475E-13
   9.35000032E-02   1.45602863E-13
   9.45999995E-02  -3.39817150E-14
   9.56999958E-02  -2.66661530E-13
   9.67999995E-02  -4.07919466E-13
   9.79000032E-02  -3.22176205E-13
   9.89999995E-02   1.25113272E-14
  0.100099996       4.50282362E-13
  0.101199999       7.31644346E-13
  0.102300003       6.33823506E-13
  0.103399999       1.27496836E-13
  0.104499996      -5.71669177E-13
  0.105599999      -1.10537859E-12
  0.106700003      -1.16934826E-12
  0.107799999      -6.75502406E-13
  0.108899996       2.18302942E-13
  0.109999999       1.20139575E-12
  0.111100003       1.92826441E-12
  0.112199999       2.07988141E-12
  0.113299996       1.39403181E-12
  0.114399999      -2.29634345E-13
  0.115500003      -2.50769956E-12
  0.116599999      -4.58251796E-12
  0.117699996      -5.15113863E-12
  0.118799999      -3.08873348E-12
  0.119900003       1.64058957E-12
  0.120999999       7.38758967E-12
  0.122099996       1.11704621E-11
  0.123199999       1.01060939E-11
  0.124300003       3.26040106E-12
  0.125400007      -7.24612904E-12
  0.126499996      -1.67877361E-11
  0.127599999      -2.03794048E-11
  0.128700003      -1.52947949E-11
  0.129799992      -2.63696270E-12
  0.130899996       1.30508555E-11
  0.131999999       2.58457318E-11
  0.133100003       3.09448057E-11
  0.134200007       2.63218093E-11
  0.135299996       1.30189297E-11
  0.136399999      -5.57109654E-12
  0.137500003      -2.47732598E-11
  0.138599992      -3.97285052E-11
  0.139699996      -4.66144380E-11
  0.140799999      -4.39537573E-11
  0.141900003      -3.33366702E-11
  0.143000007      -1.84989524E-11
  0.144099995      -2.38941679E-12
  0.145199999       1.64097867E-11
  0.146300003       4.49789511E-11
  0.147399992       9.23464569E-11
  0.148499995       1.60694527E-10
  0.149599999       2.35385739E-10
  0.150700003       2.80455492E-10
  0.151800007       2.45383325E-10
  0.152899995       8.41280448E-11
  0.153999999      -2.19288254E-10
  0.155100003      -6.29322150E-10
  0.156199992      -1.05246600E-09
  0.157299995      -1.35163258E-09
  0.158399999      -1.37913547E-09
  0.159500003      -1.01887276E-09
  0.160600007      -2.25326077E-10
  0.161699995       9.50949874E-10
  0.162799999       2.35632092E-09
  0.163900003       3.74503983E-09
  0.164999992       4.80466511E-09
  0.166099995       5.19245180E-09
  0.167199999       4.58080507E-09
  0.168300003       2.71090195E-09
  0.169400007      -5.47110246E-10
  0.170499995      -5.13070875E-09
  0.171599999      -1.07230624E-08
  0.172700003      -1.66973155E-08
  0.173799992      -2.20716014E-08
  0.174899995      -2.54804178E-08
  0.175999999      -2.51709213E-08
  0.177100003      -1.90343918E-08
  0.178200006      -4.67856776E-09
  0.179299995       2.04674109E-08
  0.180399999       5.90448046E-08
  0.181500003       1.13702214E-07
  0.182599992       1.87130482E-07
  0.183699995       2.82232151E-07
  0.184799999       4.02427787E-07
  0.185900003       5.52063625E-07
  0.187000006       7.36861750E-07
  0.188099995       9.64356445E-07
  0.189199999       1.24428857E-06
  0.190300003       1.58896728E-06
  0.191399992       2.01363946E-06
  0.192499995       2.53691860E-06
  0.193599999       3.18131174E-06
  0.194700003       3.97386066E-06
  0.195800006       4.94689266E-06
  0.196899995       6.13887414E-06
  0.197999999       7.59536852E-06
  0.199100003       9.37013374E-06
  0.200199991       1.15263892E-05
  0.201299995       1.41383034E-05
  0.202399999       1.72927230E-05
  0.203500003       2.10911421E-05
  0.204600006       2.56518633E-05
  0.205699995       3.11123586E-05
  0.206799999       3.76317766E-05
  0.207900003       4.53935827E-05
  0.208999991       5.46084048E-05
  0.210099995       6.55170224E-05
  0.211199999       7.83934738E-05
  0.212300003       9.35483913E-05
  0.213400006       1.11332360E-04
  0.214499995       1.32139496E-04
  0.215599999       1.56410999E-04
  0.216700003       1.84638848E-04
  0.217799991       2.17369394E-04
  0.218899995       2.55206600E-04
  0.219999999       2.98814935E-04
  0.221100003       3.48921749E-04
  0.222200006       4.06318664E-04
  0.223299995       4.71862266E-04
  0.224399999       5.46473661E-04
  0.225500003       6.31137169E-04
  0.226599991       7.26898143E-04
  0.227699995       8.34859267E-04
  0.228799999       9.56175558E-04
  0.229900002       1.09204766E-03
  0.231000006       1.24371261E-03
  0.232099995       1.41243206E-03
  0.233199999       1.59947935E-03
  0.234300002       1.80612167E-03
  0.235399991       2.03360268E-03
  0.236499995       2.28312053E-03
  0.237599999       2.55580386E-03
  0.238700002       2.85268622E-03
  0.239800006       3.17467633E-03
  0.240899995       3.52252857E-03
  0.241999999       3.89681081E-03
  0.243100002       4.29787021E-03
  0.244199991       4.72579710E-03
  0.245299995       5.18039055E-03
  0.246399999       5.66112343E-03
  0.247500002       6.16710819E-03
  0.248600006       6.69706101E-03
  0.249699995       7.24927755E-03
  0.250800014       7.82159809E-03
  0.251899987       8.41138884E-03
  0.252999991       9.01552010E-03
  0.254099995       9.63035412E-03
  0.255199999       1.02517437E-02
  0.256300002       1.08750295E-02
  0.257400006       1.14950528E-02
  0.258500010       1.21061793E-02
  0.259599984       1.27023226E-02
  0.260699987       1.32769840E-02
  0.261799991       1.38233118E-02
  0.262899995       1.43341543E-02
  0.263999999       1.48021430E-02
  0.265100002       1.52197592E-02
  0.266200006       1.55794267E-02
  0.267300010       1.58736072E-02
  0.268400013       1.60949156E-02
  0.269499987       1.62362289E-02
  0.270599991       1.62908062E-02
  0.271699995       1.62524004E-02
  0.272799999       1.61153674E-02
  0.273900002       1.58747900E-02
  0.275000006       1.55265853E-02
  0.276100010       1.50676239E-02
  0.277199984       1.44958198E-02
  0.278299987       1.38102118E-02
  0.279399991       1.30110271E-02
  0.280499995       1.20997448E-02
  0.281599998       1.10791372E-02
  0.282700002       9.95330233E-03
  0.283800006       8.72765668E-03
  0.284900010       7.40890531E-03
  0.286000013       6.00499986E-03
  0.287099987       4.52508032E-03
  0.288199991       2.97939545E-03
  0.289299995       1.37920526E-03
  0.290399998      -2.63343361E-04
  0.291500002      -1.93536247E-03
  0.292600006      -3.62337893E-03
  0.293700010      -5.31349797E-03
  0.294799984      -6.99157501E-03
  0.295899987      -8.64339434E-03
  0.296999991      -1.02548609E-02
  0.298099995      -1.18121924E-02
  0.299199998      -1.33021092E-02
  0.300300002      -1.47120021E-02
  0.301400006      -1.60300974E-02
  0.302500010      -1.72456093E-02
  0.303600013      -1.83488857E-02
  0.304699987      -1.93315204E-02
  0.305799991      -2.01864745E-02
  0.306899995      -2.09081452E-02
  0.307999998      -2.14924198E-02
  0.309100002      -2.19367165E-02
  0.310200006      -2.22399868E-02
  0.311300009      -2.24027093E-02
  0.312399983      -2.24268455E-02
  0.313499987      -2.23157834E-02
  0.314599991      -2.20742542E-02
  0.315699995      -2.17082296E-02
  0.316799998      -2.12248098E-02
  0.317900002      -2.06321105E-02
  0.319000006      -1.99391153E-02
  0.320100009      -1.91555284E-02
  0.321200013      -1.82916149E-02
  0.322299987      -1.73580460E-02
  0.323399991      -1.63657479E-02
  0.324499995      -1.53257502E-02
  0.325599998      -1.42490398E-02
  0.326700002      -1.31464275E-02
  0.327800006      -1.20284073E-02
  0.328900009      -1.09050432E-02
  0.329999983      -9.78586450E-03
  0.331099987      -8.67978483E-03
  0.332199991      -7.59502966E-03
  0.333299994      -6.53907098E-03
  0.334399998      -5.51857194E-03
  0.335500002      -4.53935284E-03
  0.336600006      -3.60638439E-03
  0.337700009      -2.72379536E-03
  0.338800013      -1.89488963E-03
  0.339899987      -1.12216210E-03
  0.340999991      -4.07321058E-04
  0.342099994       2.48672382E-04
  0.343199998       8.45548639E-04
  0.344300002       1.38366409E-03
  0.345400006       1.86393782E-03
  0.346500009       2.28779623E-03
  0.347599983       2.65711686E-03
  0.348699987       2.97416328E-03
  0.349799991       3.24151269E-03
  0.350899994       3.46198026E-03
  0.351999998       3.63855716E-03
  0.353100002       3.77436122E-03
  0.354200006       3.87259293E-03
  0.355300009       3.93648678E-03
  0.356400013       3.96926003E-03
  0.357499987       3.97406379E-03
  0.358599991       3.95395141E-03
  0.359699994       3.91185423E-03
  0.360799998       3.85056436E-03
  0.361900002       3.77271278E-03
  0.363000005       3.68074561E-03
  0.364100009       3.57690919E-03
  0.365199983       3.46324686E-03
  0.366299987       3.34160472E-03
  0.367399991       3.21363751E-03
  0.368499994       3.08080739E-03
  0.369599998       2.94438051E-03
  0.370700002       2.80543021E-03
  0.371800005       2.66485265E-03
  0.372900009       2.52338476E-03
  0.374000013       2.38162023E-03
  0.375099987       2.24001263E-03
  0.376199991       2.09887954E-03
  0.377299994       1.95841468E-03
  0.378399998       1.81870931E-03
  0.379500002       1.67977880E-03
  0.380600005       1.54157728E-03
  0.381700009       1.40400103E-03
  0.382799983       1.26688974E-03
  0.383899987       1.13003515E-03
  0.384999990       9.93200694E-04
  0.386099994       8.56143946E-04
  0.387199998       7.18629919E-04
  0.388300002       5.80433931E-04
  0.389400005       4.41341574E-04
  0.390500009       3.01155378E-04
  0.391600013       1.59709991E-04
  0.392699987       1.68877341E-05
  0.393799990      -1.27374384E-04
  0.394899994      -2.73086742E-04
  0.395999998      -4.20209719E-04
  0.397100002      -5.68649324E-04
  0.398200005      -7.18247029E-04
  0.399300009      -8.68771516E-04
  0.400399983      -1.01991906E-03
  0.401499987      -1.17132033E-03
  0.402599990      -1.32254628E-03
  0.403699994      -1.47310656E-03
  0.404799998      -1.62244507E-03
  0.405900002      -1.76993909E-03
  0.407000005      -1.91490899E-03
  0.408100009      -2.05663196E-03
  0.409200013      -2.19435198E-03
  0.410299987      -2.32728361E-03
  0.411399990      -2.45461147E-03
  0.412499994      -2.57549970E-03
  0.413599998      -2.68910523E-03
  0.414700001      -2.79459800E-03
  0.415800005      -2.89117033E-03
  0.416900009      -2.97804386E-03
  0.417999983      -3.05447052E-03
  0.419099987      -3.11974436E-03
  0.420199990      -3.17321601E-03
  0.421299994      -3.21430922E-03
  0.422399998      -3.24253249E-03
  0.423500001      -3.25748255E-03
  0.424600005      -3.25884437E-03
  0.425700009      -3.24639981E-03
  0.426800013      -3.22003709E-03
  0.427899987      -3.17976135E-03
  0.428999990      -3.12569365E-03
  0.430099994      -3.05806613E-03
  0.431199998      -2.97721475E-03
  0.432300001      -2.88358168E-03
  0.433400005      -2.77771661E-03
  0.434500009      -2.66027823E-03
  0.435599983      -2.53202394E-03
  0.436699986      -2.39379634E-03
  0.437799990      -2.24651257E-03
  0.438899994      -2.09115702E-03
  0.439999998      -1.92877511E-03
  0.441100001      -1.76046300E-03
  0.442200005      -1.58735039E-03
  0.443300009      -1.41058268E-03
  0.444400012      -1.23130775E-03
  0.445499986      -1.05067156E-03
  0.446599990      -8.69812910E-04
  0.447699994      -6.89851469E-04
  0.448799998      -5.11868973E-04
  0.449900001      -3.36891768E-04
  0.451000005      -1.65882186E-04
  0.452100009       2.62571575E-07
  0.453199983       1.60711206E-04
  0.454299986       3.14705598E-04
  0.455399990       4.61573334E-04
  0.456499994       6.00737170E-04
  0.457599998       7.31715758E-04
  0.458700001       8.54116050E-04
  0.459800005       9.67627275E-04
  0.460900009       1.07202178E-03
  0.462000012       1.16716011E-03
  0.463099986       1.25299313E-03
  0.464199990       1.32955611E-03
  0.465299994       1.39695627E-03
  0.466399997       1.45536254E-03
  0.467500001       1.50500261E-03
  0.468600005       1.54616323E-03
  0.469700009       1.57918548E-03
  0.470799983       1.60445564E-03
  0.471899986       1.62239152E-03
  0.472999990       1.63343409E-03
  0.474099994       1.63804460E-03
  0.475199997       1.63670327E-03
  0.476300001       1.62990263E-03
  0.477400005       1.61813770E-03
  0.478500009       1.60189520E-03
  0.479600012       1.58165058E-03
  0.480699986       1.55787054E-03
  0.481799990       1.53101527E-03
  0.482899994       1.50153262E-03
  0.483999997       1.46984798E-03
  0.485100001       1.43635436E-03
  0.486200005       1.40141323E-03
  0.487300009       1.36536150E-03
  0.488399982       1.32851815E-03
  0.489499986       1.29118131E-03
  0.490599990       1.25362095E-03
  0.491699994       1.21607189E-03
  0.492799997       1.17873715E-03
  0.493900001       1.14179635E-03
  0.495000005       1.10541261E-03
  0.496100008       1.06973178E-03
  0.497200012       1.03487517E-03
  0.498299986       1.00093568E-03
  0.499399990       9.67981410E-04
  0.500500023       9.36064636E-04
  0.501600027       9.05227964E-04
  0.502699971       8.75503465E-04
  0.503799975       8.46907846E-04
  0.504899979       8.19440815E-04
  0.505999982       7.93090323E-04
  0.507099986       7.67840073E-04
  0.508199990       7.43672077E-04
  0.509299994       7.20563461E-04
  0.510399997       6.98481745E-04
  0.511500001       6.77385135E-04
  0.512600005       6.57228928E-04
  0.513700008       6.37971971E-04
  0.514800012       6.19577360E-04
  0.515900016       6.02006272E-04
  0.517000020       5.85213769E-04
  0.518100023       5.69151656E-04
  0.519199967       5.53776743E-04
  0.520299971       5.39056433E-04
  0.521399975       5.24965522E-04
  0.522499979       5.11477585E-04
  0.523599982       4.98557754E-04
  0.524699986       4.86166537E-04
  0.525799990       4.74269618E-04
  0.526899993       4.62845026E-04
  0.527999997       4.51879925E-04
  0.529100001       4.41361015E-04
  0.530200005       4.31267195E-04
  0.531300008       4.21572040E-04
  0.532400012       4.12252732E-04
  0.533500016       4.03296523E-04
  0.534600019       3.94697476E-04
  0.535700023       3.86447296E-04
  0.536800027       3.78528581E-04
  0.537899971       3.70917260E-04
  0.538999975       3.63591273E-04
  0.540099978       3.56536999E-04
  0.541199982       3.49747221E-04
  0.542299986       3.43213702E-04
  0.543399990       3.36922123E-04
  0.544499993       3.30853247E-04
  0.545599997       3.24988650E-04
  0.546700001       3.19313753E-04
  0.547800004       3.13816068E-04
  0.548900008       3.08481103E-04
