   0.00000000       0.00000000
   1.09999999E-03   0.00000000
   2.19999999E-03   0.00000000
   3.29999998E-03   0.00000000
   4.39999998E-03   0.00000000
   5.49999997E-03   0.00000000
   6.59999996E-03   0.00000000
   7.69999996E-03   0.00000000
   8.79999995E-03   0.00000000
   9.89999995E-03   0.00000000
   1.09999999E-02   0.00000000
   1.20999999E-02   0.00000000
   1.31999999E-02  -8.41844321E-29
   1.42999999E-02   4.23730829E-29
   1.53999999E-02   9.51949731E-27
   1.64999999E-02   8.05439372E-26
   1.75999999E-02   3.24595555E-25
   1.86999999E-02   5.75901445E-25
   1.97999999E-02  -9.11875086E-25
   2.08999999E-02  -8.95216474E-24
   2.19999999E-02  -2.69472077E-23
   2.30999999E-02  -3.50408985E-23
   2.41999999E-02   4.53176167E-23
   2.52999999E-02   3.36120631E-22
   2.63999999E-02   8.00765056E-22
   2.74999999E-02   8.05461820E-22
   2.85999998E-02  -1.14087594E-21
   2.96999998E-02  -6.36106536E-21
   3.07999998E-02  -1.27082633E-20
   3.18999998E-02  -1.04876299E-20
   3.29999998E-02   1.61357540E-20
   3.40999998E-02   7.36512312E-20
   3.51999998E-02   1.29846987E-19
   3.62999998E-02   9.45052816E-20
   3.73999998E-02  -1.42551318E-19
   3.84999998E-02  -5.83126143E-19
   3.95999998E-02  -9.53005227E-19
   4.06999998E-02  -6.70795707E-19
   4.17999998E-02   8.26970974E-19
   4.28999998E-02   3.37498003E-18
   4.39999998E-02   5.39365600E-18
   4.50999998E-02   4.05176060E-18
   4.61999997E-02  -3.02788202E-18
   4.72999997E-02  -1.48355753E-17
   4.83999997E-02  -2.46863567E-17
   4.94999997E-02  -2.13831052E-17
   5.05999997E-02   4.40819272E-18
   5.16999997E-02   5.02142307E-17
   5.27999997E-02   9.41661681E-17
   5.38999997E-02   9.78566311E-17
   5.49999997E-02   2.48986162E-17
   5.60999997E-02  -1.28161114E-16
   5.71999997E-02  -3.03694611E-16
   5.82999997E-02  -3.81583313E-16
   5.93999997E-02  -2.26013431E-16
   6.04999997E-02   2.19298723E-16
   6.15999997E-02   8.26461693E-16
   6.27000034E-02   1.24801644E-15
   6.37999997E-02   1.03379037E-15
   6.48999959E-02  -8.37148073E-17
   6.59999996E-02  -1.85409625E-15
   6.71000034E-02  -3.37203287E-15
   6.81999996E-02  -3.38265360E-15
   6.92999959E-02  -1.04630486E-15
   7.03999996E-02   3.20347607E-15
   7.15000033E-02   7.35343013E-15
   7.25999996E-02   8.56219697E-15
   7.36999959E-02   4.83917927E-15
   7.47999996E-02  -3.27538006E-15
   7.59000033E-02  -1.22733854E-14
   7.69999996E-02  -1.71305586E-14
   7.80999959E-02  -1.40241314E-14
   7.91999996E-02  -2.68303996E-15
   8.03000033E-02   1.31058503E-14
   8.13999996E-02   2.69944335E-14
   8.24999958E-02   3.23922814E-14
   8.35999995E-02   2.43840897E-14
   8.47000033E-02   1.32035411E-15
   8.57999995E-02  -3.28851495E-14
   8.68999958E-02  -6.59959690E-14
   8.79999995E-02  -7.76083638E-14
   8.91000032E-02  -4.70528157E-14
   9.01999995E-02   3.03277301E-14
   9.12999958E-02   1.27276377E-13
   9.23999995E-02   1.85112518E-13
   9.35000032E-02   1.41920655E-13
   9.45999995E-02  -1.97048663E-14
   9.56999958E-02  -2.36444030E-13
   9.67999995E-02  -3.76349857E-13
   9.79000032E-02  -3.10817940E-13
   9.89999995E-02  -1.17824858E-14
  0.100099996       3.94163651E-13
  0.101199999       6.70085135E-13
  0.102300003       6.04134039E-13
  0.103399999       1.56326449E-13
  0.104499996      -4.86747957E-13
  0.105599999      -9.98606146E-13
  0.106700003      -1.09133937E-12
  0.107799999      -6.69240271E-13
  0.108899996       1.35984784E-13
  0.109999999       1.04549442E-12
  0.111100003       1.74207805E-12
  0.112199999       1.92956285E-12
  0.113299996       1.36033621E-12
  0.114399999      -7.40482708E-14
  0.115500003      -2.14387015E-12
  0.116599999      -4.09849585E-12
  0.117699996      -4.75953478E-12
  0.118799999      -3.06276228E-12
  0.119900003       1.11540540E-12
  0.120999999       6.37812112E-12
  0.122099996       1.00623520E-11
  0.123199999       9.48465004E-12
  0.124300003       3.62415848E-12
  0.125400007      -5.79846848E-12
  0.126499996      -1.47057505E-11
  0.127599999      -1.85263142E-11
  0.128700003      -1.45730147E-11
  0.129799992      -3.56372484E-12
  0.130899996       1.05968507E-11
  0.131999999       2.25899837E-11
  0.133100003       2.79410141E-11
  0.134200007       2.45885048E-11
  0.135299996       1.32381528E-11
  0.136399999      -3.22550667E-12
  0.137500003      -2.06797149E-11
  0.138599992      -3.47409983E-11
  0.139699996      -4.18475948E-11
  0.140799999      -4.04414870E-11
  0.141900003      -3.16899181E-11
  0.143000007      -1.88003189E-11
  0.144099995      -4.52032725E-12
  0.145199999       1.20867040E-11
  0.146300003       3.70456582E-11
  0.147399992       7.85377804E-11
  0.148499995       1.39329798E-10
  0.149599999       2.07767289E-10
  0.150700003       2.53138122E-10
  0.151800007       2.30761382E-10
  0.152899995       9.81182705E-11
  0.153999999      -1.62564767E-10
  0.155100003      -5.24497834E-10
  0.156199992      -9.09076647E-10
  0.157299995      -1.19686994E-09
  0.158399999      -1.25551536E-09
  0.159500003      -9.76704051E-10
  0.160600007      -3.11415949E-10
  0.161699995       7.05978720E-10
  0.162799999       1.94959848E-09
  0.163900003       3.20987481E-09
  0.164999992       4.21444124E-09
  0.166099995       4.65904115E-09
  0.167199999       4.24675450E-09
  0.168300003       2.73478351E-09
  0.169400007      -1.24490418E-11
  0.170499995      -3.96675137E-09
  0.171599999      -8.88019258E-09
  0.172700003      -1.42339234E-08
  0.173799992      -1.91957188E-08
  0.174899995      -2.25910739E-08
  0.175999999      -2.28951151E-08
  0.177100003      -1.82544717E-08
  0.178200006      -6.54489707E-09
  0.179299995       1.45409933E-08
  0.180399999       4.73997801E-08
  0.181500003       9.44578673E-08
  0.182599992       1.58193387E-07
  0.183699995       2.41273568E-07
  0.184799999       3.46813493E-07
  0.185900003       4.78728964E-07
  0.187000006       6.42134012E-07
  0.188099995       8.43734369E-07
  0.189199999       1.09218922E-06
  0.190300003       1.39844610E-06
  0.191399992       1.77608331E-06
  0.192499995       2.24170140E-06
  0.193599999       2.81540247E-06
  0.194700003       3.52137022E-06
  0.195800006       4.38855159E-06
  0.196899995       5.45143621E-06
  0.197999999       6.75093133E-06
  0.199100003       8.33536069E-06
  0.200199991       1.02616204E-05
  0.201299995       1.25965262E-05
  0.202399999       1.54183817E-05
  0.203500003       1.88187660E-05
  0.204600006       2.29045199E-05
  0.205699995       2.77999006E-05
  0.206799999       3.36488956E-05
  0.207900003       4.06176914E-05
  0.208999991       4.88972728E-05
  0.210099995       5.87062277E-05
  0.211199999       7.02936741E-05
  0.212300003       8.39423519E-05
  0.213400006       9.99718250E-05
  0.214499995       1.18741831E-04
  0.215599999       1.40655669E-04
  0.216700003       1.66163649E-04
  0.217799991       1.95766537E-04
  0.218899995       2.30018835E-04
  0.219999999       2.69531709E-04
  0.221100003       3.14975274E-04
  0.222200006       3.67080414E-04
  0.223299995       4.26639512E-04
  0.224399999       4.94506676E-04
  0.225500003       5.71596960E-04
  0.226599991       6.58884528E-04
  0.227699995       7.57400354E-04
  0.228799999       8.68227682E-04
  0.229900002       9.92496032E-04
  0.231000006       1.13137357E-03
  0.232099995       1.28605752E-03
  0.233199999       1.45776174E-03
  0.234300002       1.64770265E-03
  0.235399991       1.85708201E-03
  0.236499995       2.08706781E-03
  0.237599999       2.33877217E-03
  0.238700002       2.61322968E-03
  0.239800006       2.91137118E-03
  0.240899995       3.23399436E-03
  0.241999999       3.58173321E-03
  0.243100002       3.95502755E-03
  0.244199991       4.35409276E-03
  0.245299995       4.77888249E-03
  0.246399999       5.22905821E-03
  0.247500002       5.70395775E-03
  0.248600006       6.20255945E-03
  0.249699995       6.72345329E-03
  0.250800014       7.26481527E-03
  0.251899987       7.82438088E-03
  0.252999991       8.39942973E-03
  0.254099995       8.98676738E-03
  0.255199999       9.58271604E-03
  0.256300002       1.01831136E-02
  0.257400006       1.07833249E-02
  0.258500010       1.13782501E-02
  0.259599984       1.19623533E-02
  0.260699987       1.25296898E-02
  0.261799991       1.30739538E-02
  0.262899995       1.35885244E-02
  0.263999999       1.40665388E-02
  0.265100002       1.45009561E-02
  0.266200006       1.48846339E-02
  0.267300010       1.52104190E-02
  0.268400013       1.54712461E-02
  0.269499987       1.56602338E-02
  0.270599991       1.57707967E-02
  0.271699995       1.57967471E-02
  0.272799999       1.57324113E-02
  0.273900002       1.55727426E-02
  0.275000006       1.53134167E-02
  0.276100010       1.49509357E-02
  0.277199984       1.44827161E-02
  0.278299987       1.39071839E-02
  0.279399991       1.32238483E-02
  0.280499995       1.24333687E-02
  0.281599998       1.15375901E-02
  0.282700002       1.05395671E-02
  0.283800006       9.44357552E-03
  0.284900010       8.25510733E-03
  0.286000013       6.98085176E-03
  0.287099987       5.62864961E-03
  0.288199991       4.20742435E-03
  0.289299995       2.72708735E-03
  0.290399998       1.19843404E-03
  0.291500002      -3.66972905E-04
  0.292600006      -1.95692806E-03
  0.293700010      -3.55872791E-03
  0.294799984      -5.15932869E-03
  0.295899987      -6.74551865E-03
  0.296999991      -8.30409676E-03
  0.298099995      -9.82203893E-03
  0.299199998      -1.12866648E-02
  0.300300002      -1.26857972E-02
  0.301400006      -1.40079297E-02
  0.302500010      -1.52423717E-02
  0.303600013      -1.63793936E-02
  0.304699987      -1.74103510E-02
  0.305799991      -1.83277763E-02
  0.306899995      -1.91254728E-02
  0.307999998      -1.97985694E-02
  0.309100002      -2.03435812E-02
  0.310200006      -2.07584351E-02
  0.311300009      -2.10424606E-02
  0.312399983      -2.11963691E-02
  0.313499987      -2.12222096E-02
  0.314599991      -2.11233143E-02
  0.315699995      -2.09042225E-02
  0.316799998      -2.05705892E-02
  0.317900002      -2.01290697E-02
  0.319000006      -1.95872132E-02
  0.320100009      -1.89533159E-02
  0.321200013      -1.82363000E-02
  0.322299987      -1.74455643E-02
  0.323399991      -1.65908616E-02
  0.324499995      -1.56821478E-02
  0.325599998      -1.47294449E-02
  0.326700002      -1.37427095E-02
  0.327800006      -1.27317123E-02
  0.328900009      -1.17059294E-02
  0.329999983      -1.06744450E-02
  0.331099987      -9.64585878E-03
  0.332199991      -8.62820540E-03
  0.333299994      -7.62887578E-03
  0.334399998      -6.65457826E-03
  0.335500002      -5.71130682E-03
  0.336600006      -4.80431831E-03
  0.337700009      -3.93811800E-03
  0.338800013      -3.11645144E-03
  0.339899987      -2.34231679E-03
  0.340999991      -1.61798985E-03
  0.342099994      -9.45060689E-04
  0.343199998      -3.24474619E-04
  0.344300002       2.43427145E-04
  0.345400006       7.58865150E-04
  0.346500009       1.22257089E-03
  0.347599983       1.63572771E-03
  0.348699987       1.99990696E-03
  0.349799991       2.31700786E-03
  0.350899994       2.58920365E-03
  0.351999998       2.81889061E-03
  0.353100002       3.00863828E-03
  0.354200006       3.16113560E-03
  0.355300009       3.27914092E-03
  0.356400013       3.36543866E-03
  0.357499987       3.42280255E-03
  0.358599991       3.45396460E-03
  0.359699994       3.46158608E-03
  0.360799998       3.44822812E-03
  0.361900002       3.41632753E-03
  0.363000005       3.36818234E-03
  0.364100009       3.30594019E-03
  0.365199983       3.23159038E-03
  0.366299987       3.14695784E-03
  0.367399991       3.05369729E-03
  0.368499994       2.95329257E-03
  0.369599998       2.84705963E-03
  0.370700002       2.73615401E-03
  0.371800005       2.62157526E-03
  0.372900009       2.50417250E-03
  0.374000013       2.38465145E-03
  0.375099987       2.26358371E-03
  0.376199991       2.14142096E-03
  0.377299994       2.01850757E-03
  0.378399998       1.89508894E-03
  0.379500002       1.77132175E-03
  0.380600005       1.64728344E-03
  0.381700009       1.52298657E-03
  0.382799983       1.39839237E-03
  0.383899987       1.27342110E-03
  0.384999990       1.14795903E-03
  0.386099994       1.02186482E-03
  0.387199998       8.94979050E-04
  0.388300002       7.67138205E-04
  0.389400005       6.38187805E-04
  0.390500009       5.07989724E-04
  0.391600013       3.76425742E-04
  0.392699987       2.43400151E-04
  0.393799990       1.08846783E-04
  0.394899994      -2.72604648E-05
  0.395999998      -1.64898549E-04
  0.397100002      -3.03992070E-04
  0.398200005      -4.44415142E-04
  0.399300009      -5.85993519E-04
  0.400399983      -7.28501414E-04
  0.401499987      -8.71654949E-04
  0.402599990      -1.01510575E-03
  0.403699994      -1.15844223E-03
  0.404799998      -1.30119664E-03
  0.405900002      -1.44285336E-03
  0.407000005      -1.58285233E-03
  0.408100009      -1.72058772E-03
  0.409200013      -1.85540912E-03
  0.410299987      -1.98662584E-03
  0.411399990      -2.11351784E-03
  0.412499994      -2.23534810E-03
  0.413599998      -2.35137274E-03
  0.414700001      -2.46084481E-03
  0.415800005      -2.56302045E-03
  0.416900009      -2.65716738E-03
  0.417999983      -2.74257804E-03
  0.419099987      -2.81858025E-03
  0.420199990      -2.88454560E-03
  0.421299994      -2.93989526E-03
  0.422399998      -2.98410677E-03
  0.423500001      -3.01672402E-03
  0.424600005      -3.03736981E-03
  0.425700009      -3.04575381E-03
  0.426800013      -3.04167625E-03
  0.427899987      -3.02502629E-03
  0.428999990      -2.99578439E-03
  0.430099994      -2.95402785E-03
  0.431199998      -2.89993640E-03
  0.432300001      -2.83379201E-03
  0.433400005      -2.75597209E-03
  0.434500009      -2.66694184E-03
  0.435599983      -2.56725098E-03
  0.436699986      -2.45753163E-03
  0.437799990      -2.33850046E-03
  0.438899994      -2.21095001E-03
  0.439999998      -2.07573501E-03
  0.441100001      -1.93375791E-03
  0.442200005      -1.78595562E-03
  0.443300009      -1.63329451E-03
  0.444400012      -1.47676689E-03
  0.445499986      -1.31738267E-03
  0.446599990      -1.15615514E-03
  0.447699994      -9.94084170E-04
  0.448799998      -8.32143589E-04
  0.449900001      -6.71275135E-04
  0.451000005      -5.12384926E-04
  0.452100009      -3.56338074E-04
  0.453199983      -2.03949661E-04
  0.454299986      -5.59742111E-05
  0.455399990       8.69018186E-05
  0.456499994       2.24063959E-04
  0.457599998       3.54970776E-04
  0.458700001       4.79155133E-04
  0.459800005       5.96225320E-04
  0.460900009       7.05866260E-04
  0.462000012       8.07837816E-04
  0.463099986       9.01971944E-04
  0.464199990       9.88170854E-04
  0.465299994       1.06640556E-03
  0.466399997       1.13671401E-03
  0.467500001       1.19919551E-03
  0.468600005       1.25400268E-03
  0.469700009       1.30133354E-03
  0.470799983       1.34142803E-03
  0.471899986       1.37456716E-03
  0.472999990       1.40107085E-03
  0.474099994       1.42129126E-03
  0.475199997       1.43559964E-03
  0.476300001       1.44437572E-03
  0.477400005       1.44800241E-03
  0.478500009       1.44686934E-03
  0.479600012       1.44137559E-03
  0.480699986       1.43192802E-03
  0.481799990       1.41892990E-03
  0.482899994       1.40277040E-03
  0.483999997       1.38381927E-03
  0.485100001       1.36242807E-03
  0.486200005       1.33893557E-03
  0.487300009       1.31366949E-03
  0.488399982       1.28694030E-03
  0.489499986       1.25903427E-03
  0.490599990       1.23021042E-03
  0.491699994       1.20070390E-03
  0.492799997       1.17073301E-03
  0.493900001       1.14050298E-03
  0.495000005       1.11020263E-03
  0.496100008       1.07999868E-03
  0.497200012       1.05003256E-03
  0.498299986       1.02042174E-03
  0.499399990       9.91265639E-04
  0.500500023       9.62650869E-04
  0.501600027       9.34652111E-04
  0.502699971       9.07331123E-04
  0.503799975       8.80736101E-04
  0.504899979       8.54903075E-04
  0.505999982       8.29857483E-04
  0.507099986       8.05615273E-04
  0.508199990       7.82182964E-04
  0.509299994       7.59558461E-04
  0.510399997       7.37733906E-04
  0.511500001       7.16698531E-04
  0.512600005       6.96439238E-04
  0.513700008       6.76938973E-04
  0.514800012       6.58174511E-04
  0.515900016       6.40117971E-04
  0.517000020       6.22741180E-04
  0.518100023       6.06020098E-04
  0.519199967       5.89935225E-04
  0.520299971       5.74467180E-04
  0.521399975       5.59592037E-04
  0.522499979       5.45280462E-04
  0.523599982       5.31502359E-04
  0.524699986       5.18233166E-04
  0.525799990       5.05456061E-04
  0.526899993       4.93157655E-04
  0.527999997       4.81322262E-04
  0.529100001       4.69929073E-04
  0.530200005       4.58955707E-04
  0.531300008       4.48383740E-04
  0.532400012       4.38201707E-04
  0.533500016       4.28402069E-04
  0.534600019       4.18975193E-04
  0.535700023       4.09906090E-04
  0.536800027       4.01175930E-04
  0.537899971       3.92767106E-04
  0.538999975       3.84666317E-04
  0.540099978       3.76863900E-04
  0.541199982       3.69349989E-04
  0.542299986       3.62112041E-04
  0.543399990       3.55135184E-04
  0.544499993       3.48404254E-04
  0.545599997       3.41905135E-04
  0.546700001       3.35624412E-04
  0.547800004       3.29548348E-04
  0.548900008       3.23662825E-04
