   0.00000000       0.00000000
   1.09999999E-03   0.00000000
   2.19999999E-03   0.00000000
   3.29999998E-03   0.00000000
   4.39999998E-03   0.00000000
   5.49999997E-03   0.00000000
   6.59999996E-03   0.00000000
   7.69999996E-03   0.00000000
   8.79999995E-03   0.00000000
   9.89999995E-03   0.00000000
   1.09999999E-02   0.00000000
   1.20999999E-02   0.00000000
   1.31999999E-02   0.00000000
   1.42999999E-02   0.00000000
   1.53999999E-02   0.00000000
   1.64999999E-02   0.00000000
   1.75999999E-02   0.00000000
   1.86999999E-02   0.00000000
   1.97999999E-02   0.00000000
   2.08999999E-02   0.00000000
   2.19999999E-02   0.00000000
   2.30999999E-02   0.00000000
   2.41999999E-02  -0.00000000
   2.52999999E-02  -0.00000000
   2.63999999E-02  -0.00000000
   2.74999999E-02   1.12103877E-44
   2.85999998E-02   1.45735040E-43
   2.96999998E-02   8.07147915E-43
   3.07999998E-02   1.98283733E-42
   3.18999998E-02  -3.52286434E-42
   3.29999998E-02  -5.04523499E-41
   3.40999998E-02  -2.02574509E-40
   3.51999998E-02  -3.32257675E-40
   3.62999998E-02   7.29810253E-40
   3.73999998E-02   6.27751444E-39
   3.84999998E-02   1.84221184E-38
   3.95999998E-02   1.86304915E-38
   4.06999998E-02  -7.19588061E-38
   4.17999998E-02  -3.87566017E-37
   4.28999998E-02  -8.52439048E-37
   4.39999998E-02  -4.13977691E-37
   4.50999998E-02   3.71151938E-36
   4.61999997E-02   1.40969352E-35
   4.72999997E-02   2.37893769E-35
   4.83999997E-02   6.22328979E-38
   4.94999997E-02  -1.16128361E-34
   5.05999997E-02  -3.38671540E-34
   5.16999997E-02  -4.46137437E-34
   5.27999997E-02   2.13305641E-34
   5.38999997E-02   2.45634973E-33
   5.49999997E-02   5.83747740E-33
   5.60999997E-02   6.09366978E-33
   5.71999997E-02  -5.94248100E-33
   5.82999997E-02  -3.79441583E-32
   5.93999997E-02  -7.69323848E-32
   6.04999997E-02  -6.49885100E-32
   6.15999997E-02   9.56638991E-32
   6.27000034E-02   4.53454469E-31
   6.37999997E-02   8.15871697E-31
   6.48999959E-02   5.78391087E-31
   6.59999996E-02  -1.09793768E-30
   6.71000034E-02  -4.38452434E-30
   6.81999996E-02  -7.25329818E-30
   6.92999959E-02  -4.56084962E-30
   7.03999996E-02   9.78381139E-30
   7.15000033E-02   3.55279908E-29
   7.25999996E-02   5.57318746E-29
   7.36999959E-02   3.31266089E-29
   7.47999996E-02  -7.11699003E-29
   7.59000033E-02  -2.47684870E-28
   7.69999996E-02  -3.77384793E-28
   7.80999959E-02  -2.23491652E-28
   7.91999996E-02   4.36723874E-28
   8.03000033E-02   1.51174773E-27
   8.13999996E-02   2.27371707E-27
   8.24999958E-02   1.38465456E-27
   8.35999995E-02  -2.30390910E-27
   8.47000033E-02  -8.15092225E-27
   8.57999995E-02  -1.22256477E-26
   8.68999958E-02  -7.78445476E-27
   8.79999995E-02   1.04810386E-26
   8.91000032E-02   3.88970734E-26
   9.01999995E-02   5.86980060E-26
   9.12999958E-02   3.96361806E-26
   9.23999995E-02  -4.03313889E-26
   9.35000032E-02  -1.63755728E-25
   9.45999995E-02  -2.51971763E-25
   9.56999958E-02  -1.84322306E-25
   9.67999995E-02   1.23145871E-25
   9.79000032E-02   6.03865134E-25
   9.89999995E-02   9.71021116E-25
  0.100099996       7.93729952E-25
  0.101199999      -2.34690359E-25
  0.102300003      -1.92849098E-24
  0.103399999      -3.38642959E-24
  0.104499996      -3.20422047E-24
  0.105599999      -2.49327871E-25
  0.106700003       5.23473976E-24
  0.107799999       1.08204974E-23
  0.108899996       1.21840009E-23
  0.109999999       5.02185145E-24
  0.111100003      -1.16441060E-23
  0.112199999      -3.21619979E-23
  0.113299996      -4.34217126E-23
  0.114399999      -2.92061740E-23
  0.115500003       1.92921299E-23
  0.116599999       9.01025882E-23
  0.117699996       1.43245995E-22
  0.118799999       1.21534562E-22
  0.119900003      -1.44727577E-23
  0.120999999      -2.38477246E-22
  0.122099996      -4.30471223E-22
  0.123199999      -4.10300062E-22
  0.124300003      -4.91194403E-23
  0.125400007       5.85444702E-22
  0.126499996       1.15737552E-21
  0.127599999       1.17541194E-21
  0.128700003       3.06288865E-22
  0.129799992      -1.26700099E-21
  0.130899996      -2.72263126E-21
  0.131999999      -2.93268626E-21
  0.133100003      -1.18453061E-21
  0.134200007       2.12988062E-21
  0.135299996       5.40545486E-21
  0.136399999       6.54642288E-21
  0.137500003       4.17645147E-21
  0.138599992      -1.43554782E-21
  0.139699996      -8.33483583E-21
  0.140799999      -1.36205401E-20
  0.141900003      -1.42912931E-20
  0.143000007      -7.80320750E-21
  0.144099995       7.06169905E-21
  0.145199999       2.79947678E-20
  0.146300003       4.61140493E-20
  0.147399992       4.55482028E-20
  0.148499995       1.04834092E-20
  0.149599999      -5.95213190E-20
  0.150700003      -1.34538109E-19
  0.151800007      -1.56143576E-19
  0.152899995      -6.86576129E-20
  0.153999999       1.28637145E-19
  0.155100003       3.43963335E-19
  0.156199992       4.15265321E-19
  0.157299995       2.07881603E-19
  0.158399999      -2.58239713E-19
  0.159500003      -7.49108153E-19
  0.160600007      -9.08929425E-19
  0.161699995      -4.91230823E-19
  0.162799999       4.10583014E-19
  0.163900003       1.32444551E-18
  0.164999992       1.64420386E-18
  0.166099995       1.03580280E-18
  0.167199999      -2.84853448E-19
  0.168300003      -1.64608187E-18
  0.169400007      -2.35282199E-18
  0.170499995      -2.11915442E-18
  0.171599999      -1.12555138E-18
  0.172700003       3.34578531E-19
  0.173799992       2.19322307E-18
  0.174899995       4.40524755E-18
  0.175999999       6.20833667E-18
  0.177100003       5.66549319E-18
  0.178200006       5.67682267E-19
  0.179299995      -9.16951381E-18
  0.180399999      -1.92402260E-17
  0.181500003      -2.14992447E-17
  0.182599992      -8.80129767E-18
  0.183699995       1.78858435E-17
  0.184799999       4.55170227E-17
  0.185900003       5.34860807E-17
  0.187000006       2.67925554E-17
  0.188099995      -2.96004762E-17
  0.189199999      -8.67709816E-17
  0.190300003      -1.05270122E-16
  0.191399992      -6.09206345E-17
  0.192499995       3.37162259E-17
  0.193599999       1.29838914E-16
  0.194700003       1.69065500E-16
  0.195800006       1.20651373E-16
  0.196899995       3.03766198E-18
  0.197999999      -1.27083556E-16
  0.199100003      -2.10372028E-16
  0.200199991      -2.17010913E-16
  0.201299995      -1.50623899E-16
  0.202399999      -2.63182765E-17
  0.203500003       1.46908494E-16
  0.204600006       3.50203125E-16
  0.205699995       5.13345588E-16
  0.206799999       4.99511211E-16
  0.207900003       1.70655010E-16
  0.208999991      -4.73539063E-16
  0.210099995      -1.17975988E-15
  0.211199999      -1.48202433E-15
  0.212300003      -9.55797695E-16
  0.213400006       4.26815191E-16
  0.214499995       2.09345506E-15
  0.215599999       3.04770628E-15
  0.216700003       2.42700181E-15
  0.217799991       1.42722511E-16
  0.218899995      -2.84620900E-15
  0.219999999      -4.91203385E-15
  0.221100003      -4.65831021E-15
  0.222200006      -1.81539616E-15
  0.223299995       2.46175557E-15
  0.224399999       6.13171005E-15
  0.225500003       7.32962851E-15
  0.226599991       5.30253425E-15
  0.227699995       6.92776283E-16
  0.228799999      -4.86128683E-15
  0.229900002      -9.39343784E-15
  0.231000006      -1.11116213E-14
  0.232099995      -8.69136780E-15
  0.233199999      -1.69548891E-15
  0.234300002       8.66095424E-15
  0.235399991       1.88235082E-14
  0.236499995       2.33051984E-14
  0.237599999       1.69715130E-14
  0.238700002      -1.30975731E-15
  0.239800006      -2.57857412E-14
  0.240899995      -4.43918516E-14
  0.241999999      -4.39927500E-14
  0.243100002      -1.84295328E-14
  0.244199991       2.52374144E-14
  0.245299995       6.70924294E-14
  0.246399999       8.29298652E-14
  0.247500002       5.75279096E-14
  0.248600006      -4.62774418E-15
  0.249699995      -7.80754788E-14
  0.250800014      -1.26681069E-13
  0.251899987      -1.21065498E-13
  0.252999991      -5.43849396E-14
  0.254099995       5.17188085E-14
  0.255199999       1.54149249E-13
  0.256300002       2.05240759E-13
  0.257400006       1.72400641E-13
  0.258500010       5.32176638E-14
  0.259599984      -1.18885303E-13
  0.260699987      -2.80717181E-13
  0.261799991      -3.57385047E-13
  0.262899995      -2.90174704E-13
  0.263999999      -6.75035318E-14
  0.265100002       2.53641780E-13
  0.266200006       5.51143820E-13
  0.267300010       6.75667096E-13
  0.268400013       5.16783285E-13
  0.269499987       7.11906933E-14
  0.270599991      -5.24601142E-13
  0.271699995      -1.02655449E-12
  0.272799999      -1.18047933E-12
  0.273900002      -8.46901108E-13
  0.275000006      -9.14083398E-14
  0.276100010       8.14519893E-13
  0.277199984       1.49704175E-12
  0.278299987       1.64787032E-12
  0.279399991       1.17705314E-12
  0.280499995       2.70857013E-13
  0.281599998      -6.82620952E-13
  0.282700002      -1.27290225E-12
  0.283800006      -1.27047808E-12
  0.284900010      -7.56601379E-13
  0.286000013      -1.10557641E-13
  0.287099987       1.55231242E-13
  0.288199991      -3.42900621E-13
  0.289299995      -1.60292222E-12
  0.290399998      -3.10131391E-12
  0.291500002      -3.87057270E-12
  0.292600006      -2.81998513E-12
  0.293700010       7.62667707E-13
  0.294799984       6.69062201E-12
  0.295899987       1.35677667E-11
  0.296999991       1.89035298E-11
  0.298099995       1.97461318E-11
  0.299199998       1.37188386E-11
  0.300300002       1.28714747E-13
  0.301400006      -1.92942641E-11
  0.302500010      -4.03951005E-11
  0.303600013      -5.74363751E-11
  0.304699987      -6.45524814E-11
  0.305799991      -5.73237915E-11
  0.306899995      -3.39406940E-11
  0.307999998       4.36046772E-12
  0.309100002       5.35510629E-11
  0.310200006       1.07405633E-10
  0.311300009       1.58006136E-10
  0.312399983       1.95923042E-10
  0.313499987       2.10235468E-10
  0.314599991       1.88933202E-10
  0.315699995       1.20388421E-10
  0.316799998      -3.63786258E-12
  0.317900002      -1.83565468E-10
  0.319000006      -4.07014922E-10
  0.320100009      -6.44846565E-10
  0.321200013      -8.50134851E-10
  0.322299987      -9.61780211E-10
  0.323399991      -9.13606246E-10
  0.324499995      -6.48407827E-10
  0.325599998      -1.34825193E-10
  0.326700002       6.16404927E-10
  0.327800006       1.54084190E-09
  0.328900009       2.51690691E-09
  0.329999983       3.37265926E-09
  0.331099987       3.90276522E-09
  0.332199991       3.89370891E-09
  0.333299994       3.15411830E-09
  0.334399998       1.54694302E-09
  0.335500002      -9.79098025E-10
  0.336600006      -4.36050929E-09
  0.337700009      -8.39369818E-09
  0.338800013      -1.27148843E-08
  0.339899987      -1.67874763E-08
  0.340999991      -1.98996482E-08
  0.342099994      -2.11741771E-08
  0.343199998      -1.95902849E-08
  0.344300002      -1.40136516E-08
  0.345400006      -3.22662475E-09
  0.346500009       1.40526337E-08
  0.347599983       3.91743349E-08
  0.348699987       7.35955226E-08
  0.349799991       1.18959228E-07
  0.350899994       1.77215213E-07
  0.351999998       2.50777646E-07
  0.353100002       3.42710734E-07
  0.354200006       4.56933321E-07
  0.355300009       5.98435406E-07
  0.356400013       7.73506258E-07
  0.357499987       9.89977934E-07
  0.358599991       1.25749705E-06
  0.359699994       1.58783610E-06
  0.360799998       1.99525675E-06
  0.361900002       2.49693517E-06
  0.363000005       3.11345320E-06
  0.364100009       3.86936108E-06
  0.365199983       4.79381742E-06
  0.366299987       5.92131710E-06
  0.367399991       7.29251724E-06
  0.368499994       8.95518679E-06
  0.369599998       1.09652865E-05
  0.370700002       1.33881922E-05
  0.371800005       1.63000623E-05
  0.372900009       1.97893405E-05
  0.374000013       2.39583933E-05
  0.375099987       2.89252621E-05
  0.376199991       3.48255053E-05
  0.377299994       4.18141572E-05
  0.378399998       5.00677779E-05
  0.379500002       5.97866238E-05
  0.380600005       7.11968678E-05
  0.381700009       8.45529285E-05
  0.382799983       1.00139783E-04
  0.383899987       1.18275319E-04
  0.384999990       1.39312484E-04
  0.386099994       1.63641351E-04
  0.387199998       1.91690793E-04
  0.388300002       2.23929965E-04
  0.389400005       2.60869245E-04
  0.390500009       3.03060748E-04
  0.391600013       3.51098221E-04
  0.392699987       4.05616418E-04
  0.393799990       4.67289559E-04
  0.394899994       5.36829059E-04
  0.395999998       6.14979886E-04
  0.397100002       7.02516059E-04
  0.398200005       8.00234382E-04
  0.399300009       9.08947201E-04
  0.400399983       1.02947361E-03
  0.401499987       1.16262876E-03
  0.402599990       1.30921195E-03
  0.403699994       1.46999245E-03
  0.404799998       1.64569484E-03
  0.405900002       1.83698186E-03
  0.407000005       2.04443629E-03
  0.408100009       2.26854067E-03
  0.409200013       2.50965799E-03
  0.410299987       2.76800897E-03
  0.411399990       3.04364949E-03
  0.412499994       3.33644846E-03
  0.413599998       3.64606478E-03
  0.414700001       3.97192687E-03
  0.415800005       4.31321049E-03
  0.416900009       4.66882205E-03
  0.417999983       5.03737759E-03
  0.419099987       5.41718770E-03
  0.420199990       5.80624864E-03
  0.421299994       6.20223535E-03
  0.422399998       6.60249498E-03
  0.423500001       7.00405193E-03
  0.424600005       7.40361447E-03
  0.425700009       7.79758347E-03
  0.426800013       8.18207487E-03
  0.427899987       8.55294615E-03
  0.428999990       8.90582986E-03
  0.430099994       9.23617184E-03
  0.431199998       9.53926984E-03
  0.432300001       9.81033407E-03
  0.433400005       1.00445366E-02
  0.434500009       1.02370754E-02
  0.435599983       1.03832455E-02
  0.436699986       1.04785049E-02
  0.437799990       1.05185444E-02
  0.438899994       1.04993600E-02
  0.439999998       1.04173338E-02
  0.441100001       1.02693029E-02
  0.442200005       1.00526335E-02
  0.443300009       9.76528041E-03
  0.444400012       9.40584950E-03
  0.445499986       8.97364412E-03
  0.446599990       8.46871920E-03
  0.447699994       7.89191574E-03
  0.448799998       7.24488497E-03
  0.449900001       6.53009769E-03
  0.451000005       5.75084612E-03
  0.452100009       4.91123181E-03
  0.453199983       4.01614420E-03
  0.454299986       3.07122269E-03
  0.455399990       2.08280189E-03
  0.456499994       1.05784903E-03
  0.457599998       3.89128581E-06
  0.458700001      -1.07106729E-03
  0.459800005      -2.15864019E-03
  0.460900009      -3.25016072E-03
  0.462000012      -4.33679251E-03
  0.463099986      -5.40963979E-03
  0.464199990      -6.45986293E-03
  0.465299994      -7.47878756E-03
  0.466399997      -8.45801923E-03
  0.467500001      -9.38955694E-03
  0.468600005      -1.02658942E-02
  0.469700009      -1.10801160E-02
  0.470799983      -1.18259797E-02
  0.471899986      -1.24979923E-02
  0.472999990      -1.30914766E-02
  0.474099994      -1.36026209E-02
  0.475199997      -1.40285231E-02
  0.476300001      -1.43672070E-02
  0.477400005      -1.46176303E-02
  0.478500009      -1.47796813E-02
  0.479600012      -1.48541657E-02
  0.480699986      -1.48427617E-02
  0.481799990      -1.47479866E-02
  0.482899994      -1.45731336E-02
  0.483999997      -1.43222101E-02
  0.485100001      -1.39998654E-02
  0.486200005      -1.36113018E-02
  0.487300009      -1.31621929E-02
  0.488399982      -1.26585951E-02
  0.489499986      -1.21068554E-02
  0.490599990      -1.15135144E-02
  0.491699994      -1.08852247E-02
  0.492799997      -1.02286544E-02
  0.493900001      -9.55040939E-03
  0.495000005      -8.85695405E-03
  0.496100008      -8.15453567E-03
  0.497200012      -7.44912541E-03
  0.498299986      -6.74635591E-03
  0.499399990      -6.05147798E-03
  0.500500023      -5.36932098E-03
  0.501600027      -4.70425934E-03
  0.502699971      -4.06019343E-03
  0.503799975      -3.44053237E-03
  0.504899979      -2.84819119E-03
  0.505999982      -2.28559272E-03
  0.507099986      -1.75467785E-03
  0.508199990      -1.25691947E-03
  0.509299994      -7.93342188E-04
  0.510399997      -3.64547566E-04
  0.511500001       2.92554851E-05
  0.512600005       3.88217304E-04
  0.513700008       7.12812645E-04
  0.514800012       1.00380543E-03
  0.515900016       1.26221357E-03
  0.517000020       1.48927292E-03
  0.518100023       1.68639957E-03
  0.519199967       1.85515312E-03
  0.520299971       1.99720380E-03
  0.521399975       2.11430155E-03
  0.522499979       2.20824848E-03
  0.523599982       2.28087138E-03
  0.524699986       2.33399728E-03
  0.525799990       2.36942898E-03
  0.526899993       2.38892762E-03
  0.527999997       2.39419704E-03
  0.529100001       2.38687475E-03
  0.530200005       2.36851978E-03
  0.531300008       2.34060292E-03
  0.532400012       2.30449787E-03
  0.533500016       2.26147752E-03
  0.534600019       2.21271440E-03
  0.535700023       2.15928210E-03
  0.536800027       2.10215873E-03
  0.537899971       2.04222626E-03
  0.538999975       1.98027049E-03
  0.540099978       1.91698479E-03
  0.541199982       1.85297534E-03
  0.542299986       1.78877020E-03
  0.543399990       1.72482722E-03
  0.544499993       1.66153698E-03
  0.545599997       1.59922603E-03
  0.546700001       1.53816142E-03
  0.547800004       1.47855782E-03
  0.548900008       1.42058625E-03
