   0.00000000       0.00000000
   1.09999999E-03   0.00000000
   2.19999999E-03   0.00000000
   3.29999998E-03   0.00000000
   4.39999998E-03   0.00000000
   5.49999997E-03   0.00000000
   6.59999996E-03   0.00000000
   7.69999996E-03   0.00000000
   8.79999995E-03   0.00000000
   9.89999995E-03   0.00000000
   1.09999999E-02   0.00000000
   1.20999999E-02   0.00000000
   1.31999999E-02   0.00000000
   1.42999999E-02   0.00000000
   1.53999999E-02   0.00000000
   1.64999999E-02   0.00000000
   1.75999999E-02   0.00000000
   1.86999999E-02   0.00000000
   1.97999999E-02   0.00000000
   2.08999999E-02   0.00000000
   2.19999999E-02   0.00000000
   2.30999999E-02   0.00000000
   2.41999999E-02   0.00000000
   2.52999999E-02   0.00000000
   2.63999999E-02   0.00000000
   2.74999999E-02   0.00000000
   2.85999998E-02   0.00000000
   2.96999998E-02   0.00000000
   3.07999998E-02   0.00000000
   3.18999998E-02   0.00000000
   3.29999998E-02   0.00000000
   3.40999998E-02   0.00000000
   3.51999998E-02   0.00000000
   3.62999998E-02   0.00000000
   3.73999998E-02   0.00000000
   3.84999998E-02   0.00000000
   3.95999998E-02   0.00000000
   4.06999998E-02   0.00000000
   4.17999998E-02   0.00000000
   4.28999998E-02   0.00000000
   4.39999998E-02   0.00000000
   4.50999998E-02   0.00000000
   4.61999997E-02   0.00000000
   4.72999997E-02   0.00000000
   4.83999997E-02   0.00000000
   4.94999997E-02   0.00000000
   5.05999997E-02   0.00000000
   5.16999997E-02   0.00000000
   5.27999997E-02   0.00000000
   5.38999997E-02   0.00000000
   5.49999997E-02   0.00000000
   5.60999997E-02   0.00000000
   5.71999997E-02   0.00000000
   5.82999997E-02   0.00000000
   5.93999997E-02   0.00000000
   6.04999997E-02   0.00000000
   6.15999997E-02   0.00000000
   6.27000034E-02   0.00000000
   6.37999997E-02   0.00000000
   6.48999959E-02   0.00000000
   6.59999996E-02   0.00000000
   6.71000034E-02   0.00000000
   6.81999996E-02   0.00000000
   6.92999959E-02   0.00000000
   7.03999996E-02   0.00000000
   7.15000033E-02  -0.00000000
   7.25999996E-02  -0.00000000
   7.36999959E-02  -0.00000000
   7.47999996E-02   0.00000000
   7.59000033E-02   0.00000000
   7.69999996E-02  -2.80259693E-45
   7.80999959E-02   0.00000000
   7.91999996E-02  -1.40129846E-45
   8.03000033E-02  -8.40779079E-45
   8.13999996E-02  -4.20389539E-45
   8.24999958E-02   2.66246708E-44
   8.35999995E-02   8.40779079E-44
   8.47000033E-02   1.07899982E-43
   8.57999995E-02  -5.18480432E-44
   8.68999958E-02  -5.31092118E-43
   8.79999995E-02  -1.17989331E-42
   8.91000032E-02  -1.15046604E-42
   9.01999995E-02   1.15186734E-42
   9.12999958E-02   6.79069236E-42
   9.23999995E-02   1.31567913E-41
   9.35000032E-02   1.05293567E-41
   9.45999995E-02  -1.62326414E-41
   9.56999958E-02  -7.29880318E-41
   9.67999995E-02  -1.27051528E-40
   9.79000032E-02  -8.33968768E-41
   9.89999995E-02   1.83280030E-40
  0.100099996       6.85227943E-40
  0.101199999       1.08678403E-39
  0.102300003       5.79352837E-40
  0.103399999      -1.74079525E-39
  0.104499996      -5.67857145E-39
  0.105599999      -8.30916039E-39
  0.106700003      -3.57945298E-39
  0.107799999       1.42346070E-38
  0.108899996       4.19006626E-38
  0.109999999       5.73592604E-38
  0.111100003       2.03387346E-38
  0.112199999      -1.01438471E-37
  0.113299996      -2.77477095E-37
  0.114399999      -3.61718451E-37
  0.115500003      -1.12991471E-37
  0.116599999       6.35115817E-37
  0.117699996       1.66369848E-36
  0.118799999       2.11202395E-36
  0.119900003       6.57712281E-37
  0.120999999      -3.51844601E-36
  0.122099996      -9.12473113E-36
  0.123199999      -1.15718946E-35
  0.124300003      -4.08183884E-36
  0.125400007       1.73830216E-35
  0.126499996       4.63010666E-35
  0.127599999       6.00887400E-35
  0.128700003       2.56267067E-35
  0.129799992      -7.73719508E-35
  0.130899996      -2.19702328E-34
  0.131999999      -2.96646905E-34
  0.133100003      -1.52348063E-34
  0.134200007       3.14230326E-34
  0.135299996       9.81927349E-34
  0.136399999       1.38642294E-33
  0.137500003       8.24399351E-34
  0.138599992      -1.17938965E-33
  0.139699996      -4.13749730E-33
  0.140799999      -6.07850259E-33
  0.141900003      -4.00732232E-33
  0.143000007       4.11039885E-33
  0.144099995       1.63322245E-32
  0.145199999       2.47507859E-32
  0.146300003       1.75584355E-32
  0.147399992      -1.30545377E-32
  0.148499995      -5.96340098E-32
  0.149599999      -9.29003295E-32
  0.150700003      -7.03938738E-32
  0.151800007       3.50894850E-32
  0.152899995       1.97933665E-31
  0.153999999       3.20647423E-31
  0.155100003       2.64659567E-31
  0.156199992      -6.01797742E-32
  0.157299995      -5.84094632E-31
  0.158399999      -1.02302277E-30
  0.159500003      -9.61636852E-31
  0.160600007      -9.13874918E-32
  0.161699995       1.48546290E-30
  0.162799999       3.06569190E-30
  0.163900003       3.45965855E-30
  0.164999992       1.50753314E-30
  0.166099995      -3.08207622E-30
  0.167199999      -8.87426389E-30
  0.168300003      -1.23763538E-29
  0.169400007      -8.94600779E-30
  0.170499995       4.53258472E-30
  0.171599999       2.56250275E-29
  0.172700003       4.32034084E-29
  0.173799992       3.91400604E-29
  0.174899995      -1.73353406E-30
  0.175999999      -7.48942757E-29
  0.177100003      -1.42709218E-28
  0.178200006      -1.40825165E-28
  0.179299995      -1.57612509E-29
  0.180399999       2.16688713E-28
  0.181500003       4.32389424E-28
  0.182599992       4.32041024E-28
  0.183699995       6.83482685E-29
  0.184799999      -5.87133803E-28
  0.185900003      -1.16718278E-27
  0.187000006      -1.14975668E-27
  0.188099995      -2.16689122E-28
  0.189199999       1.37219369E-27
  0.190300003       2.71295871E-27
  0.191399992       2.69949935E-27
  0.192499995       8.03784455E-28
  0.193599999      -2.34376507E-27
  0.194700003      -5.11405120E-27
  0.195800006      -5.80580480E-27
  0.196899995      -3.67192719E-27
  0.197999999       8.12039280E-28
  0.199100003       6.57458403E-27
  0.200199991       1.24833795E-26
  0.201299995       1.65901023E-26
  0.202399999       1.45069533E-26
  0.203500003      -1.94264702E-28
  0.204600006      -3.03525450E-26
  0.205699995      -6.55557525E-26
  0.206799999      -7.71430900E-26
  0.207900003      -2.99761844E-26
  0.208999991       8.57574018E-26
  0.210099995       2.20369329E-25
  0.211199999       2.63992524E-25
  0.212300003       1.07628657E-25
  0.213400006      -2.50328097E-25
  0.214499995      -6.27574201E-25
  0.215599999      -7.07616909E-25
  0.216700003      -2.47363287E-25
  0.217799991       6.62096381E-25
  0.218899995       1.49771623E-24
  0.219999999       1.54637258E-24
  0.221100003       4.30522762E-25
  0.222200006      -1.43196911E-24
  0.223299995      -2.87814205E-24
  0.224399999      -2.71376868E-24
  0.225500003      -6.82484491E-25
  0.226599991       2.10800673E-24
  0.227699995       3.85530879E-24
  0.228799999       3.48768186E-24
  0.229900002       1.63012801E-24
  0.231000006      -2.32510034E-26
  0.232099995      -6.99769814E-25
  0.233199999      -1.96244494E-24
  0.234300002      -6.35388529E-24
  0.235399991      -1.33449185E-23
  0.236499995      -1.62040786E-23
  0.237599999      -4.78470171E-24
  0.238700002       2.45057810E-23
  0.239800006       5.80118528E-23
  0.240899995       6.53014640E-23
  0.241999999       1.83775876E-23
  0.243100002      -7.80631003E-23
  0.244199991      -1.69408460E-22
  0.245299995      -1.72080048E-22
  0.246399999      -3.40036852E-23
  0.247500002       2.01796337E-22
  0.248600006       3.88230334E-22
  0.249699995       3.53736337E-22
  0.250800014       3.75337368E-23
  0.251899987      -4.17198241E-22
  0.252999991      -7.10385982E-22
  0.254099995      -5.80369689E-22
  0.255199999      -2.49311853E-23
  0.256300002       6.37072102E-22
  0.257400006       9.60141515E-22
  0.258500010       7.12519465E-22
  0.259599984       8.68257925E-23
  0.260699987      -4.43885291E-22
  0.261799991      -5.60423044E-22
  0.262899995      -4.41558240E-22
  0.263999999      -6.10853899E-22
  0.265100002      -1.28061988E-21
  0.266200006      -1.76145789E-21
  0.267300010      -7.07373921E-22
  0.268400013       2.59271322E-21
  0.269499987       6.74293240E-21
  0.270599991       8.14846897E-21
  0.271699995       3.25836177E-21
  0.272799999      -7.81478561E-21
  0.273900002      -1.91588391E-20
  0.275000006      -2.12631139E-20
  0.276100010      -7.63608632E-21
  0.277199984       1.81634128E-20
  0.278299987       4.11706919E-20
  0.279399991       4.27849995E-20
  0.280499995       1.43836740E-20
  0.281599998      -3.26918419E-20
  0.282700002      -7.01729948E-20
  0.283800006      -7.00539455E-20
  0.284900010      -2.54804554E-20
  0.286000013       4.07186022E-20
  0.287099987       8.90079556E-20
  0.288199991       9.03890176E-20
  0.289299995       4.72417647E-20
  0.290399998      -1.04688940E-20
  0.291500002      -5.21856455E-20
  0.292600006      -7.32436121E-20
  0.293700010      -9.33086679E-20
  0.294799984      -1.22702589E-19
  0.295899987      -1.27537667E-19
  0.296999991      -3.84936414E-20
  0.298099995       1.81563508E-19
  0.299199998       4.55403201E-19
  0.300300002       5.79026584E-19
  0.301400006       3.34816397E-19
  0.302500010      -3.12017077E-19
  0.303600013      -1.07724290E-18
  0.304699987      -1.43498848E-18
  0.305799991      -9.35518008E-19
  0.306899995       4.08563581E-19
  0.307999998       1.96018934E-18
  0.309100002       2.72443929E-18
  0.310200006       1.96389097E-18
  0.311300009      -2.15128791E-19
  0.312399983      -2.75127241E-18
  0.313499987      -4.16693929E-18
  0.314599991      -3.47156619E-18
  0.315699995      -8.30768405E-19
  0.316799998       2.48651216E-18
  0.317900002       4.86691648E-18
  0.319000006       5.27198021E-18
  0.320100009       3.65727651E-18
  0.321200013       6.68223175E-19
  0.322299987      -2.96186535E-18
  0.323399991      -6.61727946E-18
  0.324499995      -9.35618780E-18
  0.325599998      -9.40708256E-18
  0.326700002      -4.63073657E-18
  0.327800006       5.63888072E-18
  0.328900009       1.84011141E-17
  0.329999983       2.65844665E-17
  0.331099987       2.20762925E-17
  0.332199991       1.48238459E-18
  0.333299994      -2.88844952E-17
  0.334399998      -5.32074565E-17
  0.335500002      -5.35354667E-17
  0.336600006      -2.13848820E-17
  0.337700009       3.35230759E-17
  0.338800013       8.44035840E-17
  0.339899987       1.00121319E-16
  0.340999991       6.34557313E-17
  0.342099994      -1.59711321E-17
  0.343199998      -1.03044410E-16
  0.344300002      -1.53479789E-16
  0.345400006      -1.36480698E-16
  0.346500009      -5.10731188E-17
  0.347599983       7.24101203E-17
  0.348699987       1.85061135E-16
  0.349799991       2.38309385E-16
  0.350899994       2.00375808E-16
  0.351999998       6.68446771E-17
  0.353100002      -1.33245244E-16
  0.354200006      -3.35601389E-16
  0.355300009      -4.49253305E-16
  0.356400013      -3.84733853E-16
  0.357499987      -1.02578747E-16
  0.358599991       3.36749277E-16
  0.359699994       7.57651225E-16
  0.360799998       9.21210587E-16
  0.361900002       6.42960582E-16
  0.363000005      -7.37701905E-17
  0.364100009      -9.71885180E-16
  0.365199983      -1.60946075E-15
  0.366299987      -1.56302079E-15
  0.367399991      -6.76763867E-16
  0.368499994       7.82482155E-16
  0.369599998       2.17778989E-15
  0.370700002       2.77217261E-15
  0.371800005       2.10055955E-15
  0.372900009       2.55121453E-16
  0.374000013      -2.07652012E-15
  0.375099987      -3.86252784E-15
  0.376199991      -4.16685238E-15
  0.377299994      -2.58672385E-15
  0.378399998       5.00684087E-16
  0.379500002       3.98947182E-15
  0.380600005       6.39237004E-15
  0.381700009       6.39006060E-15
  0.382799983       3.42383507E-15
  0.383899987      -1.87221005E-15
  0.384999990      -7.62059618E-15
  0.386099994      -1.11970395E-14
  0.387199998      -1.02602456E-14
  0.388300002      -4.01028765E-15
  0.389400005       5.90509782E-15
  0.390500009       1.54733827E-14
  0.391600013       1.97070059E-14
  0.392699987       1.50054512E-14
  0.393799990       1.46657360E-15
  0.394899994      -1.61685376E-14
  0.395999998      -2.98401576E-14
  0.397100002      -3.16076206E-14
  0.398200005      -1.78196555E-14
  0.399300009       8.06383074E-15
  0.400399983       3.57534775E-14
  0.401499987       5.19351340E-14
  0.402599990       4.62646143E-14
  0.403699994       1.69327087E-14
  0.404799998      -2.69414414E-14
  0.405900002      -6.76503666E-14
  0.407000005      -8.55433142E-14
  0.408100009      -6.76052774E-14
  0.409200013      -1.45124815E-14
  0.410299987       5.70822415E-14
  0.411399990       1.18795734E-13
  0.412499994       1.40701564E-13
  0.413599998       1.04320280E-13
  0.414700001       1.33937305E-14
  0.415800005      -1.02872538E-13
  0.416900009      -1.97456133E-13
  0.417999983      -2.23273101E-13
  0.419099987      -1.55175745E-13
  0.420199990      -6.58637573E-15
  0.421299994       1.68774703E-13
  0.422399998       2.94532275E-13
  0.423500001       3.04305057E-13
  0.424600005       1.76195999E-13
  0.425700009      -4.79935136E-14
  0.426800013      -2.71756277E-13
  0.427899987      -3.82163864E-13
  0.428999990      -3.03794587E-13
  0.430099994      -4.42139408E-14
  0.431199998       2.93154471E-13
  0.432300001       5.41042363E-13
  0.433400005       5.37878065E-13
  0.434500009       2.08578218E-13
  0.435599983      -3.78993332E-13
  0.436699986      -1.01194584E-12
  0.437799990      -1.39525403E-12
  0.438899994      -1.26373597E-12
  0.439999998      -5.03966172E-13
  0.441100001       7.63274968E-13
  0.442200005       2.18091625E-12
  0.443300009       3.24829096E-12
  0.444400012       3.48640691E-12
  0.445499986       2.62016147E-12
  0.446599990       7.06406342E-13
  0.447699994      -1.85044167E-12
  0.448799998      -4.41269157E-12
  0.449900001      -6.31558174E-12
  0.451000005      -7.08131600E-12
  0.452100009      -6.54489744E-12
  0.453199983      -4.83075255E-12
  0.454299986      -2.19207139E-12
  0.455399990       1.19567290E-12
  0.456499994       5.35116352E-12
  0.457599998       1.04005398E-11
  0.458700001       1.62673295E-11
  0.459800005       2.22487428E-11
  0.460900009       2.66960412E-11
  0.462000012       2.70431438E-11
  0.463099986       2.03413085E-11
  0.464199990       4.27434130E-12
  0.465299994      -2.15897925E-11
  0.466399997      -5.47228825E-11
  0.467500001      -8.91889687E-11
  0.468600005      -1.16158035E-10
  0.469700009      -1.25455410E-10
  0.470799983      -1.07902992E-10
  0.471899986      -5.79361212E-11
  0.472999990       2.41507266E-11
  0.474099994       1.30914113E-10
  0.475199997       2.47776993E-10
  0.476300001       3.54377083E-10
  0.477400005       4.26990471E-10
  0.478500009       4.41632259E-10
  0.479600012       3.77479464E-10
  0.480699986       2.20431590E-10
  0.481799990      -3.32176751E-11
  0.482899994      -3.73039377E-10
  0.483999997      -7.70982111E-10
  0.485100001      -1.17896237E-09
  0.486200005      -1.52887203E-09
  0.487300009      -1.73656911E-09
  0.488399982      -1.71109871E-09
  0.489499986      -1.36940048E-09
  0.490599990      -6.55270338E-10
  0.491699994       4.40259301E-10
  0.492799997       1.86115667E-09
  0.493900001       3.47561602E-09
  0.495000005       5.07591613E-09
  0.496100008       6.39087583E-09
  0.497200012       7.11069736E-09
  0.498299986       6.92190882E-09
  0.499399990       5.54865398E-09
  0.500500023       2.79603896E-09
  0.501600027      -1.40845835E-09
  0.502699971      -6.97867897E-09
  0.503799975      -1.36408431E-08
  0.504899979      -2.09136299E-08
  0.505999982      -2.80986345E-08
  0.507099986      -3.42822766E-08
  0.508199990      -3.83495262E-08
  0.509299994      -3.90080821E-08
  0.510399997      -3.48188820E-08
  0.511500001      -2.42253186E-08
  0.512600005      -5.57012081E-09
  0.513700008       2.29127295E-08
  0.514800012       6.31433679E-08
  0.515900016       1.17287719E-07
  0.517000020       1.87899118E-07
  0.518100023       2.78107706E-07
  0.519199967       3.91850904E-07
  0.520299971       5.34136689E-07
  0.521399975       7.11333143E-07
  0.522499979       9.31483385E-07
  0.523599982       1.20465086E-06
  0.524699986       1.54330735E-06
  0.525799990       1.96277756E-06
  0.526899993       2.48175525E-06
  0.527999997       3.12290081E-06
  0.529100001       3.91353296E-06
  0.530200005       4.88641899E-06
  0.531300008       6.08067285E-06
  0.532400012       7.54278608E-06
  0.533500016       9.32778767E-06
  0.534600019       1.15005778E-05
  0.535700023       1.41374503E-05
  0.536800027       1.73278186E-05
  0.537899971       2.11761762E-05
  0.538999975       2.58042764E-05
  0.540099978       3.13535274E-05
  0.541199982       3.79875855E-05
  0.542299986       4.58951727E-05
  0.543399990       5.52929996E-05
  0.544499993       6.64289328E-05
  0.545599997       7.95852975E-05
  0.546700001       9.50823232E-05
  0.547800004       1.13281705E-04
  0.548900008       1.34590315E-04
