         180
         401           2         452         453
         402           2         453         454
         403           2         454         455
         404           2         455         456
         405           2         456         457
         406           2         457         458
         407           2         458         459
         408           2         459         460
         409           2         460         461
         410           2         461         462
         411           2         462         463
         412           2         463         464
         413           2         464         465
         414           2         465         466
         415           2         466         467
         416           2         467         468
         417           2         468         469
         418           2         469         470
         419           2         470         471
         420           2         471         472
         420           2         472         493
         440           2         493         514
         460           2         514         535
         480           2         535         556
         500           2         556         577
         520           2         577         598
         540           2         598         619
         560           2         619         640
         580           2         640         661
         600           2         661         682
         620           2         682         703
         640           2         703         724
         660           2         724         745
         680           2         745         766
         700           2         766         787
         720           2         787         808
         740           2         808         829
         760           2         829         850
         780           2         850         871
         800           2         871         891
         820           2         891         911
         840           2         911         931
         860           2         931         951
         880           2         951         971
         900           2         971         991
         920           2         991        1011
         940           2        1011        1031
         960           2        1031        1051
         980           2        1051        1071
        1000           2        1071        1091
        1020           2        1091        1111
        1040           2        1111        1131
        1060           2        1131        1151
        1080           2        1151        1171
        1100           2        1171        1191
        1120           2        1191        1211
        1140           2        1211        1231
        1160           2        1231        1251
        1180           2        1251        1271
        1200           2        1271        1291
        1201           2        1292        1293
        1202           2        1293        1294
        1203           2        1294        1295
        1204           2        1295        1296
        1205           2        1296        1297
        1206           2        1297        1298
        1207           2        1298        1299
        1208           2        1299        1300
        1209           2        1300        1301
        1210           2        1301        1302
        1211           2        1302        1303
        1212           2        1303        1304
        1213           2        1304        1305
        1214           2        1305        1306
        1215           2        1306        1307
        1216           2        1307        1308
        1217           2        1308        1309
        1218           2        1309        1310
        1219           2        1310        1311
        1220           2        1311         452
        2001           2        2132        2133
        2001           2        2173        2132
        2002           2        2133        2134
        2003           2        2134        2135
        2004           2        2135        2136
        2005           2        2136        2137
        2006           2        2137        2138
        2007           2        2138        2139
        2008           2        2139        2140
        2009           2        2140        2141
        2010           2        2141        2142
        2011           2        2142        2143
        2012           2        2143        2144
        2013           2        2144        2145
        2014           2        2145        2146
        2015           2        2146        2147
        2016           2        2147        2148
        2017           2        2148        2149
        2018           2        2149        2150
        2019           2        2150        2151
        2020           2        2151        2152
        2021           2        2152        2153
        2022           2        2153        2154
        2023           2        2154        2155
        2024           2        2155        2156
        2025           2        2156        2157
        2026           2        2157        2158
        2027           2        2158        2159
        2028           2        2159        2160
        2029           2        2160        2161
        2030           2        2161        2162
        2031           2        2162        2163
        2032           2        2163        2164
        2033           2        2164        2165
        2034           2        2165        2166
        2035           2        2166        2167
        2036           2        2167        2168
        2037           2        2168        2169
        2038           2        2169        2170
        2039           2        2170        2171
        2040           2        2171        2172
        2041           2        2214        2173
        2081           2        2255        2214
        2121           2        2296        2255
        2161           2        2337        2296
        2201           2        2378        2337
        2241           2        2419        2378
        2281           2        2460        2419
        2321           2        2501        2460
        2361           2        2542        2501
        2401           2        2583        2542
        2441           2        2624        2583
        2481           2        2665        2624
        2521           2        2706        2665
        2561           2        2747        2706
        2601           2        2788        2747
        2641           2        2829        2788
        2681           2        2870        2829
        2721           2        2911        2870
        2761           2        2952        2911
        2801           2        2992        2952
        2841           2        3032        2992
        2881           2        3072        3032
        2921           2        3112        3072
        2961           2        3152        3112
        3001           2        3192        3152
        3041           2        3232        3192
        3081           2        3272        3232
        3121           2        3312        3272
        3161           2        3352        3312
        3201           2        3392        3352
        3241           2        3432        3392
        3281           2        3472        3432
        3321           2        3512        3472
        3361           2        3552        3512
        3401           2        3592        3552
        3441           2        3632        3592
        3481           2        3672        3632
        3521           2        3712        3672
        3561           2        3752        3712
        3601           2        2172        3792
        3602           2        3792        3793
        3603           2        3793        3794
        3604           2        3794        3795
        3605           2        3795        3796
        3606           2        3796        3797
        3607           2        3797        3798
        3608           2        3798        3799
        3609           2        3799        3800
        3610           2        3800        3801
        3611           2        3801        3802
        3612           2        3802        3803
        3613           2        3803        3804
        3614           2        3804        3805
        3615           2        3805        3806
        3616           2        3806        3807
        3617           2        3807        3808
        3618           2        3808        3809
        3619           2        3809        3810
        3620           2        3810        1292
