       985
        13          2        292        344          4
       937          2       1269        292          4
      2019          2       2121       1921          4
      2020          2       2121       1269          4
      2080          2       2461       1921          4
      2471          2       2853       2461          4
      3193          2       3580       3251          4
      3194          2       2853       3580          4
      3550          2       3941       3251          4
      3968          2       4439       3941          4
      4360          2       4766       5098          4
      4837          2       5535       5869          4
      4838          2       5869       4766          4
      5378          2       5535       6079          4
      5965          2       6079       7005          4
      6669          2       7005       6669          4
      7029          2       7769       7750          4
      7030          2       7769       6669          4
      7234          2       7947       7750          4
      7797          2       8792       7947          4
      8176          2       8792       9175          4
      8829          2       9828      10173          4
      8830          2      10173       9175          4
      9670          2      10673      11020          4
      9671          2      11020       9828          4
     10410          2      11418      11766          4
     10411          2      11766      10673          4
     11131          2      11418      12049          4
     11390          2      12619      12748          4
     11391          2      12748      12049          4
     12017          2      12619      13381          4
     12713          2      13384      13028          4
     12714          2      13384      13383          4
     12715          2      13383      13382          4
     12716          2      13382      13381          4
     13522          2      14651      15005          4
     13523          2      15005      13028          4
     14163          2      15294      14651          4
     14616          2      15751      15294          4
     15030          2      15751      16148          4
     15789          2      16871      16864          4
     17384          2      19313      19579          4
     17385          2      19579      16864          4
     18623          2      20472      19313          4
     19163          2      21129      20472          4
     20325          2      22184      22559          4
     20326          2      22559      21129          4
     21051          2      22909      22184          4
     21494          2      23390      22909          4
     22017          2      23899      23390          4
     22568          2      23899      24437          4
     23189          2      25061      24437          4
     23643          2      25530      25061          4
     24426          2      26671      26665          4
     26651          2      26665      28924          4
     27282          2      29796      30070          4
     27283          2      30070      28924          4
     35329          2      37883      38146          2
     36020          2      38557      37883          2
     36022          2      38295      38557          2
     36026          2      38721      38295          2
     36405          2      39101      38721          2
     36721          2      39410      39101          2
     36978          2      39670      39410          2
     37240          2      39932      39670          2
     37877          2      40310      40567          2
     37878          2      39932      40568          2
     38135          2      40567      40568          2
     38523          2      41210      41465          2
     38524          2      41465      41466          2
     38525          2      41466      41467          2
     38526          2      41467      40310          2
     39421          2      42105      42356          2
     39422          2      42356      42357          2
     39423          2      42357      42358          2
     39424          2      42358      42359          2
     39425          2      42359      42360          2
     39426          2      42360      41210          2
     40665          2      42105      43600          2
     40734          2      43350      43600          2
     41403          2      43857      44084          2
     41404          2      43350      44087          2
     41653          2      44084      44085          2
     41654          2      44085      44086          2
     41655          2      44086      44087          2
     42592          2      45292      45534          2
     42835          2      45744      45292          2
     43078          2      45986      46227          2
     43079          2      46227      45744          2
     43381          2      45986      46287          2
     43947          2      46615      46851          2
     43948          2      46287      46851          2
     44422          2      47089      47324          2
     44423          2      46615      47324          2
     44885          2      47562      47793          2
     44886          2      47089      47793          2
     45591          2      48030      47562          2
     46049          2      48491      48719          2
     46050          2      48719      48030          2
     46216          2      48491      49175          2
     46505          2      48953      49175          2
     46533          2      49628      49403          2
     47087          2      49864      49403          2
     47298          2      49864      50246          2
     47553          2      50878      50882          2
     47554          2      50882      50246          2
     49177          2      52430      52432          4
     49857          2      53149      52450          2
     49858          2      53131      53132          2
     50538          2      52449      52431          4
     50539          2      53149      53148          2
     50540          2      53148      53147          2
     50541          2      53147      53146          2
     50542          2      53146      53145          2
     50543          2      53145      53144          2
     50544          2      53144      53143          2
     50545          2      53143      53142          2
     50546          2      53142      53141          2
     50547          2      53141      53140          2
     50548          2      53140      53139          2
     50549          2      53139      53138          2
     50550          2      53138      53137          2
     50551          2      53137      53136          2
     50552          2      53136      53135          2
     50553          2      53135      53134          2
     50554          2      53134      53133          2
     50555          2      53133      53132          2
     50556          2      52449      52448          4
     50557          2      52448      52447          4
     50558          2      52447      52446          4
     50559          2      52446      52445          4
     50560          2      52445      52444          4
     50561          2      52444      52443          4
     50562          2      52443      52442          4
     50563          2      52442      52441          4
     50564          2      52441      52440          4
     50565          2      52440      52439          4
     50566          2      52439      52438          4
     50567          2      52438      52437          4
     50568          2      52437      52436          4
     50569          2      52436      52435          4
     50570          2      52435      52434          4
     50571          2      52434      52433          4
     50572          2      52433      52432          4
     62116          2      66071      53131          2
     62403          2      52431      66070          4
     63179          2      66706      66707          4
     63180          2      66707      66070          4
     63382          2      66706      67319          4
     63840          2      67320      67082          4
     63841          2      67320      67319          4
     64100          2      67992      68042          4
     64101          2      68042      68041          4
     64102          2      68041      67082          4
     64668          2      67992      68628          4
     64849          2      68360      68630          4
     64850          2      68630      68629          4
     64851          2      68629      68628          4
     65324          2      68360      69400          4
     65866          2      69122      69401          4
     65867          2      69400      69401          4
     65880          2      69681      69971          4
     65881          2      69971      69970          4
     65882          2      69970      69122          4
     66457          2      69681      70557          4
     67036          2      70559      70260          4
     67037          2      70559      70558          4
     67038          2      70558      70557          4
     67561          2      71374      71361          4
     67562          2      71374      71373          4
     67563          2      71373      71372          4
     67564          2      71372      71371          4
     67565          2      71371      70260          4
     68086          2      71361      72191          4
     68541          2      72193      71882          4
     68542          2      72193      72192          4
     68543          2      72192      72191          4
     68726          2      72741      73062          4
     68727          2      73062      71882          4
     70015          2      72741      73400          4
     70663          2        344      73400          4
     71049          2      74451      38146          2
     71255          2      74451      74662          2
     71451          2      74662      74863          2
     71638          2      75141      75055          2
     71639          2      75141      74863          2
     71811          2      75235      75055          2
     71965          2      75400      75235          2
     72112          2      75400      75551          2
     72251          2      75695      75551          2
     72388          2      75833      75695          2
     72514          2      76021      75964          2
     72515          2      76021      75833          2
     72587          2      75964      76085          2
     72715          2      76217      76184          2
     72716          2      76217      76085          2
     72780          2      76279      76264          2
     72781          2      76279      76184          2
     72809          2      76264      66071          2
     74061          2      76689       5098          4
     74062          2      76689       4439          4
     75611          2      16871      16148          4
     76306          2      43857      78052          2
     76307          2      78052      78051          2
     76308          2      78051      78050          2
     77124          2      78669      78050          2
     77125          2      78669      45534          2
     77227          2      49628      78682          2
     77568          2      78682      48953          2
     77578          2      25530      78904          4
     77872          2      78904      26671          4
     81743          2      82171      82150          4
     81745          2      82171      82170          4
     81746          2      82170      82169          4
     81747          2      82169      82168          4
     81748          2      82168      82167          4
     81749          2      82167      82166          4
     81750          2      82166      82165          4
     81751          2      82165      82164          4
     81752          2      82164      82163          4
     81753          2      82163      82162          4
     81754          2      82162      82161          4
     81755          2      82161      82160          4
     81756          2      82160      82159          4
     81757          2      82159      82158          4
     81758          2      82158      82157          4
     81759          2      82157      82156          4
     81760          2      82156      82155          4
     81761          2      82155      82154          4
     81762          2      82154      82153          4
     81763          2      82153      82152          4
     81764          2      82152      82151          4
     81765          2      82151      29796          4
     85153          2      85949      85950          2
     85628          2      85960      50878          2
     85629          2      85960      85959          2
     85630          2      85959      85958          2
     85631          2      85958      85957          2
     85632          2      85957      85956          2
     85633          2      85956      85955          2
     85634          2      85955      85954          2
     85635          2      85954      85953          2
     85636          2      85953      85952          2
     85637          2      85952      85951          2
     85638          2      85951      85950          2
     87175          2      88171      88073          1
     87177          2      88170      88171          1
     87179          2      88169      88170          1
     87181          2      88168      88169          1
     87184          2      88168      87971          1
     87377          2      88355      88266          1
     87379          2      88354      88355          1
     87381          2      88353      88354          1
     87383          2      88073      88353          1
     87559          2      88533      88446          1
     87561          2      88532      88533          1
     87563          2      88531      88532          1
     87566          2      88531      88530          1
     87567          2      88530      88529          1
     87568          2      88529      88528          1
     87569          2      88528      88266          1
     87881          2      88792      88705          1
     87883          2      88791      88792          1
     87885          2      88790      88791          1
     87887          2      88789      88790          1
     87890          2      88789      88788          1
     87891          2      88788      88446          1
     88083          2      88974      88880          1
     88085          2      88973      88974          1
     88087          2      88972      88973          1
     88089          2      88971      88972          1
     88090          2      88971      88970          1
     88091          2      88970      88969          1
     88092          2      88969      88968          1
     88093          2      88968      88705          1
     88239          2      89182      89079          1
     88241          2      89181      89182          1
     88243          2      89180      89181          1
     88245          2      89179      89180          1
     88249          2      89178      89179          1
     88312          2      89178      89177          1
     88313          2      89177      89176          1
     88314          2      89176      89175          1
     88315          2      89175      89174          1
     88316          2      89174      88880          1
     88445          2      89461      89342          1
     88447          2      89460      89461          1
     88449          2      89459      89460          1
     88451          2      89458      89459          1
     88455          2      89457      89458          1
     88456          2      89457      89456          1
     88457          2      89456      89455          1
     88458          2      89455      89454          1
     88459          2      89454      89453          1
     88460          2      89453      89452          1
     88461          2      89452      89451          1
     88462          2      89451      89450          1
     88463          2      89450      89449          1
     88464          2      89449      89448          1
     88465          2      89448      89447          1
     88466          2      89447      89446          1
     88467          2      89446      89079          1
     88824          2      89848      89730          1
     88826          2      89847      89848          1
     88828          2      89846      89847          1
     88830          2      89845      89846          1
     88834          2      89844      89845          1
     88940          2      89844      89843          1
     88941          2      89843      89842          1
     88942          2      89842      89841          1
     88943          2      89841      89840          1
     88944          2      89840      89839          1
     88945          2      89839      89838          1
     88946          2      89838      89342          1
     89120          2      90136      90024          1
     89122          2      90135      90136          1
     89124          2      90134      90135          1
     89126          2      90133      90134          1
     89127          2      90133      90132          1
     89128          2      90132      89730          1
     89590          2      90024      90401          1
     89592          2      90294      90401          1
     89602          2      90632      90511          1
     89604          2      90631      90632          1
     89606          2      90630      90631          1
     89608          2      90629      90630          1
     89611          2      90629      90628          1
     89612          2      90628      90627          1
     89613          2      90627      90626          1
     89614          2      90626      90625          1
     89615          2      90625      90624          1
     89616          2      90624      90623          1
     89617          2      90623      90622          1
     89618          2      90622      90621          1
     89619          2      90621      90620          1
     89620          2      90620      90294          1
     90167          2      91193      91078          1
     90169          2      91192      91193          1
     90171          2      91191      91192          1
     90173          2      91190      91191          1
     90176          2      91190      91189          1
     90177          2      91189      91188          1
     90178          2      91188      91187          1
     90179          2      91187      90511          1
     90705          2      91078      91517          1
     90707          2      91517      91518          1
     90709          2      91408      91518          1
     90723          2      91758      91630          1
     90725          2      91757      91758          1
     90727          2      91756      91757          1
     90729          2      91755      91756          1
     90732          2      91755      91754          1
     90733          2      91754      91753          1
     90734          2      91753      91752          1
     90735          2      91752      91751          1
     90736          2      91751      91750          1
     90737          2      91750      91749          1
     90738          2      91749      91748          1
     90739          2      91748      91747          1
     90740          2      91747      91746          1
     90741          2      91746      91745          1
     90742          2      91745      91408          1
     91165          2      92074      92185          2
     91166          2      92185      92184          2
     91167          2      92184      92183          2
     91168          2      92183      92182          2
     91169          2      92182      92181          2
     91170          2      92190      92180          1
     91170          2      92181      92180          2
     91171          2      92190      92189          1
     91172          2      92189      92188          1
     91173          2      92188      92187          1
     91174          2      92187      92186          1
     91175          2      92186      91630          1
     91764          2      92518      92620          2
     91765          2      92620      92619          2
     91766          2      92619      92074          2
     91827          2      92726      92819          2
     91828          2      92819      92818          2
     91829          2      92818      92817          2
     91830          2      92817      92816          2
     91831          2      92816      92815          2
     91832          2      92815      92814          2
     91833          2      92814      92518          2
     92115          2      93005      93076          2
     92116          2      93076      93075          2
     92117          2      93075      93074          2
     92118          2      93074      93073          2
     92119          2      93073      93072          2
     92120          2      93072      93071          2
     92121          2      93071      93070          2
     92122          2      93070      93069          2
     92123          2      93069      92726          2
     92626          2      93389      93005          2
     92646          2      93389      93563          2
     92745          2      93563      93513          2
     92759          2      93623      93662          2
     92760          2      93662      93661          2
     92761          2      93661      93513          2
     92862          2      93714      93738          2
     92863          2      93738      93737          2
     92864          2      93737      93736          2
     92865          2      93736      93623          2
     93012          2      93842      93824          2
     93013          2      93842      93714          2
     93027          2      93864      93873          2
     93028          2      93873      93872          2
     93029          2      93872      93824          2
     93063          2      93892      85949          2
     93064          2      93892      93864          2
     93065          2      93900      82150          4
     93082          2      93913      93900          4
     93083          2      93913      93905          4
     93097          2      93905      93934          4
     93106          2      93935      93934          4
     93107          2      93933      93921          1
     93107          2      93935      93933          4
     93115          2      93921      93960          1
     93139          2      93947      93964          1
     93140          2      93964      93963          1
     93141          2      93963      93962          1
     93142          2      93960      93961          1
     93143          2      93962      93961          1
     93159          2      93947      94013          1
     93160          2      94013      93998          1
     93191          2      93998      94042          1
     93192          2      94042      94043          1
     93199          2      94043      94044          1
     93223          2      94030      94047          1
     93224          2      94047      94046          1
     93225          2      94046      94045          1
     93226          2      94045      94044          1
     93230          2      94030      94081          1
     93231          2      94081      94082          1
     93238          2      94082      94083          1
     93250          2      94069      94083          1
     93260          2      94069      94113          1
     93261          2      94113      94114          1
     93270          2      94114      94099          1
     93289          2      94099      94142          1
     93290          2      94142      94143          1
     93299          2      94143      94144          1
     93323          2      94128      94145          1
     93324          2      94145      94144          1
     93329          2      94128      94168          1
     93359          2      94168      94215          1
     93360          2      94215      94216          1
     93373          2      94216      94217          1
     93386          2      94198      94218          1
     93387          2      94218      94217          1
     93401          2      94198      94257          1
     93402          2      94257      94258          1
     93404          2      94258      94259          1
     93427          2      94240      94269          1
     93428          2      94269      94268          1
     93429          2      94268      94267          1
     93430          2      94267      94266          1
     93431          2      94266      94265          1
     93432          2      94265      94264          1
     93433          2      94264      94263          1
     93434          2      94263      94262          1
     93435          2      94262      94261          1
     93436          2      94261      94260          1
     93437          2      94260      94259          1
     93527          2      94240      94383          1
     93528          2      94383      94384          1
     93537          2      94384      94385          1
     93566          2      94367      94387          1
     93567          2      94387      94386          1
     93568          2      94386      94385          1
     93577          2      94367      94434          1
     93578          2      94434      94417          1
     93613          2      94417      94471          1
     93614          2      94471      94472          1
     93616          2      94472      94473          1
     93627          2      94473      94453          1
     93655          2      94453      94513          1
     93656          2      94513      94514          1
     93658          2      94514      94515          1
     93667          2      94515      94516          1
     93683          2      94495      94520          1
     93684          2      94520      94519          1
     93685          2      94519      94518          1
     93686          2      94518      94517          1
     93687          2      94517      94516          1
     93735          2      94495      94594          1
     93736          2      94594      94575          1
     93775          2      94575      94636          1
     93776          2      94636      94637          1
     93778          2      94637      94638          1
     93787          2      94638      94639          1
     93806          2      94615      94643          1
     93807          2      94643      94642          1
     93808          2      94642      94641          1
     93809          2      94641      94640          1
     93810          2      94640      94639          1
     93875          2      94615      94737          1
     93876          2      94737      94738          1
     93878          2      94738      94739          1
     93887          2      94739      94716          1
     93923          2      94716      94783          1
     93924          2      94783      94784          1
     93926          2      94784      94785          1
     93933          2      94785      94786          1
     93951          2      94764      94788          1
     93952          2      94788      94787          1
     93953          2      94787      94786          1
     93989          2      94764      94849          1
     93990          2      94849      94830          1
     94029          2      94830      94888          1
     94030          2      94888      94889          1
     94032          2      94889      94890          1
     94039          2      94890      94891          1
     94077          2      94870      94896          1
     94078          2      94896      94895          1
     94079          2      94895      94894          1
     94080          2      94894      94893          1
     94081          2      94893      94892          1
     94082          2      94892      94891          1
     94128          2      94870      94986          1
     94129          2      94986      94987          1
     94131          2      94987      94988          1
     94138          2      94988      94969          1
     94168          2      94969      95027          1
     94169          2      95027      95028          1
     94174          2      95028      95029          1
     94209          2      95009      95030          1
     94210          2      95030      95029          1
     94230          2      95009      95090          1
     94231          2      95090      95091          1
     94236          2      95091      95071          1
     94272          2      95071      95132          1
     94273          2      95132      95133          1
     94275          2      95133      95134          1
     94282          2      95134      95135          1
     94322          2      95113      95140          1
     94323          2      95140      95139          1
     94324          2      95139      95138          1
     94325          2      95138      95137          1
     94326          2      95137      95136          1
     94327          2      95136      95135          1
     94398          2      95113      95258          1
     94399          2      95258      95259          1
     94401          2      95259      95260          1
     94422          2      95260      95261          1
     94437          2      95239      95261          1
     94456          2      95239      95316          1
     94457          2      95316      95317          1
     94462          2      95317      95318          1
     94482          2      95297      95318          1
     94500          2      95297      95362          1
     94501          2      95362      95363          1
     94503          2      95363      95364          1
     94510          2      95364      95365          1
     94549          2      95341      95365          1
     94574          2      95341      95437          1
     94575          2      95437      95438          1
     94577          2      95438      95439          1
     94584          2      95439      95440          1
     94624          2      95415      95440          1
     94639          2      95415      95503          1
     94640          2      95503      95480          1
     94687          2      95480      95552          1
     94688          2      95552      95553          1
     94690          2      95553      95528          1
     94739          2      95528      95605          1
     94740          2      95605      95606          1
     94742          2      95606      95580          1
     94793          2      95580      95659          1
     94794          2      95659      95660          1
     94796          2      95660      95634          1
     94847          2      95634      95712          1
     94848          2      95712      95713          1
     94850          2      95713      95714          1
     94857          2      95714      95715          1
     94877          2      95688      95715          1
     94902          2      95688      95770          1
     94903          2      95770      95771          1
     94905          2      95771      95772          1
     94907          2      95772      95773          1
     94918          2      95773      95743          1
     94979          2      95743      95847          1
     94980          2      95847      95848          1
     94982          2      95848      95820          1
     95037          2      95820      95907          1
     95038          2      95907      95908          1
     95040          2      95908      95909          1
     95049          2      95909      95878          1
     95101          2      95878      95973          1
     95102          2      95973      95974          1
     95104          2      95974      95975          1
     95115          2      95975      95942          1
     95169          2      95942      96010          1
     95233          2      96010      96107          1
     95234          2      96107      96108          1
     95236          2      96108      96109          1
     95247          2      96109      96074          1
     95305          2      96074      96178          1
     95306          2      96178      96179          1
     95308          2      96179      96180          1
     95315          2      96180      96181          1
     95347          2      96146      96181          1
     95377          2      96146      96251          1
     95378          2      96251      96252          1
     95380          2      96252      96253          1
     95389          2      96253      96254          1
     95421          2      96218      96257          1
     95422          2      96257      96256          1
     95423          2      96256      96255          1
     95424          2      96255      96254          1
     95490          2      96218      96363          1
     95491          2      96363      96364          1
     95493          2      96364      96365          1
     95500          2      96365      96366          1
     95528          2      96331      96366          1
     95549          2      96331      96390          1
     95615          2      96390      96489          1
     95616          2      96489      96490          1
     95618          2      96490      96456          1
     95685          2      96456      96559          1
     95686          2      96559      96560          1
     95688          2      96560      96561          1
     95697          2      96561      96562          1
     95725          2      96526      96562          1
     95758          2      96526      96632          1
     95759          2      96632      96633          1
     95761          2      96633      96634          1
     95825          2      96599      96634          1
     95827          2      96599      96704          1
     95828          2      96704      96705          1
     95830          2      96705      96706          1
     95832          2      96706      96707          1
     95845          2      96707      96668          1
     95924          2      96668      96803          1
     95925          2      96803      96804          1
     95927          2      96804      96765          1
     96001          2      96765      96883          1
     96002          2      96883      96884          1
     96004          2      96884      96885          1
     96015          2      96885      96886          1
     96054          2      96842      96886          1
     96091          2      96842      96973          1
     96092          2      96973      96974          1
     96094          2      96974      96975          1
     96096          2      96975      96932          1
     96179          2      96932      97061          1
     96180          2      97061      97020          1
     96263          2      97020      97145          1
     96264          2      97145      97146          1
     96266          2      97146      97147          1
     96268          2      97147      97148          1
     96348          2      97104      97148          1
     96350          2      97104      97232          1
     96351          2      97232      97233          1
     96353          2      97233      97234          1
     96355          2      97234      97191          1
     96438          2      97191      97321          1
     96439          2      97321      97322          1
     96441          2      97322      97323          1
     96443          2      97323      97324          1
     96454          2      97324      97279          1
     96527          2      97279      97409          1
     96528          2      97409      97410          1
     96530          2      97410      97411          1
     96532          2      97411      97368          1
     96615          2      97368      97498          1
     96616          2      97498      97499          1
     96618          2      97499      97456          1
     96700          2      97456      97582          1
     96701          2      97582      97541          1
     96784          2      97541      97666          1
     96785          2      97666      97667          1
     96787          2      97667      97668          1
     96844          2      97625      97668          1
     96846          2      97625      97731          1
     96847          2      97731      97732          1
     96849          2      97732      97687          1
     96935          2      97687      97821          1
     96936          2      97821      97822          1
     96938          2      97822      97823          1
     96940          2      97823      97824          1
     96949          2      97824      97776          1
     97033          2      97776      97922          1
     97034          2      97922      97923          1
     97036          2      97923      97924          1
     97045          2      97924      97925          1
     97141          2      97874      97928          1
     97142          2      97928      97927          1
     97143          2      97927      97926          1
     97144          2      97926      97925          1
     97192          2      97874      98081          1
     97193          2      98081      98032          1
     97292          2      98032      98182          1
     97293          2      98182      98183          1
     97295          2      98183      98184          1
     97297          2      98184      98185          1
     97308          2      98185      98186          1
     97401          2      98132      98186          1
     97402          2      98132      98293          1
     97403          2      98293      98294          1
     97405          2      98294      98242          1
     97508          2      98242      98398          1
     97509          2      98398      98399          1
     97511          2      98399      98348          1
     97612          2      98348      98502          1
     97613          2      98502      98503          1
     97615          2      98503      98504          1
     97686          2      98504      98505          1
     97702          2      98452      98505          1
     97717          2      98452      98610          1
     97718          2      98610      98611          1
     97720          2      98611      98612          1
     97722          2      98612      98557          1
     97829          2      98557      98721          1
     97830          2      98721      98722          1
     97832          2      98722      98723          1
     97834          2      98723      98724          1
     97845          2      98724      98725          1
     97895          2      98669      98725          1
     97943          2      98669      98835          1
     97944          2      98835      98836          1
     97946          2      98836      98783          1
     98051          2      98783      98944          1
     98052          2      98944      98891          1
     98162          2      98891      99056          1
     98163          2      99056      99057          1
     98165          2      99057      99058          1
     98167          2      99058      99001          1
     98278          2      99001      99176          1
     98279          2      99176      99177          1
     98281          2      99177      99117          1
     98400          2      99117      99302          1
     98401          2      99302      99303          1
     98403          2      99303      99239          1
     98530          2      99239      99433          1
     98531          2      99433      99434          1
     98533          2      99434      99435          1
     98535          2      99435      99436          1
     98537          2      99436      99437          1
     98552          2      99437      99438          1
     98670          2      99369      99439          1
     98671          2      99439      99438          1
     98690          2      99369      99594          1
     98691          2      99594      99595          1
     98693          2      99595      99596          1
     98695          2      99596      99597          1
     98746          2      99597      99598          1
     98786          2      99529      99599          1
     98787          2      99599      99598          1
     98831          2      99529      99737          1
     98832          2      99737      99738          1
     98834          2      99738      99671          1
     98967          2      99671      99876          1
     98968          2      99876      99877          1
     98970          2      99877      99878          1
     98972          2      99878      99807          1
     99111          2      99807     100285          1
     99112          2     100285     100286          1
     99114          2     100286     100287          1
     99116          2     100287     100288          1
     99118          2     100072      99951          1
     99120          2     100071     100072          1
     99122          2     100070     100071          1
     99347          2     100288     100289          1
     99348          2     100069     100070          1
     99349          2     100069     100068          1
     99350          2     100068     100067          1
     99351          2     100067     100066          1
     99352          2     100066     100065          1
     99353          2     100065     100064          1
     99354          2     100064     100063          1
     99691          2     100073     100290          1
     99692          2     100289     100290          1
     99783          2     100715      87971          1
     99785          2     100714     100715          1
     99787          2     100713     100714          1
     99789          2     100712     100713          1
     99894          2     100712     100711          1
     99895          2     100711     100710          1
     99896          2     100710     100709          1
     99897          2     100709      99951          1
    100016          2     100073     100855          1
    100017          2     100855     100856          1
    100019          2     100856     100857          1
    100021          2     100857     100858          1
    100023          2     100867     100063          1
    100025          2     100866     100867          1
    100027          2     100865     100866          1
    100029          2     100864     100865          1
    100030          2     100858     100854          1
    100033          2     100863     100864          1
    100034          2     100863     100862          1
    100035          2     100862     100861          1
    100036          2     100861     100860          1
    100037          2     100860     100859          1
    100516          2     100854     101355          1
    100517          2     101355     101356          1
    100519          2     101356     101357          1
    100521          2     101357     101358          1
    100523          2     101358     101359          1
    100562          2     101359     101360          1
    100598          2     101354     101360          1
    100786          2     101686     100859          1
    100788          2     101685     101686          1
    100790          2     101684     101685          1
    100792          2     101683     101684          1
    100869          2     101682     101683          1
    101046          2     101354     101937          1
    101047          2     101937     101938          1
    101049          2     101938     101939          1
    101051          2     101939     101884          1
    101158          2     101884     102050          1
    101159          2     102050     102051          1
    101161          2     102051     102052          1
    101163          2     102052     102053          1
    101165          2     102053     102054          1
    101206          2     102054     101996          1
    101276          2     101996     102169          1
    101277          2     102169     102170          1
    101279          2     102170     102114          1
    101391          2     102114     102477          1
    101392          2     102477     102478          1
    101394          2     102478     102479          1
    101396          2     102479     102328          1
    101534          2     102327     102229          1
    101536          2     102326     102327          1
    101538          2     102325     102326          1
    101540          2     102324     102325          1
    101542          2     102323     102324          1
    101544          2     102322     102323          1
    101630          2     102322     102321          1
    101891          2     102229     102725          1
    101893          2     102637     102725          1
    101991          2     102904     102819          1
    101993          2     102903     102904          1
    101995          2     102902     102903          1
    101997          2     102901     102902          1
    101999          2     102637     102901          1
    102105          2     102999     101682          1
    102107          2     102998     102999          1
    102109          2     102997     102998          1
    102111          2     102819     102997          1
    102248          2     102328     103086          1
    102249          2     103086     103087          1
    102251          2     103087     103088          1
    102253          2     103088     103085          1
    102281          2     103095     102321          1
    102283          2     103094     103095          1
    102285          2     103093     103094          1
    102287          2     103092     103093          1
    102289          2     103091     103092          1
    102291          2     103090     103091          1
    102293          2     103089     103090          1
    102544          2     103085     103382          1
    102545          2     103382     103383          1
    102547          2     103383     103384          1
    102549          2     103384     103385          1
    102551          2     103385     103386          1
    102553          2     103394     103089          1
    102555          2     103393     103394          1
    102557          2     103392     103393          1
    102559          2     103391     103392          1
    102561          2     103390     103391          1
    102563          2     103389     103390          1
    102564          2     103386     103381          1
    102567          2     103388     103389          1
    102568          2     103388     103387          1
    102829          2     103381     103666          1
    102830          2     103666     103667          1
    102832          2     103667     103665          1
    102896          2     103675     103387          1
    102898          2     103674     103675          1
    102900          2     103673     103674          1
    102902          2     103672     103673          1
    102904          2     103671     103672          1
    102906          2     103670     103671          1
    102908          2     103669     103670          1
    102910          2     103668     103669          1
    103068          2     103665     103904          1
    103069          2     103904     103905          1
    103071          2     103905     103903          1
    103125          2     103912     103668          1
    103127          2     103911     103912          1
    103129          2     103910     103911          1
    103131          2     103909     103910          1
    103133          2     103908     103909          1
    103135          2     103907     103908          1
    103137          2     103906     103907          1
    103284          2     103903     104120          1
    103285          2     104120     104121          1
    103287          2     104121     104122          1
    103289          2     104122     104123          1
    103291          2     104123     104124          1
    103293          2     104124     104119          1
    103299          2     104130     103906          1
    103301          2     104129     104130          1
    103303          2     104128     104129          1
    103305          2     104127     104128          1
    103307          2     104126     104127          1
    103309          2     104125     104126          1
    103480          2     104119     104316          1
    103481          2     104316     104317          1
    103483          2     104317     104318          1
    103485          2     104318     104319          1
    103487          2     104319     104320          1
    103489          2     104320     104321          1
    103491          2     104332     104125          1
    103493          2     104331     104332          1
    103495          2     104330     104331          1
    103497          2     104329     104330          1
    103499          2     104328     104329          1
    103501          2     104327     104328          1
    103503          2     104326     104327          1
    103505          2     104325     104326          1
    103507          2     104324     104325          1
    103508          2     104321     104322          1
    103511          2     104323     104324          1
    103581          2     104315     104322          1
    103652          2     104315     104488          1
    103653          2     104488     104489          1
    103655          2     104489     104490          1
    103657          2     104490     104491          1
    103659          2     104491     104492          1
    103661          2     104492     104487          1
    103719          2     104504     104323          1
    103721          2     104503     104504          1
    103723          2     104502     104503          1
    103725          2     104501     104502          1
    103727          2     104500     104501          1
    103729          2     104499     104500          1
    103731          2     104498     104499          1
    103733          2     104497     104498          1
    103735          2     104496     104497          1
    103737          2     104495     104496          1
    103739          2     104494     104495          1
    103741          2     104493     104494          1
    103787          2     104487     104622          1
    103788          2     104622     104623          1
    103790          2     104623     104621          1
    103856          2     104624     104625          1
    103858          2     104625     104626          1
    103860          2     104626     104627          1
    103862          2     104627     104628          1
    103864          2     104628     104629          1
    103866          2     104629     104630          1
    103868          2     104630     104631          1
    103870          2     104631     104632          1
    103872          2     104632     104633          1
    103874          2     104633     104634          1
    103876          2     104634     104635          1
    103878          2     104635     104636          1
    103880          2     104493     104637          1
    103881          2     104637     104636          1
    103884          2     104621     104718          1
    103886          2     104718     104719          1
    103888          2     104719     104720          1
    103890          2     104720     104721          1
    103892          2     104721     104722          1
    103894          2     104722     104723          1
    103896          2     104723     104724          1
    103898          2     104724     104725          1
    103900          2     104725     104726          1
    103902          2     104726     104727          1
    103904          2     104727     104728          1
    103906          2     104728     104729          1
    103908          2     104729     104730          1
    103910          2     104730     104731          1
    103912          2     104731     104732          1
    103914          2     104732     104733          1
    103916          2     104733     104734          1
    103918          2     104734     104735          1
    103920          2     104735     104736          1
    103922          2     104736     104737          1
    103924          2     104737     104738          1
    103926          2     104738     104739          1
    103928          2     104739     104740          1
    103930          2     104740     104741          1
    103932          2     104741     104742          1
    103934          2     104742     104743          1
    103936          2     104743     104744          1
    103938          2     104744     104745          1
    103940          2     104745     104746          1
    103942          2     104746     104747          1
    103943          2     104747     104748          1
    103944          2     104624     104748          1
