       681
     49177          2      52430      52451
     49178          2      52451      52452
     49179          2      52452      52453
     49180          2      52453      52454
     49181          2      52454      52455
     49182          2      52455      52456
     49183          2      52456      52457
     49184          2      52457      52458
     49185          2      52458      52459
     49186          2      52459      52460
     49187          2      52460      52461
     49188          2      52461      52462
     49189          2      52462      52463
     49190          2      52463      52464
     49191          2      52464      52465
     49192          2      52465      52466
     49193          2      52466      52467
     49194          2      52467      52468
     49195          2      52468      52469
     49196          2      52469      52470
     49197          2      52470      52471
     49198          2      52471      52472
     49199          2      52472      52473
     49200          2      52473      52474
     49201          2      52474      52475
     49202          2      52475      52476
     49203          2      52476      52477
     49204          2      52477      52478
     49205          2      52478      52479
     49206          2      52479      52480
     49207          2      52480      52481
     49208          2      52481      52482
     49209          2      52482      52483
     49210          2      52483      52484
     49211          2      52484      52485
     49212          2      52485      52486
     49213          2      52486      52487
     49214          2      52487      52488
     49215          2      52488      52489
     49216          2      52489      52490
     49217          2      52490      52491
     49218          2      52491      52492
     49219          2      52492      52493
     49220          2      52493      52494
     49221          2      52494      52495
     49222          2      52495      52496
     49223          2      52496      52497
     49224          2      52497      52498
     49225          2      52498      52499
     49226          2      52499      52500
     49227          2      52500      52501
     49228          2      52501      52502
     49229          2      52502      52503
     49230          2      52503      52504
     49231          2      52504      52505
     49232          2      52505      52506
     49233          2      52506      52507
     49234          2      52507      52508
     49235          2      52508      52509
     49236          2      52509      52510
     49237          2      52510      52511
     49238          2      52511      52512
     49239          2      52512      52513
     49240          2      52513      52514
     49241          2      52514      52515
     49242          2      52515      52516
     49243          2      52516      52517
     49244          2      52517      52518
     49245          2      52518      52519
     49246          2      52519      52520
     49247          2      52520      52521
     49248          2      52521      52522
     49249          2      52522      52523
     49250          2      52523      52524
     49251          2      52524      52525
     49252          2      52525      52526
     49253          2      52526      52527
     49254          2      52527      52528
     49255          2      52528      52529
     49256          2      52529      52530
     49257          2      52530      52531
     49258          2      52531      52532
     49259          2      52532      52533
     49260          2      52533      52534
     49261          2      52534      52535
     49262          2      52535      52536
     49263          2      52536      52537
     49264          2      52537      52538
     49265          2      52538      52539
     49266          2      52539      52540
     49267          2      52540      52541
     49268          2      52541      52542
     49269          2      52542      52543
     49270          2      52543      52544
     49271          2      52544      52545
     49272          2      52545      52546
     49273          2      52546      52547
     49274          2      52547      52548
     49275          2      52548      52549
     49276          2      52549      52550
     49277          2      52550      52551
     49278          2      52551      52552
     49279          2      52552      52553
     49280          2      52553      52554
     49281          2      52554      52555
     49282          2      52555      52556
     49283          2      52556      52557
     49284          2      52557      52558
     49285          2      52558      52559
     49286          2      52559      52560
     49287          2      52560      52561
     49288          2      52561      52562
     49289          2      52562      52563
     49290          2      52563      52564
     49291          2      52564      52565
     49292          2      52565      52566
     49293          2      52566      52567
     49294          2      52567      52568
     49295          2      52568      52569
     49296          2      52569      52570
     49297          2      52570      52571
     49298          2      52571      52572
     49299          2      52572      52573
     49300          2      52573      52574
     49301          2      52574      52575
     49302          2      52575      52576
     49303          2      52576      52577
     49304          2      52577      52578
     49305          2      52578      52579
     49306          2      52579      52580
     49307          2      52580      52581
     49308          2      52581      52582
     49309          2      52582      52583
     49310          2      52583      52584
     49311          2      52584      52585
     49312          2      52585      52586
     49313          2      52586      52587
     49314          2      52587      52588
     49315          2      52588      52589
     49316          2      52589      52590
     49317          2      52590      52591
     49318          2      52591      52592
     49319          2      52592      52593
     49320          2      52593      52594
     49321          2      52594      52595
     49322          2      52595      52596
     49323          2      52596      52597
     49324          2      52597      52598
     49325          2      52598      52599
     49326          2      52599      52600
     49327          2      52600      52601
     49328          2      52601      52602
     49329          2      52602      52603
     49330          2      52603      52604
     49331          2      52604      52605
     49332          2      52605      52606
     49333          2      52606      52607
     49334          2      52607      52608
     49335          2      52608      52609
     49336          2      52609      52610
     49337          2      52610      52611
     49338          2      52611      52612
     49339          2      52612      52613
     49340          2      52613      52614
     49341          2      52614      52615
     49342          2      52615      52616
     49343          2      52616      52617
     49344          2      52617      52618
     49345          2      52618      52619
     49346          2      52619      52620
     49347          2      52620      52621
     49348          2      52621      52622
     49349          2      52622      52623
     49350          2      52623      52624
     49351          2      52624      52625
     49352          2      52625      52626
     49353          2      52626      52627
     49354          2      52627      52628
     49355          2      52628      52629
     49356          2      52629      52630
     49357          2      52630      52631
     49358          2      52631      52632
     49359          2      52632      52633
     49360          2      52633      52634
     49361          2      52634      52635
     49362          2      52635      52636
     49363          2      52636      52637
     49364          2      52637      52638
     49365          2      52638      52639
     49366          2      52639      52640
     49367          2      52640      52641
     49368          2      52641      52642
     49369          2      52642      52643
     49370          2      52643      52644
     49371          2      52644      52645
     49372          2      52645      52646
     49373          2      52646      52647
     49374          2      52647      52648
     49375          2      52648      52649
     49376          2      52649      52650
     49377          2      52650      52651
     49378          2      52651      52652
     49379          2      52652      52653
     49380          2      52653      52654
     49381          2      52654      52655
     49382          2      52655      52656
     49383          2      52656      52657
     49384          2      52657      52658
     49385          2      52658      52659
     49386          2      52659      52660
     49387          2      52660      52661
     49388          2      52661      52662
     49389          2      52662      52663
     49390          2      52663      52664
     49391          2      52664      52665
     49392          2      52665      52666
     49393          2      52666      52667
     49394          2      52667      52668
     49395          2      52668      52669
     49396          2      52669      52670
     49397          2      52670      52671
     49398          2      52671      52672
     49399          2      52672      52673
     49400          2      52673      52674
     49401          2      52674      52675
     49402          2      52675      52676
     49403          2      52676      52677
     49404          2      52677      52678
     49405          2      52678      52679
     49406          2      52679      52680
     49407          2      52680      52681
     49408          2      52681      52682
     49409          2      52682      52683
     49410          2      52683      52684
     49411          2      52684      52685
     49412          2      52685      52686
     49413          2      52686      52687
     49414          2      52687      52688
     49415          2      52688      52689
     49416          2      52689      52690
     49417          2      52690      52691
     49418          2      52691      52692
     49419          2      52692      52693
     49420          2      52693      52694
     49421          2      52694      52695
     49422          2      52695      52696
     49423          2      52696      52697
     49424          2      52697      52698
     49425          2      52698      52699
     49426          2      52699      52700
     49427          2      52700      52701
     49428          2      52701      52702
     49429          2      52702      52703
     49430          2      52703      52704
     49431          2      52704      52705
     49432          2      52705      52706
     49433          2      52706      52707
     49434          2      52707      52708
     49435          2      52708      52709
     49436          2      52709      52710
     49437          2      52710      52711
     49438          2      52711      52712
     49439          2      52712      52713
     49440          2      52713      52714
     49441          2      52714      52715
     49442          2      52715      52716
     49443          2      52716      52717
     49444          2      52717      52718
     49445          2      52718      52719
     49446          2      52719      52720
     49447          2      52720      52721
     49448          2      52721      52722
     49449          2      52722      52723
     49450          2      52723      52724
     49451          2      52724      52725
     49452          2      52725      52726
     49453          2      52726      52727
     49454          2      52727      52728
     49455          2      52728      52729
     49456          2      52729      52730
     49457          2      52730      52731
     49458          2      52731      52732
     49459          2      52732      52733
     49460          2      52733      52734
     49461          2      52734      52735
     49462          2      52735      52736
     49463          2      52736      52737
     49464          2      52737      52738
     49465          2      52738      52739
     49466          2      52739      52740
     49467          2      52740      52741
     49468          2      52741      52742
     49469          2      52742      52743
     49470          2      52743      52744
     49471          2      52744      52745
     49472          2      52745      52746
     49473          2      52746      52747
     49474          2      52747      52748
     49475          2      52748      52749
     49476          2      52749      52750
     49477          2      52750      52751
     49478          2      52751      52752
     49479          2      52752      52753
     49480          2      52753      52754
     49481          2      52754      52755
     49482          2      52755      52756
     49483          2      52756      52757
     49484          2      52757      52758
     49485          2      52758      52759
     49486          2      52759      52760
     49487          2      52760      52761
     49488          2      52761      52762
     49489          2      52762      52763
     49490          2      52763      52764
     49491          2      52764      52765
     49492          2      52765      52766
     49493          2      52766      52767
     49494          2      52767      52768
     49495          2      52768      52769
     49496          2      52769      52770
     49497          2      52770      52771
     49498          2      52771      52772
     49499          2      52772      52773
     49500          2      52773      52774
     49501          2      52774      52775
     49502          2      52775      52776
     49503          2      52776      52777
     49504          2      52777      52778
     49505          2      52778      52779
     49506          2      52779      52780
     49507          2      52780      52781
     49508          2      52781      52782
     49509          2      52782      52783
     49510          2      52783      52784
     49511          2      52784      52785
     49512          2      52785      52786
     49513          2      52786      52787
     49514          2      52787      52788
     49515          2      52788      52789
     49516          2      52789      52790
     49517          2      52790      52791
     49518          2      52791      52792
     49519          2      52792      52793
     49520          2      52793      52794
     49521          2      52794      52795
     49522          2      52795      52796
     49523          2      52796      52797
     49524          2      52797      52798
     49525          2      52798      52799
     49526          2      52799      52800
     49527          2      52800      52801
     49528          2      52801      52802
     49529          2      52802      52803
     49530          2      52803      52804
     49531          2      52804      52805
     49532          2      52805      52806
     49533          2      52806      52807
     49534          2      52807      52808
     49535          2      52808      52809
     49536          2      52809      52810
     49537          2      52810      52811
     49538          2      52811      52812
     49539          2      52812      52813
     49540          2      52813      52814
     49541          2      52814      52815
     49542          2      52815      52816
     49543          2      52816      52817
     49544          2      52817      52818
     49545          2      52818      52819
     49546          2      52819      52820
     49547          2      52820      52821
     49548          2      52821      52822
     49549          2      52822      52823
     49550          2      52823      52824
     49551          2      52824      52825
     49552          2      52825      52826
     49553          2      52826      52827
     49554          2      52827      52828
     49555          2      52828      52829
     49556          2      52829      52830
     49557          2      52830      52831
     49558          2      52831      52832
     49559          2      52832      52833
     49560          2      52833      52834
     49561          2      52834      52835
     49562          2      52835      52836
     49563          2      52836      52837
     49564          2      52837      52838
     49565          2      52838      52839
     49566          2      52839      52840
     49567          2      52840      52841
     49568          2      52841      52842
     49569          2      52842      52843
     49570          2      52843      52844
     49571          2      52844      52845
     49572          2      52845      52846
     49573          2      52846      52847
     49574          2      52847      52848
     49575          2      52848      52849
     49576          2      52849      52850
     49577          2      52850      52851
     49578          2      52851      52852
     49579          2      52852      52853
     49580          2      52853      52854
     49581          2      52854      52855
     49582          2      52855      52856
     49583          2      52856      52857
     49584          2      52857      52858
     49585          2      52858      52859
     49586          2      52859      52860
     49587          2      52860      52861
     49588          2      52861      52862
     49589          2      52862      52863
     49590          2      52863      52864
     49591          2      52864      52865
     49592          2      52865      52866
     49593          2      52866      52867
     49594          2      52867      52868
     49595          2      52868      52869
     49596          2      52869      52870
     49597          2      52870      52871
     49598          2      52871      52872
     49599          2      52872      52873
     49600          2      52873      52874
     49601          2      52874      52875
     49602          2      52875      52876
     49603          2      52876      52877
     49604          2      52877      52878
     49605          2      52878      52879
     49606          2      52879      52880
     49607          2      52880      52881
     49608          2      52881      52882
     49609          2      52882      52883
     49610          2      52883      52884
     49611          2      52884      52885
     49612          2      52885      52886
     49613          2      52886      52887
     49614          2      52887      52888
     49615          2      52888      52889
     49616          2      52889      52890
     49617          2      52890      52891
     49618          2      52891      52892
     49619          2      52892      52893
     49620          2      52893      52894
     49621          2      52894      52895
     49622          2      52895      52896
     49623          2      52896      52897
     49624          2      52897      52898
     49625          2      52898      52899
     49626          2      52899      52900
     49627          2      52900      52901
     49628          2      52901      52902
     49629          2      52902      52903
     49630          2      52903      52904
     49631          2      52904      52905
     49632          2      52905      52906
     49633          2      52906      52907
     49634          2      52907      52908
     49635          2      52908      52909
     49636          2      52909      52910
     49637          2      52910      52911
     49638          2      52911      52912
     49639          2      52912      52913
     49640          2      52913      52914
     49641          2      52914      52915
     49642          2      52915      52916
     49643          2      52916      52917
     49644          2      52917      52918
     49645          2      52918      52919
     49646          2      52919      52920
     49647          2      52920      52921
     49648          2      52921      52922
     49649          2      52922      52923
     49650          2      52923      52924
     49651          2      52924      52925
     49652          2      52925      52926
     49653          2      52926      52927
     49654          2      52927      52928
     49655          2      52928      52929
     49656          2      52929      52930
     49657          2      52930      52931
     49658          2      52931      52932
     49659          2      52932      52933
     49660          2      52933      52934
     49661          2      52934      52935
     49662          2      52935      52936
     49663          2      52936      52937
     49664          2      52937      52938
     49665          2      52938      52939
     49666          2      52939      52940
     49667          2      52940      52941
     49668          2      52941      52942
     49669          2      52942      52943
     49670          2      52943      52944
     49671          2      52944      52945
     49672          2      52945      52946
     49673          2      52946      52947
     49674          2      52947      52948
     49675          2      52948      52949
     49676          2      52949      52950
     49677          2      52950      52951
     49678          2      52951      52952
     49679          2      52952      52953
     49680          2      52953      52954
     49681          2      52954      52955
     49682          2      52955      52956
     49683          2      52956      52957
     49684          2      52957      52958
     49685          2      52958      52959
     49686          2      52959      52960
     49687          2      52960      52961
     49688          2      52961      52962
     49689          2      52962      52963
     49690          2      52963      52964
     49691          2      52964      52965
     49692          2      52965      52966
     49693          2      52966      52967
     49694          2      52967      52968
     49695          2      52968      52969
     49696          2      52969      52970
     49697          2      52970      52971
     49698          2      52971      52972
     49699          2      52972      52973
     49700          2      52973      52974
     49701          2      52974      52975
     49702          2      52975      52976
     49703          2      52976      52977
     49704          2      52977      52978
     49705          2      52978      52979
     49706          2      52979      52980
     49707          2      52980      52981
     49708          2      52981      52982
     49709          2      52982      52983
     49710          2      52983      52984
     49711          2      52984      52985
     49712          2      52985      52986
     49713          2      52986      52987
     49714          2      52987      52988
     49715          2      52988      52989
     49716          2      52989      52990
     49717          2      52990      52991
     49718          2      52991      52992
     49719          2      52992      52993
     49720          2      52993      52994
     49721          2      52994      52995
     49722          2      52995      52996
     49723          2      52996      52997
     49724          2      52997      52998
     49725          2      52998      52999
     49726          2      52999      53000
     49727          2      53000      53001
     49728          2      53001      53002
     49729          2      53002      53003
     49730          2      53003      53004
     49731          2      53004      53005
     49732          2      53005      53006
     49733          2      53006      53007
     49734          2      53007      53008
     49735          2      53008      53009
     49736          2      53009      53010
     49737          2      53010      53011
     49738          2      53011      53012
     49739          2      53012      53013
     49740          2      53013      53014
     49741          2      53014      53015
     49742          2      53015      53016
     49743          2      53016      53017
     49744          2      53017      53018
     49745          2      53018      53019
     49746          2      53019      53020
     49747          2      53020      53021
     49748          2      53021      53022
     49749          2      53022      53023
     49750          2      53023      53024
     49751          2      53024      53025
     49752          2      53025      53026
     49753          2      53026      53027
     49754          2      53027      53028
     49755          2      53028      53029
     49756          2      53029      53030
     49757          2      53030      53031
     49758          2      53031      53032
     49759          2      53032      53033
     49760          2      53033      53034
     49761          2      53034      53035
     49762          2      53035      53036
     49763          2      53036      53037
     49764          2      53037      53038
     49765          2      53038      53039
     49766          2      53039      53040
     49767          2      53040      53041
     49768          2      53041      53042
     49769          2      53042      53043
     49770          2      53043      53044
     49771          2      53044      53045
     49772          2      53045      53046
     49773          2      53046      53047
     49774          2      53047      53048
     49775          2      53048      53049
     49776          2      53049      53050
     49777          2      53050      53051
     49778          2      53051      53052
     49779          2      53052      53053
     49780          2      53053      53054
     49781          2      53054      53055
     49782          2      53055      53056
     49783          2      53056      53057
     49784          2      53057      53058
     49785          2      53058      53059
     49786          2      53059      53060
     49787          2      53060      53061
     49788          2      53061      53062
     49789          2      53062      53063
     49790          2      53063      53064
     49791          2      53064      53065
     49792          2      53065      53066
     49793          2      53066      53067
     49794          2      53067      53068
     49795          2      53068      53069
     49796          2      53069      53070
     49797          2      53070      53071
     49798          2      53071      53072
     49799          2      53072      53073
     49800          2      53073      53074
     49801          2      53074      53075
     49802          2      53075      53076
     49803          2      53076      53077
     49804          2      53077      53078
     49805          2      53078      53079
     49806          2      53079      53080
     49807          2      53080      53081
     49808          2      53081      53082
     49809          2      53082      53083
     49810          2      53083      53084
     49811          2      53084      53085
     49812          2      53085      53086
     49813          2      53086      53087
     49814          2      53087      53088
     49815          2      53088      53089
     49816          2      53089      53090
     49817          2      53090      53091
     49818          2      53091      53092
     49819          2      53092      53093
     49820          2      53093      53094
     49821          2      53094      53095
     49822          2      53095      53096
     49823          2      53096      53097
     49824          2      53097      53098
     49825          2      53098      53099
     49826          2      53099      53100
     49827          2      53100      53101
     49828          2      53101      53102
     49829          2      53102      53103
     49830          2      53103      53104
     49831          2      53104      53105
     49832          2      53105      53106
     49833          2      53106      53107
     49834          2      53107      53108
     49835          2      53108      53109
     49836          2      53109      53110
     49837          2      53110      53111
     49838          2      53111      53112
     49839          2      53112      53113
     49840          2      53113      53114
     49841          2      53114      53115
     49842          2      53115      53116
     49843          2      53116      53117
     49844          2      53117      53118
     49845          2      53118      53119
     49846          2      53119      53120
     49847          2      53120      53121
     49848          2      53121      53122
     49849          2      53122      53123
     49850          2      53123      53124
     49851          2      53124      53125
     49852          2      53125      53126
     49853          2      53126      53127
     49854          2      53127      53128
     49855          2      53128      53129
     49856          2      53129      53130
     49857          2      53130      52450
