# nummaterial_velocity_file - created by script cubit2specfem2d.py
# format:
#(1)domain_id #(2)material_id #(3)rho #(4)vp #(5)vs #(6)Q_k #(7)Q_mu #(8)ani
#
#  where
#     domain_id          : 1=acoustic / 2=elastic / 3=poroelastic
#     material_id        : POSITIVE integer identifier of material block
#     rho                : density
#     vp                 : P-velocity
#     vs                 : S-velocity
#     Q_k                : 9999 = no Q_kappa attenuation
#     Q_mu               : 9999 = no Q_mu attenuation
#     ani                : 0=no anisotropy/ 1,2,.. check with aniso_model.f90
#
# example:
# 2   1 2300 2800 1500 9999.0 9999.0 0
#
# or
#
#(1)domain_id #(2)material_id  tomography elastic  #(3)filename #(4)positive
#
#  where
#     domain_id : 1=acoustic / 2=elastic / 3=poroelastic
#     material_id        : NEGATIVE integer identifier of material block
#     filename           : filename of the tomography file
#     positive           : a positive unique identifier
#
# example:
# 2  -1 tomography elastic tomo.xyz 1
#
# materials
2 1 2300.0 2800.0 1500.0 9999.0 9999.0 0
2 2 2300.0 2800.0 1500.0 9999.0 9999.0 0
2 3 2300.0 2800.0 1500.0 9999.0 9999.0 0
2 4 2300.0 2800.0 1500.0 9999.0 9999.0 0
2 5 2300.0 2800.0 1500.0 9999.0 9999.0 0
2 6 2300.0 2800.0 1500.0 9999.0 9999.0 0
2 7 2300.0 2800.0 1500.0 9999.0 9999.0 0
2 8 2300.0 2800.0 1500.0 9999.0 9999.0 0
2 9 2300.0 2800.0 1500.0 9999.0 9999.0 0
2 10 2300.0 2800.0 1500.0 9999.0 9999.0 0
2 11 2300.0 2800.0 1500.0 9999.0 9999.0 0
2 12 2300.0 2800.0 1500.0 9999.0 9999.0 0
2 13 2300.0 2800.0 1500.0 9999.0 9999.0 0
2 14 2300.0 2800.0 1500.0 9999.0 9999.0 0
2 15 2300.0 2800.0 1500.0 9999.0 9999.0 0
2 16 2300.0 2800.0 1500.0 9999.0 9999.0 0
2 17 2300.0 2800.0 1500.0 9999.0 9999.0 0
2 18 2300.0 2800.0 1500.0 9999.0 9999.0 0
2 19 2300.0 2800.0 1500.0 9999.0 9999.0 0
2 20 2300.0 2800.0 1500.0 9999.0 9999.0 0
2 21 2300.0 2800.0 1500.0 9999.0 9999.0 0
2 22 2300.0 2800.0 1500.0 9999.0 9999.0 0
2 23 2300.0 2800.0 1500.0 9999.0 9999.0 0
2 24 2300.0 2800.0 1500.0 9999.0 9999.0 0
2 25 2300.0 2800.0 1500.0 9999.0 9999.0 0
2 26 2300.0 2800.0 1500.0 9999.0 9999.0 0
2 27 2300.0 2800.0 1500.0 9999.0 9999.0 0
2 28 2300.0 2800.0 1500.0 9999.0 9999.0 0
2 29 2300.0 2800.0 1500.0 9999.0 9999.0 0
2 30 2300.0 2800.0 1500.0 9999.0 9999.0 0
2 31 2300.0 2800.0 1500.0 9999.0 9999.0 0
2 32 2300.0 2800.0 1500.0 9999.0 9999.0 0
2 33 2300.0 2800.0 1500.0 9999.0 9999.0 0
2 34 2300.0 2800.0 1500.0 9999.0 9999.0 0
2 35 2300.0 2800.0 1500.0 9999.0 9999.0 0
2 36 2300.0 2800.0 1500.0 9999.0 9999.0 0
2 37 2300.0 2800.0 1500.0 9999.0 9999.0 0
2 38 2300.0 2800.0 1500.0 9999.0 9999.0 0
2 39 2300.0 2800.0 1500.0 9999.0 9999.0 0
2 40 2300.0 2800.0 1500.0 9999.0 9999.0 0
2 41 2300.0 2800.0 1500.0 9999.0 9999.0 0
2 42 2300.0 2800.0 1500.0 9999.0 9999.0 0
2 43 2300.0 2800.0 1500.0 9999.0 9999.0 0
2 44 2300.0 2800.0 1500.0 9999.0 9999.0 0
2 45 2300.0 2800.0 1500.0 9999.0 9999.0 0
2 46 2300.0 2800.0 1500.0 9999.0 9999.0 0
2 47 2300.0 2800.0 1500.0 9999.0 9999.0 0
2 48 2300.0 2800.0 1500.0 9999.0 9999.0 0
2 49 2300.0 2800.0 1500.0 9999.0 9999.0 0
2 50 2300.0 2800.0 1500.0 9999.0 9999.0 0
2 51 2300.0 2800.0 1500.0 9999.0 9999.0 0
2 52 2300.0 2800.0 1500.0 9999.0 9999.0 0
2 53 2300.0 2800.0 1500.0 9999.0 9999.0 0
2 54 2300.0 2800.0 1500.0 9999.0 9999.0 0
2 55 2300.0 2800.0 1500.0 9999.0 9999.0 0
2 56 2300.0 2800.0 1500.0 9999.0 9999.0 0
2 57 2300.0 2800.0 1500.0 9999.0 9999.0 0
2 58 2300.0 2800.0 1500.0 9999.0 9999.0 0
2 59 2300.0 2800.0 1500.0 9999.0 9999.0 0
2 60 2300.0 2800.0 1500.0 9999.0 9999.0 0
2 61 2300.0 2800.0 1500.0 9999.0 9999.0 0
2 62 2300.0 2800.0 1500.0 9999.0 9999.0 0
2 63 2300.0 2800.0 1500.0 9999.0 9999.0 0
2 64 2300.0 2800.0 1500.0 9999.0 9999.0 0
2 65 2300.0 2800.0 1500.0 9999.0 9999.0 0
2 66 2300.0 2800.0 1500.0 9999.0 9999.0 0
2 67 2300.0 2800.0 1500.0 9999.0 9999.0 0
2 68 2300.0 2800.0 1500.0 9999.0 9999.0 0
2 69 2300.0 2800.0 1500.0 9999.0 9999.0 0
2 70 2300.0 2800.0 1500.0 9999.0 9999.0 0
2 71 2300.0 2800.0 1500.0 9999.0 9999.0 0
2 72 2300.0 2800.0 1500.0 9999.0 9999.0 0
2 73 2300.0 2800.0 1500.0 9999.0 9999.0 0
2 74 2300.0 2800.0 1500.0 9999.0 9999.0 0
2 75 2300.0 2800.0 1500.0 9999.0 9999.0 0
2 76 2300.0 2800.0 1500.0 9999.0 9999.0 0
2 77 2300.0 2800.0 1500.0 9999.0 9999.0 0
2 78 2300.0 2800.0 1500.0 9999.0 9999.0 0
2 79 2300.0 2800.0 1500.0 9999.0 9999.0 0
2 80 2300.0 2800.0 1500.0 9999.0 9999.0 0
2 81 2300.0 2800.0 1500.0 9999.0 9999.0 0
2 82 2300.0 2800.0 1500.0 9999.0 9999.0 0
2 83 2300.0 2800.0 1500.0 9999.0 9999.0 0
2 84 2300.0 2800.0 1500.0 9999.0 9999.0 0
2 85 2300.0 2800.0 1500.0 9999.0 9999.0 0
2 86 2300.0 2800.0 1500.0 9999.0 9999.0 0
2 87 2300.0 2800.0 1500.0 9999.0 9999.0 0
2 88 2300.0 2800.0 1500.0 9999.0 9999.0 0
2 89 2300.0 2800.0 1500.0 9999.0 9999.0 0
2 90 2300.0 2800.0 1500.0 9999.0 9999.0 0
2 91 2300.0 2800.0 1500.0 9999.0 9999.0 0
2 92 2300.0 2800.0 1500.0 9999.0 9999.0 0
2 93 2300.0 2800.0 1500.0 9999.0 9999.0 0
2 94 2300.0 2800.0 1500.0 9999.0 9999.0 0
2 95 2300.0 2800.0 1500.0 9999.0 9999.0 0
2 96 2300.0 2800.0 1500.0 9999.0 9999.0 0
2 97 2300.0 2800.0 1500.0 9999.0 9999.0 0
2 98 2300.0 2800.0 1500.0 9999.0 9999.0 0
2 99 2300.0 2800.0 1500.0 9999.0 9999.0 0
2 100 2300.0 2800.0 1500.0 9999.0 9999.0 0
2 101 2300.0 2800.0 1500.0 9999.0 9999.0 0
2 102 2300.0 2800.0 1500.0 9999.0 9999.0 0
2 103 2300.0 2800.0 1500.0 9999.0 9999.0 0
2 104 2300.0 2800.0 1500.0 9999.0 9999.0 0
2 105 2300.0 2800.0 1500.0 9999.0 9999.0 0
2 106 2300.0 2800.0 1500.0 9999.0 9999.0 0
2 107 2300.0 2800.0 1500.0 9999.0 9999.0 0
2 108 2300.0 2800.0 1500.0 9999.0 9999.0 0
2 109 2300.0 2800.0 1500.0 9999.0 9999.0 0
2 110 2300.0 2800.0 1500.0 9999.0 9999.0 0
2 111 2300.0 2800.0 1500.0 9999.0 9999.0 0
2 112 2300.0 2800.0 1500.0 9999.0 9999.0 0
2 113 2300.0 2800.0 1500.0 9999.0 9999.0 0
2 114 2300.0 2800.0 1500.0 9999.0 9999.0 0
2 115 2300.0 2800.0 1500.0 9999.0 9999.0 0
2 116 2300.0 2800.0 1500.0 9999.0 9999.0 0
2 117 2300.0 2800.0 1500.0 9999.0 9999.0 0
2 118 2300.0 2800.0 1500.0 9999.0 9999.0 0
2 119 2300.0 2800.0 1500.0 9999.0 9999.0 0
2 120 2300.0 2800.0 1500.0 9999.0 9999.0 0
2 121 2300.0 2800.0 1500.0 9999.0 9999.0 0
2 122 2300.0 2800.0 1500.0 9999.0 9999.0 0
2 123 2300.0 2800.0 1500.0 9999.0 9999.0 0
2 124 2300.0 2800.0 1500.0 9999.0 9999.0 0
2 125 2300.0 2800.0 1500.0 9999.0 9999.0 0
2 126 2300.0 2800.0 1500.0 9999.0 9999.0 0
2 127 2300.0 2800.0 1500.0 9999.0 9999.0 0
2 128 2300.0 2800.0 1500.0 9999.0 9999.0 0
2 129 2300.0 2800.0 1500.0 9999.0 9999.0 0
2 130 2300.0 2800.0 1500.0 9999.0 9999.0 0
2 131 2300.0 2800.0 1500.0 9999.0 9999.0 0
2 132 2300.0 2800.0 1500.0 9999.0 9999.0 0
2 133 2300.0 2800.0 1500.0 9999.0 9999.0 0
2 134 2300.0 2800.0 1500.0 9999.0 9999.0 0
2 135 2300.0 2800.0 1500.0 9999.0 9999.0 0
2 136 2300.0 2800.0 1500.0 9999.0 9999.0 0
2 137 2300.0 2800.0 1500.0 9999.0 9999.0 0
2 138 2300.0 2800.0 1500.0 9999.0 9999.0 0
2 139 2300.0 2800.0 1500.0 9999.0 9999.0 0
2 140 2300.0 2800.0 1500.0 9999.0 9999.0 0
2 141 2300.0 2800.0 1500.0 9999.0 9999.0 0
2 142 2300.0 2800.0 1500.0 9999.0 9999.0 0
2 143 2300.0 2800.0 1500.0 9999.0 9999.0 0
2 144 2300.0 2800.0 1500.0 9999.0 9999.0 0
2 145 2300.0 2800.0 1500.0 9999.0 9999.0 0
2 146 2300.0 2800.0 1500.0 9999.0 9999.0 0
2 147 2300.0 2800.0 1500.0 9999.0 9999.0 0
2 148 2300.0 2800.0 1500.0 9999.0 9999.0 0
2 149 2300.0 2800.0 1500.0 9999.0 9999.0 0
2 150 2300.0 2800.0 1500.0 9999.0 9999.0 0
2 151 2300.0 2800.0 1500.0 9999.0 9999.0 0
2 152 2300.0 2800.0 1500.0 9999.0 9999.0 0
2 153 2300.0 2800.0 1500.0 9999.0 9999.0 0
2 154 2300.0 2800.0 1500.0 9999.0 9999.0 0
2 155 2300.0 2800.0 1500.0 9999.0 9999.0 0
2 156 2300.0 2800.0 1500.0 9999.0 9999.0 0
2 157 2300.0 2800.0 1500.0 9999.0 9999.0 0
2 158 2300.0 2800.0 1500.0 9999.0 9999.0 0
2 159 2300.0 2800.0 1500.0 9999.0 9999.0 0
2 160 2300.0 2800.0 1500.0 9999.0 9999.0 0
2 161 2300.0 2800.0 1500.0 9999.0 9999.0 0
2 162 2300.0 2800.0 1500.0 9999.0 9999.0 0
2 163 2300.0 2800.0 1500.0 9999.0 9999.0 0
2 164 2300.0 2800.0 1500.0 9999.0 9999.0 0
2 165 2300.0 2800.0 1500.0 9999.0 9999.0 0
2 166 2300.0 2800.0 1500.0 9999.0 9999.0 0
2 167 2300.0 2800.0 1500.0 9999.0 9999.0 0
2 168 2300.0 2800.0 1500.0 9999.0 9999.0 0
2 169 2300.0 2800.0 1500.0 9999.0 9999.0 0
2 170 2300.0 2800.0 1500.0 9999.0 9999.0 0
2 171 2300.0 2800.0 1500.0 9999.0 9999.0 0
2 172 2300.0 2800.0 1500.0 9999.0 9999.0 0
2 173 2300.0 2800.0 1500.0 9999.0 9999.0 0
2 174 2300.0 2800.0 1500.0 9999.0 9999.0 0
2 175 2300.0 2800.0 1500.0 9999.0 9999.0 0
2 176 2300.0 2800.0 1500.0 9999.0 9999.0 0
2 177 2300.0 2800.0 1500.0 9999.0 9999.0 0
2 178 2300.0 2800.0 1500.0 9999.0 9999.0 0
2 179 2300.0 2800.0 1500.0 9999.0 9999.0 0
2 180 2300.0 2800.0 1500.0 9999.0 9999.0 0
2 181 2300.0 2800.0 1500.0 9999.0 9999.0 0
2 182 2300.0 2800.0 1500.0 9999.0 9999.0 0
2 183 2300.0 2800.0 1500.0 9999.0 9999.0 0
2 184 2300.0 2800.0 1500.0 9999.0 9999.0 0
2 185 2300.0 2800.0 1500.0 9999.0 9999.0 0
2 186 2300.0 2800.0 1500.0 9999.0 9999.0 0
2 187 2300.0 2800.0 1500.0 9999.0 9999.0 0
2 188 2300.0 2800.0 1500.0 9999.0 9999.0 0
2 189 2300.0 2800.0 1500.0 9999.0 9999.0 0
2 190 2300.0 2800.0 1500.0 9999.0 9999.0 0
2 191 2300.0 2800.0 1500.0 9999.0 9999.0 0
2 192 2300.0 2800.0 1500.0 9999.0 9999.0 0
2 193 2300.0 2800.0 1500.0 9999.0 9999.0 0
2 194 2300.0 2800.0 1500.0 9999.0 9999.0 0
2 195 2300.0 2800.0 1500.0 9999.0 9999.0 0
2 196 2300.0 2800.0 1500.0 9999.0 9999.0 0
2 197 2300.0 2800.0 1500.0 9999.0 9999.0 0
2 198 2300.0 2800.0 1500.0 9999.0 9999.0 0
2 199 2300.0 2800.0 1500.0 9999.0 9999.0 0
2 200 2300.0 2800.0 1500.0 9999.0 9999.0 0
2 201 2300.0 2800.0 1500.0 9999.0 9999.0 0
2 202 2300.0 2800.0 1500.0 9999.0 9999.0 0
2 203 2300.0 2800.0 1500.0 9999.0 9999.0 0
2 204 2300.0 2800.0 1500.0 9999.0 9999.0 0
2 205 2300.0 2800.0 1500.0 9999.0 9999.0 0
2 206 2300.0 2800.0 1500.0 9999.0 9999.0 0
2 207 2300.0 2800.0 1500.0 9999.0 9999.0 0
2 208 2300.0 2800.0 1500.0 9999.0 9999.0 0
2 209 2300.0 2800.0 1500.0 9999.0 9999.0 0
2 210 2300.0 2800.0 1500.0 9999.0 9999.0 0
2 211 2300.0 2800.0 1500.0 9999.0 9999.0 0
2 212 2300.0 2800.0 1500.0 9999.0 9999.0 0
2 213 2300.0 2800.0 1500.0 9999.0 9999.0 0
2 214 2300.0 2800.0 1500.0 9999.0 9999.0 0
2 215 2300.0 2800.0 1500.0 9999.0 9999.0 0
2 216 2300.0 2800.0 1500.0 9999.0 9999.0 0
2 217 2300.0 2800.0 1500.0 9999.0 9999.0 0
2 218 2300.0 2800.0 1500.0 9999.0 9999.0 0
2 219 2300.0 2800.0 1500.0 9999.0 9999.0 0
2 220 2300.0 2800.0 1500.0 9999.0 9999.0 0
2 221 2300.0 2800.0 1500.0 9999.0 9999.0 0
2 222 2300.0 2800.0 1500.0 9999.0 9999.0 0
2 223 2300.0 2800.0 1500.0 9999.0 9999.0 0
2 224 2300.0 2800.0 1500.0 9999.0 9999.0 0
2 225 2300.0 2800.0 1500.0 9999.0 9999.0 0
2 226 2300.0 2800.0 1500.0 9999.0 9999.0 0
2 227 2300.0 2800.0 1500.0 9999.0 9999.0 0
2 228 2300.0 2800.0 1500.0 9999.0 9999.0 0
2 229 2300.0 2800.0 1500.0 9999.0 9999.0 0
2 230 2300.0 2800.0 1500.0 9999.0 9999.0 0
2 231 2300.0 2800.0 1500.0 9999.0 9999.0 0
2 232 2300.0 2800.0 1500.0 9999.0 9999.0 0
2 233 2300.0 2800.0 1500.0 9999.0 9999.0 0
2 234 2300.0 2800.0 1500.0 9999.0 9999.0 0
2 235 2300.0 2800.0 1500.0 9999.0 9999.0 0
2 236 2300.0 2800.0 1500.0 9999.0 9999.0 0
2 237 2300.0 2800.0 1500.0 9999.0 9999.0 0
2 238 2300.0 2800.0 1500.0 9999.0 9999.0 0
2 239 2300.0 2800.0 1500.0 9999.0 9999.0 0
2 240 2300.0 2800.0 1500.0 9999.0 9999.0 0
2 241 2300.0 2800.0 1500.0 9999.0 9999.0 0
2 242 2300.0 2800.0 1500.0 9999.0 9999.0 0
2 243 2300.0 2800.0 1500.0 9999.0 9999.0 0
2 244 2300.0 2800.0 1500.0 9999.0 9999.0 0
2 245 2300.0 2800.0 1500.0 9999.0 9999.0 0
2 246 2300.0 2800.0 1500.0 9999.0 9999.0 0
2 247 2300.0 2800.0 1500.0 9999.0 9999.0 0
2 248 2300.0 2800.0 1500.0 9999.0 9999.0 0
2 249 2300.0 2800.0 1500.0 9999.0 9999.0 0
2 250 2300.0 2800.0 1500.0 9999.0 9999.0 0
2 251 2300.0 2800.0 1500.0 9999.0 9999.0 0
2 252 2300.0 2800.0 1500.0 9999.0 9999.0 0
2 253 2300.0 2800.0 1500.0 9999.0 9999.0 0
2 254 2300.0 2800.0 1500.0 9999.0 9999.0 0
2 255 2300.0 2800.0 1500.0 9999.0 9999.0 0
2 256 2300.0 2800.0 1500.0 9999.0 9999.0 0
2 257 2300.0 2800.0 1500.0 9999.0 9999.0 0
2 258 2300.0 2800.0 1500.0 9999.0 9999.0 0
2 259 2300.0 2800.0 1500.0 9999.0 9999.0 0
2 260 2300.0 2800.0 1500.0 9999.0 9999.0 0
2 261 2300.0 2800.0 1500.0 9999.0 9999.0 0
2 262 2300.0 2800.0 1500.0 9999.0 9999.0 0
2 263 2300.0 2800.0 1500.0 9999.0 9999.0 0
2 264 2300.0 2800.0 1500.0 9999.0 9999.0 0
2 265 2300.0 2800.0 1500.0 9999.0 9999.0 0
2 266 2300.0 2800.0 1500.0 9999.0 9999.0 0
2 267 2300.0 2800.0 1500.0 9999.0 9999.0 0
2 268 2300.0 2800.0 1500.0 9999.0 9999.0 0
2 269 2300.0 2800.0 1500.0 9999.0 9999.0 0
2 270 2300.0 2800.0 1500.0 9999.0 9999.0 0
2 271 2300.0 2800.0 1500.0 9999.0 9999.0 0
2 272 2300.0 2800.0 1500.0 9999.0 9999.0 0
2 273 2300.0 2800.0 1500.0 9999.0 9999.0 0
2 274 2300.0 2800.0 1500.0 9999.0 9999.0 0
2 275 2300.0 2800.0 1500.0 9999.0 9999.0 0
2 276 2300.0 2800.0 1500.0 9999.0 9999.0 0
2 277 2300.0 2800.0 1500.0 9999.0 9999.0 0
2 278 2300.0 2800.0 1500.0 9999.0 9999.0 0
2 279 2300.0 2800.0 1500.0 9999.0 9999.0 0
2 280 2300.0 2800.0 1500.0 9999.0 9999.0 0
2 281 2300.0 2800.0 1500.0 9999.0 9999.0 0
2 282 2300.0 2800.0 1500.0 9999.0 9999.0 0
2 283 2300.0 2800.0 1500.0 9999.0 9999.0 0
2 284 2300.0 2800.0 1500.0 9999.0 9999.0 0
2 285 2300.0 2800.0 1500.0 9999.0 9999.0 0
2 286 2300.0 2800.0 1500.0 9999.0 9999.0 0
2 287 2300.0 2800.0 1500.0 9999.0 9999.0 0
2 288 2300.0 2800.0 1500.0 9999.0 9999.0 0
2 289 2300.0 2800.0 1500.0 9999.0 9999.0 0
2 290 2300.0 2800.0 1500.0 9999.0 9999.0 0
2 291 2300.0 2800.0 1500.0 9999.0 9999.0 0
2 292 2300.0 2800.0 1500.0 9999.0 9999.0 0
2 293 2300.0 2800.0 1500.0 9999.0 9999.0 0
2 294 2300.0 2800.0 1500.0 9999.0 9999.0 0
2 295 2300.0 2800.0 1500.0 9999.0 9999.0 0
2 296 2300.0 2800.0 1500.0 9999.0 9999.0 0
2 297 2300.0 2800.0 1500.0 9999.0 9999.0 0
2 298 2300.0 2800.0 1500.0 9999.0 9999.0 0
2 299 2300.0 2800.0 1500.0 9999.0 9999.0 0
2 300 2300.0 2800.0 1500.0 9999.0 9999.0 0
2 301 2300.0 2800.0 1500.0 9999.0 9999.0 0
2 302 2300.0 2800.0 1500.0 9999.0 9999.0 0
2 303 2300.0 2800.0 1500.0 9999.0 9999.0 0
2 304 2300.0 2800.0 1500.0 9999.0 9999.0 0
2 305 2300.0 2800.0 1500.0 9999.0 9999.0 0
2 306 2300.0 2800.0 1500.0 9999.0 9999.0 0
2 307 2300.0 2800.0 1500.0 9999.0 9999.0 0
2 308 2300.0 2800.0 1500.0 9999.0 9999.0 0
2 309 2300.0 2800.0 1500.0 9999.0 9999.0 0
2 310 2300.0 2800.0 1500.0 9999.0 9999.0 0
2 311 2300.0 2800.0 1500.0 9999.0 9999.0 0
2 312 2300.0 2800.0 1500.0 9999.0 9999.0 0
2 313 2300.0 2800.0 1500.0 9999.0 9999.0 0
2 314 2300.0 2800.0 1500.0 9999.0 9999.0 0
2 315 2300.0 2800.0 1500.0 9999.0 9999.0 0
2 316 2300.0 2800.0 1500.0 9999.0 9999.0 0
2 317 2300.0 2800.0 1500.0 9999.0 9999.0 0
2 318 2300.0 2800.0 1500.0 9999.0 9999.0 0
2 319 2300.0 2800.0 1500.0 9999.0 9999.0 0
2 320 2300.0 2800.0 1500.0 9999.0 9999.0 0
2 321 2300.0 2800.0 1500.0 9999.0 9999.0 0
2 322 2300.0 2800.0 1500.0 9999.0 9999.0 0
2 323 2300.0 2800.0 1500.0 9999.0 9999.0 0
2 324 2300.0 2800.0 1500.0 9999.0 9999.0 0
2 325 2300.0 2800.0 1500.0 9999.0 9999.0 0
2 326 2300.0 2800.0 1500.0 9999.0 9999.0 0
2 327 2300.0 2800.0 1500.0 9999.0 9999.0 0
2 328 2300.0 2800.0 1500.0 9999.0 9999.0 0
2 329 2300.0 2800.0 1500.0 9999.0 9999.0 0
2 330 2300.0 2800.0 1500.0 9999.0 9999.0 0
2 331 2300.0 2800.0 1500.0 9999.0 9999.0 0
2 332 2300.0 2800.0 1500.0 9999.0 9999.0 0
2 333 2300.0 2800.0 1500.0 9999.0 9999.0 0
2 334 2300.0 2800.0 1500.0 9999.0 9999.0 0
2 335 2300.0 2800.0 1500.0 9999.0 9999.0 0
2 336 2300.0 2800.0 1500.0 9999.0 9999.0 0
2 337 2300.0 2800.0 1500.0 9999.0 9999.0 0
2 338 2300.0 2800.0 1500.0 9999.0 9999.0 0
2 339 2300.0 2800.0 1500.0 9999.0 9999.0 0
2 340 2300.0 2800.0 1500.0 9999.0 9999.0 0
2 341 2300.0 2800.0 1500.0 9999.0 9999.0 0
2 342 2300.0 2800.0 1500.0 9999.0 9999.0 0
2 343 2300.0 2800.0 1500.0 9999.0 9999.0 0
2 344 2300.0 2800.0 1500.0 9999.0 9999.0 0
2 345 2300.0 2800.0 1500.0 9999.0 9999.0 0
2 346 2300.0 2800.0 1500.0 9999.0 9999.0 0
2 347 2300.0 2800.0 1500.0 9999.0 9999.0 0
2 348 2300.0 2800.0 1500.0 9999.0 9999.0 0
2 349 2300.0 2800.0 1500.0 9999.0 9999.0 0
2 350 2300.0 2800.0 1500.0 9999.0 9999.0 0
2 351 2300.0 2800.0 1500.0 9999.0 9999.0 0
2 352 2300.0 2800.0 1500.0 9999.0 9999.0 0
2 353 2300.0 2800.0 1500.0 9999.0 9999.0 0
2 354 2300.0 2800.0 1500.0 9999.0 9999.0 0
2 355 2300.0 2800.0 1500.0 9999.0 9999.0 0
2 356 2300.0 2800.0 1500.0 9999.0 9999.0 0
2 357 2300.0 2800.0 1500.0 9999.0 9999.0 0
2 358 2300.0 2800.0 1500.0 9999.0 9999.0 0
2 359 2300.0 2800.0 1500.0 9999.0 9999.0 0
2 360 2300.0 2800.0 1500.0 9999.0 9999.0 0
2 361 2300.0 2800.0 1500.0 9999.0 9999.0 0
2 362 2300.0 2800.0 1500.0 9999.0 9999.0 0
2 363 2300.0 2800.0 1500.0 9999.0 9999.0 0
2 364 2300.0 2800.0 1500.0 9999.0 9999.0 0
2 365 2300.0 2800.0 1500.0 9999.0 9999.0 0
2 366 2300.0 2800.0 1500.0 9999.0 9999.0 0
2 367 2300.0 2800.0 1500.0 9999.0 9999.0 0
2 368 2300.0 2800.0 1500.0 9999.0 9999.0 0
2 369 2300.0 2800.0 1500.0 9999.0 9999.0 0
2 370 2300.0 2800.0 1500.0 9999.0 9999.0 0
2 371 2300.0 2800.0 1500.0 9999.0 9999.0 0
2 372 2300.0 2800.0 1500.0 9999.0 9999.0 0
2 373 2300.0 2800.0 1500.0 9999.0 9999.0 0
2 374 2300.0 2800.0 1500.0 9999.0 9999.0 0
2 375 2300.0 2800.0 1500.0 9999.0 9999.0 0
2 376 2300.0 2800.0 1500.0 9999.0 9999.0 0
2 377 2300.0 2800.0 1500.0 9999.0 9999.0 0
2 378 2300.0 2800.0 1500.0 9999.0 9999.0 0
2 379 2300.0 2800.0 1500.0 9999.0 9999.0 0
2 380 2300.0 2800.0 1500.0 9999.0 9999.0 0
2 381 2300.0 2800.0 1500.0 9999.0 9999.0 0
2 382 2300.0 2800.0 1500.0 9999.0 9999.0 0
2 383 2300.0 2800.0 1500.0 9999.0 9999.0 0
2 384 2300.0 2800.0 1500.0 9999.0 9999.0 0
2 385 2300.0 2800.0 1500.0 9999.0 9999.0 0
2 386 2300.0 2800.0 1500.0 9999.0 9999.0 0
2 387 2300.0 2800.0 1500.0 9999.0 9999.0 0
2 388 2300.0 2800.0 1500.0 9999.0 9999.0 0
2 389 2300.0 2800.0 1500.0 9999.0 9999.0 0
2 390 2300.0 2800.0 1500.0 9999.0 9999.0 0
2 391 2300.0 2800.0 1500.0 9999.0 9999.0 0
2 392 2300.0 2800.0 1500.0 9999.0 9999.0 0
2 393 2300.0 2800.0 1500.0 9999.0 9999.0 0
2 394 2300.0 2800.0 1500.0 9999.0 9999.0 0
2 395 2300.0 2800.0 1500.0 9999.0 9999.0 0
2 396 2300.0 2800.0 1500.0 9999.0 9999.0 0
2 397 2300.0 2800.0 1500.0 9999.0 9999.0 0
2 398 2300.0 2800.0 1500.0 9999.0 9999.0 0
2 399 2300.0 2800.0 1500.0 9999.0 9999.0 0
2 400 2300.0 2800.0 1500.0 9999.0 9999.0 0
2 401 2300.0 2800.0 1500.0 9999.0 9999.0 0
2 402 2300.0 2800.0 1500.0 9999.0 9999.0 0
2 403 2300.0 2800.0 1500.0 9999.0 9999.0 0
2 404 2300.0 2800.0 1500.0 9999.0 9999.0 0
2 405 2300.0 2800.0 1500.0 9999.0 9999.0 0
2 406 2300.0 2800.0 1500.0 9999.0 9999.0 0
2 407 2300.0 2800.0 1500.0 9999.0 9999.0 0
2 408 2300.0 2800.0 1500.0 9999.0 9999.0 0
2 409 2300.0 2800.0 1500.0 9999.0 9999.0 0
2 410 2300.0 2800.0 1500.0 9999.0 9999.0 0
2 411 2300.0 2800.0 1500.0 9999.0 9999.0 0
2 412 2300.0 2800.0 1500.0 9999.0 9999.0 0
2 413 2300.0 2800.0 1500.0 9999.0 9999.0 0
2 414 2300.0 2800.0 1500.0 9999.0 9999.0 0
2 415 2300.0 2800.0 1500.0 9999.0 9999.0 0
2 416 2300.0 2800.0 1500.0 9999.0 9999.0 0
2 417 2300.0 2800.0 1500.0 9999.0 9999.0 0
2 418 2300.0 2800.0 1500.0 9999.0 9999.0 0
2 419 2300.0 2800.0 1500.0 9999.0 9999.0 0
2 420 2300.0 2800.0 1500.0 9999.0 9999.0 0
2 421 2300.0 2800.0 1500.0 9999.0 9999.0 0
2 422 2300.0 2800.0 1500.0 9999.0 9999.0 0
2 423 2300.0 2800.0 1500.0 9999.0 9999.0 0
2 424 2300.0 2800.0 1500.0 9999.0 9999.0 0
2 425 2300.0 2800.0 1500.0 9999.0 9999.0 0
2 426 2300.0 2800.0 1500.0 9999.0 9999.0 0
2 427 2300.0 2800.0 1500.0 9999.0 9999.0 0
2 428 2300.0 2800.0 1500.0 9999.0 9999.0 0
2 429 2300.0 2800.0 1500.0 9999.0 9999.0 0
2 430 2300.0 2800.0 1500.0 9999.0 9999.0 0
2 431 2300.0 2800.0 1500.0 9999.0 9999.0 0
2 432 2300.0 2800.0 1500.0 9999.0 9999.0 0
2 433 2300.0 2800.0 1500.0 9999.0 9999.0 0
2 434 2300.0 2800.0 1500.0 9999.0 9999.0 0
2 435 2300.0 2800.0 1500.0 9999.0 9999.0 0
