400
65 3 17 1469 1472
113 3 1469 1470 1473
161 3 1470 1471 1474
209 3 1471 18 1475
304 3 1573 20 1577
352 3 1572 1573 1576
400 3 1571 1572 1575
448 3 19 1571 1574
449 3 18 125 172
497 3 125 126 173
545 3 126 127 174
593 3 127 128 175
641 3 128 129 176
689 3 129 130 177
737 3 130 131 178
785 3 131 132 179
833 3 132 133 180
881 3 133 134 181
929 3 134 135 182
977 3 135 136 183
1025 3 136 137 184
1073 3 137 138 185
1121 3 138 139 186
1169 3 139 140 187
1217 3 140 141 188
1265 3 141 142 189
1313 3 142 143 190
1361 3 143 144 191
1409 3 144 145 192
1457 3 145 146 193
1505 3 146 147 194
1553 3 147 148 195
1601 3 148 149 196
1649 3 149 150 197
1697 3 150 151 198
1745 3 151 152 199
1793 3 152 153 200
1841 3 153 154 201
1889 3 154 155 202
1937 3 155 156 203
1985 3 156 157 204
2033 3 157 158 205
2081 3 158 159 206
2129 3 159 160 207
2177 3 160 161 208
2225 3 161 162 209
2273 3 162 163 210
2321 3 163 164 211
2369 3 164 165 212
2417 3 165 166 213
2465 3 166 167 214
2513 3 167 168 215
2561 3 168 169 216
2609 3 169 170 217
2657 3 170 171 218
2705 3 171 14 219
2705 3 14 220 267
2706 3 220 221 268
2707 3 221 222 269
2708 3 222 223 270
2709 3 223 224 271
2710 3 224 225 272
2711 3 225 226 273
2712 3 226 227 274
2713 3 227 228 275
2714 3 228 229 276
2715 3 229 230 277
2716 3 230 231 278
2717 3 231 232 279
2718 3 232 233 280
2719 3 233 234 281
2720 3 234 235 282
2721 3 235 236 283
2722 3 236 237 284
2723 3 237 238 285
2724 3 238 239 286
2725 3 239 240 287
2726 3 240 241 288
2727 3 241 242 289
2728 3 242 243 290
2729 3 243 244 291
2730 3 244 245 292
2731 3 245 246 293
2732 3 246 247 294
2733 3 247 248 295
2734 3 248 249 296
2735 3 249 250 297
2736 3 250 251 298
2737 3 251 252 299
2738 3 252 253 300
2739 3 253 254 301
2740 3 254 255 302
2741 3 255 256 303
2742 3 256 257 304
2743 3 257 258 305
2744 3 258 259 306
2745 3 259 260 307
2746 3 260 261 308
2747 3 261 262 309
2748 3 262 263 310
2749 3 263 264 311
2750 3 264 265 312
2751 3 265 266 313
2752 3 266 22 314
2753 3 22 315 318
2754 3 315 316 319
2755 3 316 317 320
2756 3 317 21 321
2992 3 463 19 511
3040 3 462 463 510
3088 3 461 462 509
3136 3 460 461 508
3184 3 459 460 507
3232 3 458 459 506
3280 3 457 458 505
3328 3 456 457 504
3376 3 455 456 503
3424 3 454 455 502
3472 3 453 454 501
3520 3 452 453 500
3568 3 451 452 499
3616 3 450 451 498
3664 3 449 450 497
3712 3 448 449 496
3760 3 447 448 495
3808 3 446 447 494
3856 3 445 446 493
3904 3 444 445 492
3952 3 443 444 491
4000 3 442 443 490
4048 3 441 442 489
4096 3 440 441 488
4144 3 439 440 487
4192 3 438 439 486
4240 3 437 438 485
4288 3 436 437 484
4336 3 435 436 483
4384 3 434 435 482
4432 3 433 434 481
4480 3 432 433 480
4528 3 431 432 479
4576 3 430 431 478
4624 3 429 430 477
4672 3 428 429 476
4720 3 427 428 475
4768 3 426 427 474
4816 3 425 426 473
4864 3 424 425 472
4912 3 423 424 471
4960 3 422 423 470
5008 3 421 422 469
5056 3 420 421 468
5104 3 419 420 467
5152 3 418 419 466
5200 3 417 418 465
5201 3 21 322 369
5202 3 322 323 370
5203 3 323 324 371
5204 3 324 325 372
5205 3 325 326 373
5206 3 326 327 374
5207 3 327 328 375
5208 3 328 329 376
5209 3 329 330 377
5210 3 330 331 378
5211 3 331 332 379
5212 3 332 333 380
5213 3 333 334 381
5214 3 334 335 382
5215 3 335 336 383
5216 3 336 337 384
5217 3 337 338 385
5218 3 338 339 386
5219 3 339 340 387
5220 3 340 341 388
5221 3 341 342 389
5222 3 342 343 390
5223 3 343 344 391
5224 3 344 345 392
5225 3 345 346 393
5226 3 346 347 394
5227 3 347 348 395
5228 3 348 349 396
5229 3 349 350 397
5230 3 350 351 398
5231 3 351 352 399
5232 3 352 353 400
5233 3 353 354 401
5234 3 354 355 402
5235 3 355 356 403
5236 3 356 357 404
5237 3 357 358 405
5238 3 358 359 406
5239 3 359 360 407
5240 3 360 361 408
5241 3 361 362 409
5242 3 362 363 410
5243 3 363 364 411
5244 3 364 365 412
5245 3 365 366 413
5246 3 366 367 414
5247 3 367 368 415
5248 3 368 15 416
5248 3 15 417 464
5296 3 24 1272 1319
5344 3 1272 1273 1320
5392 3 1273 1274 1321
5440 3 1274 1275 1322
5488 3 1275 1276 1323
5536 3 1276 1277 1324
5584 3 1277 1278 1325
5632 3 1278 1279 1326
5680 3 1279 1280 1327
5728 3 1280 1281 1328
5776 3 1281 1282 1329
5824 3 1282 1283 1330
5872 3 1283 1284 1331
5920 3 1284 1285 1332
5968 3 1285 1286 1333
6016 3 1286 1287 1334
6064 3 1287 1288 1335
6112 3 1288 1289 1336
6160 3 1289 1290 1337
6208 3 1290 1291 1338
6256 3 1291 1292 1339
6304 3 1292 1293 1340
6352 3 1293 1294 1341
6400 3 1294 1295 1342
6448 3 1295 1296 1343
6496 3 1296 1297 1344
6544 3 1297 1298 1345
6592 3 1298 1299 1346
6640 3 1299 1300 1347
6688 3 1300 1301 1348
6736 3 1301 1302 1349
6784 3 1302 1303 1350
6832 3 1303 1304 1351
6880 3 1304 1305 1352
6928 3 1305 1306 1353
6976 3 1306 1307 1354
7024 3 1307 1308 1355
7072 3 1308 1309 1356
7120 3 1309 1310 1357
7168 3 1310 1311 1358
7216 3 1311 1312 1359
7264 3 1312 1313 1360
7312 3 1313 1314 1361
7360 3 1314 1315 1362
7408 3 1315 1316 1363
7456 3 1316 1317 1364
7504 3 1317 1318 1365
7505 3 938 17 986
7506 3 937 938 985
7507 3 936 937 984
7508 3 935 936 983
7509 3 934 935 982
7510 3 933 934 981
7511 3 932 933 980
7512 3 931 932 979
7513 3 930 931 978
7514 3 929 930 977
7515 3 928 929 976
7516 3 927 928 975
7517 3 926 927 974
7518 3 925 926 973
7519 3 924 925 972
7520 3 923 924 971
7521 3 922 923 970
7522 3 921 922 969
7523 3 920 921 968
7524 3 919 920 967
7525 3 918 919 966
7526 3 917 918 965
7527 3 916 917 964
7528 3 915 916 963
7529 3 914 915 962
7530 3 913 914 961
7531 3 912 913 960
7532 3 911 912 959
7533 3 910 911 958
7534 3 909 910 957
7535 3 908 909 956
7536 3 907 908 955
7537 3 906 907 954
7538 3 905 906 953
7539 3 904 905 952
7540 3 903 904 951
7541 3 902 903 950
7542 3 901 902 949
7543 3 900 901 948
7544 3 899 900 947
7545 3 898 899 946
7546 3 897 898 945
7547 3 896 897 944
7548 3 895 896 943
7549 3 894 895 942
7550 3 893 894 941
7551 3 892 893 940
7552 3 13 892 939
7552 3 1318 13 1366
7553 3 1369 24 1373
7554 3 1368 1369 1372
7555 3 1367 1368 1371
7556 3 23 1367 1370
7745 3 1420 23 1468
7746 3 1419 1420 1467
7747 3 1418 1419 1466
7748 3 1417 1418 1465
7749 3 1416 1417 1464
7750 3 1415 1416 1463
7751 3 1414 1415 1462
7752 3 1413 1414 1461
7753 3 1412 1413 1460
7754 3 1411 1412 1459
7755 3 1410 1411 1458
7756 3 1409 1410 1457
7757 3 1408 1409 1456
7758 3 1407 1408 1455
7759 3 1406 1407 1454
7760 3 1405 1406 1453
7761 3 1404 1405 1452
7762 3 1403 1404 1451
7763 3 1402 1403 1450
7764 3 1401 1402 1449
7765 3 1400 1401 1448
7766 3 1399 1400 1447
7767 3 1398 1399 1446
7768 3 1397 1398 1445
7769 3 1396 1397 1444
7770 3 1395 1396 1443
7771 3 1394 1395 1442
7772 3 1393 1394 1441
7773 3 1392 1393 1440
7774 3 1391 1392 1439
7775 3 1390 1391 1438
7776 3 1389 1390 1437
7777 3 1388 1389 1436
7778 3 1387 1388 1435
7779 3 1386 1387 1434
7780 3 1385 1386 1433
7781 3 1384 1385 1432
7782 3 1383 1384 1431
7783 3 1382 1383 1430
7784 3 1381 1382 1429
7785 3 1380 1381 1428
7786 3 1379 1380 1427
7787 3 1378 1379 1426
7788 3 1377 1378 1425
7789 3 1376 1377 1424
7790 3 1375 1376 1423
7791 3 1374 1375 1422
7792 3 1033 16 1081
7792 3 16 1374 1421
7840 3 1032 1033 1080
7888 3 1031 1032 1079
7936 3 1030 1031 1078
7984 3 1029 1030 1077
8032 3 1028 1029 1076
8080 3 1027 1028 1075
8128 3 1026 1027 1074
8176 3 1025 1026 1073
8224 3 1024 1025 1072
8272 3 1023 1024 1071
8320 3 1022 1023 1070
8368 3 1021 1022 1069
8416 3 1020 1021 1068
8464 3 1019 1020 1067
8512 3 1018 1019 1066
8560 3 1017 1018 1065
8608 3 1016 1017 1064
8656 3 1015 1016 1063
8704 3 1014 1015 1062
8752 3 1013 1014 1061
8800 3 1012 1013 1060
8848 3 1011 1012 1059
8896 3 1010 1011 1058
8944 3 1009 1010 1057
8992 3 1008 1009 1056
9040 3 1007 1008 1055
9088 3 1006 1007 1054
9136 3 1005 1006 1053
9184 3 1004 1005 1052
9232 3 1003 1004 1051
9280 3 1002 1003 1050
9328 3 1001 1002 1049
9376 3 1000 1001 1048
9424 3 999 1000 1047
9472 3 998 999 1046
9520 3 997 998 1045
9568 3 996 997 1044
9616 3 995 996 1043
9664 3 994 995 1042
9712 3 993 994 1041
9760 3 992 993 1040
9808 3 991 992 1039
9856 3 990 991 1038
9904 3 989 990 1037
9952 3 988 989 1036
10000 3 987 988 1035
10048 3 20 987 1034
