-4.042630
-4.033770
-4.024570
-4.031010
-4.027090
-4.011370
-3.989330
-3.963060
-3.929730
-3.893400
-3.854910
-3.807280
-3.764700
-3.718700
-3.667760
-3.619570
-3.579390
-3.529760
-3.477630
-3.427720
-3.383820
-3.346060
-3.312440
-3.281950
-3.252910
-3.222660
-3.189850
-3.153580
-3.113840
-3.073560
-3.036520
-2.994700
-2.946600
-2.906230
-2.856750
-2.801230
-2.751650
-2.709890
-2.593630
-2.501410
-2.339970
-2.219030
-2.157610
-2.126910
-2.081700
-2.033360
-1.993200
-1.959890
-1.920950
-1.885440
-1.849060
-1.795820
-1.723950
-1.624180
-1.500000
-1.379030
-1.266730
-1.161710
-1.064370
-0.991573
-0.971158
-0.935858
-0.900854
-0.874644
-0.842509
-0.808727
-0.789044
-0.797708
-0.768248
-0.756078
-0.738104
-0.756372
-0.775592
-0.795957
-0.787438
-0.705082
-0.595518
-0.438898
-0.292028
-0.145967
-0.062730
0.042711
0.270900
0.520289
0.726283
0.910875
1.135880
1.376630
1.592740
1.757490
1.894770
2.043840
2.106480
2.091720
1.818020
1.200320
0.943632
0.864765
0.849034
0.953888
1.012090
1.158530
1.759700
1.777570
1.252260
1.043510
1.229600
1.496690
1.515210
1.522500
1.522040
1.505200
1.497920
1.479140
1.447090
1.430400
1.462890
1.560170
1.666450
1.695220
1.675090
1.617180
1.532760
1.426300
1.375350
1.198940
0.876019
0.921095
0.998579
0.847144
0.712094
0.580680
0.459470
0.335168
0.179500
0.065837
-0.008686
-0.125625
-0.407411
-0.779719
-1.215620
-1.613050
-1.707880
-1.708050
-1.734230
-1.753980
-1.773940
-1.796890
-1.822940
-1.854070
-1.880990
-1.901660
-1.965350
-1.995410
-1.941710
-1.898150
-1.983790
-2.167880
-2.287980
-2.395880
-2.460820
-2.487850
-2.504990
-2.499650
-2.511300
-2.511300
-2.551220
-2.608210
-2.644140
-2.692670
-2.720570
-2.735400
-2.747100
-2.788430
-2.834740
-2.886570
-2.951890
-3.016690
-3.075140
-3.116640
-3.156450
-3.207550
-3.258550
-3.308610
-3.356020
-3.398640
-3.437490
-3.477580
-3.513470
-3.544880
-3.568640
-3.600160
-3.632250
-3.665310
-3.697350
-3.729730
-3.763660
-3.795090
-3.823330
-3.854270
-3.883290
-3.908390
-3.931510
-3.955920
-3.977590
-3.992900
-4.004930
-4.014750
-4.025040
