   0.00000000       0.00000000    
   1.09999999E-03   0.00000000    
   2.19999999E-03   0.00000000    
   3.29999998E-03   0.00000000    
   4.39999998E-03   0.00000000    
   5.49999997E-03   0.00000000    
   6.59999996E-03   0.00000000    
   7.69999996E-03   0.00000000    
   8.79999995E-03   0.00000000    
   9.89999995E-03   0.00000000    
   1.09999999E-02   0.00000000    
   1.20999999E-02   0.00000000    
   1.31999999E-02   0.00000000    
   1.42999999E-02   0.00000000    
   1.53999999E-02   0.00000000    
   1.64999999E-02   0.00000000    
   1.75999999E-02   0.00000000    
   1.86999999E-02   0.00000000    
   1.97999999E-02   0.00000000    
   2.08999999E-02   0.00000000    
   2.19999999E-02   0.00000000    
   2.30999999E-02   0.00000000    
   2.41999999E-02   0.00000000    
   2.52999999E-02   0.00000000    
   2.63999999E-02   0.00000000    
   2.74999999E-02   0.00000000    
   2.85999998E-02   0.00000000    
   2.96999998E-02   0.00000000    
   3.07999998E-02   0.00000000    
   3.18999998E-02   0.00000000    
   3.29999998E-02   0.00000000    
   3.40999998E-02   0.00000000    
   3.51999998E-02   0.00000000    
   3.62999998E-02   0.00000000    
   3.73999998E-02   0.00000000    
   3.84999998E-02   0.00000000    
   3.95999998E-02   0.00000000    
   4.06999998E-02   0.00000000    
   4.17999998E-02   0.00000000    
   4.28999998E-02   0.00000000    
   4.39999998E-02   0.00000000    
   4.50999998E-02   0.00000000    
   4.61999997E-02   0.00000000    
   4.72999997E-02   0.00000000    
   4.83999997E-02   0.00000000    
   4.94999997E-02   0.00000000    
   5.05999997E-02   0.00000000    
   5.16999997E-02   0.00000000    
   5.27999997E-02   0.00000000    
   5.38999997E-02   0.00000000    
   5.49999997E-02   0.00000000    
   5.60999997E-02   0.00000000    
   5.71999997E-02   0.00000000    
   5.82999997E-02   0.00000000    
   5.93999997E-02   0.00000000    
   6.04999997E-02   0.00000000    
   6.15999997E-02   0.00000000    
   6.27000034E-02   0.00000000    
   6.37999997E-02   0.00000000    
   6.48999959E-02   0.00000000    
   6.59999996E-02   0.00000000    
   6.71000034E-02   0.00000000    
   6.81999996E-02   0.00000000    
   6.92999959E-02   0.00000000    
   7.03999996E-02   0.00000000    
   7.15000033E-02   0.00000000    
   7.25999996E-02   0.00000000    
   7.36999959E-02   0.00000000    
   7.47999996E-02   0.00000000    
   7.59000033E-02   0.00000000    
   7.69999996E-02   0.00000000    
   7.80999959E-02   0.00000000    
   7.91999996E-02   0.00000000    
   8.03000033E-02   0.00000000    
   8.13999996E-02   0.00000000    
   8.24999958E-02   0.00000000    
   8.35999995E-02   0.00000000    
   8.47000033E-02   0.00000000    
   8.57999995E-02   0.00000000    
   8.68999958E-02   0.00000000    
   8.79999995E-02   0.00000000    
   8.91000032E-02   0.00000000    
   9.01999995E-02   0.00000000    
   9.12999958E-02   0.00000000    
   9.23999995E-02   0.00000000    
   9.35000032E-02   0.00000000    
   9.45999995E-02   0.00000000    
   9.56999958E-02   0.00000000    
   9.67999995E-02   0.00000000    
   9.79000032E-02   0.00000000    
   9.89999995E-02   0.00000000    
  0.100099996       0.00000000    
  0.101199999       0.00000000    
  0.102300003       0.00000000    
  0.103399999       0.00000000    
  0.104499996       0.00000000    
  0.105599999       0.00000000    
  0.106700003       0.00000000    
  0.107799999       0.00000000    
  0.108899996       0.00000000    
  0.109999999       0.00000000    
  0.111100003       0.00000000    
  0.112199999       0.00000000    
  0.113299996       0.00000000    
  0.114399999       0.00000000    
  0.115500003       0.00000000    
  0.116599999       0.00000000    
  0.117699996       0.00000000    
  0.118799999       0.00000000    
  0.119900003       0.00000000    
  0.120999999       0.00000000    
  0.122099996       0.00000000    
  0.123199999       0.00000000    
  0.124300003       0.00000000    
  0.125400007       0.00000000    
  0.126499996       0.00000000    
  0.127599999      -1.40129846E-45
  0.128700003      -1.40129846E-45
  0.129799992      -0.00000000    
  0.130899996       1.40129846E-45
  0.131999999       4.20389539E-45
  0.133100003       7.00649232E-45
  0.134200007       5.60519386E-45
  0.135299996      -7.00649232E-45
  0.136399999      -3.08285662E-44
  0.137500003      -4.76441478E-44
  0.138599992      -1.96181785E-44
  0.139699996       8.12753109E-44
  0.140799999       2.20003859E-43
  0.141900003       2.59240216E-43
  0.143000007      -8.40779079E-45
  0.144099995      -6.64215472E-43
  0.145199999      -1.36766730E-42
  0.146300003      -1.22053096E-42
  0.147399992       8.05746617E-43
  0.148499995       4.64810701E-42
  0.149599999       7.69452987E-42
  0.150700003       4.78543426E-42
  0.151800007      -8.42460637E-42
  0.152899995      -2.86761718E-41
  0.153999999      -3.93064219E-41
  0.155100003      -1.40886548E-41
  0.156199992       6.19668194E-41
  0.157299995       1.59725604E-40
  0.158399999       1.86455372E-40
  0.159500003       1.97723213E-41
  0.160600007      -3.81286306E-40
  0.161699995      -8.27709168E-40
  0.162799999      -8.45106288E-40
  0.163900003       1.12538280E-40
  0.164999992       2.11028262E-39
  0.166099995       4.08198523E-39
  0.167199999       3.71947632E-39
  0.168300003      -1.33959649E-39
  0.169400007      -1.08741083E-38
  0.170499995      -1.93247018E-38
  0.171599999      -1.59216036E-38
  0.172700003       9.16300518E-39
  0.173799992       5.27662468E-38
  0.174899995       8.76968676E-38
  0.175999999       6.61057562E-38
  0.177100003      -5.07646825E-38
  0.178200006      -2.40766013E-37
  0.179299995      -3.79930174E-37
  0.180399999      -2.67766187E-37
  0.181500003       2.40617901E-37
  0.182599992       1.02739006E-36
  0.183699995       1.57105100E-36
  0.184799999       1.07979764E-36
  0.185900003      -9.75432337E-37
  0.187000006      -4.08683563E-36
  0.188099995      -6.23399437E-36
  0.189199999      -4.43503063E-36
  0.190300003       3.28972756E-36
  0.191399992       1.51517965E-35
  0.192499995       2.38976265E-35
  0.193599999       1.86457367E-35
  0.194700003      -8.40780083E-36
  0.195800006      -5.23062614E-35
  0.196899995      -8.87250336E-35
  0.197999999      -7.87881976E-35
  0.199100003       9.36944834E-36
  0.200199991       1.66937957E-34
  0.201299995       3.17473680E-34
  0.202399999       3.25218742E-34
  0.203500003       6.10642166E-35
  0.204600006      -4.82009438E-34
  0.205699995      -1.08082876E-33
  0.206799999      -1.27873150E-33
  0.207900003      -5.75895529E-34
  0.208999991       1.18913651E-33
  0.210099995       3.43159458E-33
  0.211199999       4.70406831E-33
  0.212300003       3.19663787E-33
  0.213400006      -2.08001889E-33
  0.214499995      -9.86841907E-33
  0.215599999      -1.59587655E-32
  0.216700003      -1.42934456E-32
  0.217799991      -3.20292364E-34
  0.218899995       2.44121877E-32
  0.219999999       4.90740445E-32
  0.221100003       5.51507449E-32
  0.222200006       2.48386570E-32
  0.223299995      -4.54301942E-32
  0.224399999      -1.32790495E-31
  0.225500003      -1.86617675E-31
  0.226599991      -1.45886431E-31
  0.227699995       2.51375823E-32
  0.228799999       2.95962277E-31
  0.229900002       5.48102171E-31
  0.231000006       5.98680260E-31
  0.232099995       2.81200842E-31
  0.233199999      -4.34775770E-31
  0.234300002      -1.33896029E-30
  0.235399991      -1.96609913E-30
  0.236499995      -1.73453257E-30
  0.237599999      -2.41208361E-31
  0.238700002       2.37719339E-30
  0.239800006       5.19850659E-30
  0.240899995       6.60058171E-30
  0.241999999       4.82004669E-30
  0.243100002      -1.07043017E-30
  0.244199991      -1.00969104E-29
  0.245299995      -1.88019693E-29
  0.246399999      -2.17692300E-29
  0.247500002      -1.36067236E-29
  0.248600006       7.88401240E-30
  0.249699995       3.84646217E-29
  0.250800014       6.59529955E-29
  0.251899987       7.23726015E-29
  0.252999991       4.07303278E-29
  0.254099995      -3.46401070E-29
  0.255199999      -1.37891914E-28
  0.256300002      -2.27501052E-28
  0.257400006      -2.44050881E-28
  0.258500010      -1.32736909E-28
  0.259599984       1.23229195E-28
  0.260699987       4.70392019E-28
  0.261799991       7.72376100E-28
  0.262899995       8.34964009E-28
  0.263999999       4.77238122E-28
  0.265100002      -3.62801001E-28
  0.266200006      -1.52444876E-27
  0.267300010      -2.57820082E-27
  0.268400013      -2.89478788E-27
  0.269499987      -1.85901640E-27
  0.270599991       7.99193086E-28
  0.271699995       4.66077358E-27
  0.272799999       8.42952034E-27
  0.273900002       1.00859395E-26
  0.275000006       7.50086158E-27
  0.276100010      -5.39700122E-28
  0.277199984      -1.31792526E-26
  0.278299987      -2.67135173E-26
  0.279399991      -3.47958071E-26
  0.280499995      -3.00840334E-26
  0.281599998      -7.33055159E-27
  0.282700002       3.27891730E-26
  0.283800006       8.05697107E-26
  0.284900010       1.16826097E-25
  0.286000013       1.16829141E-25
  0.287099987       5.91834081E-26
  0.288199991      -6.18504544E-26
  0.289299995      -2.24565404E-25
  0.290399998      -3.74502791E-25
  0.291500002      -4.31824284E-25
  0.292600006      -3.14893601E-25
  0.293700010       2.19516293E-26
  0.294799984       5.46333311E-25
  0.295899987       1.11877319E-24
  0.296999991       1.49728679E-24
  0.298099995       1.39231001E-24
  0.299199998       5.74114133E-25
  0.300300002      -9.87418280E-25
  0.301400006      -2.99692321E-24
  0.302500010      -4.78618951E-24
  0.303600013      -5.40972883E-24
  0.304699987      -3.91847840E-24
  0.305799991       2.14476785E-25
  0.306899995       6.62242813E-24
  0.307999998       1.37142474E-23
  0.309100002       1.87035008E-23
  0.310200006       1.81816078E-23
  0.311300009       9.27654907E-24
  0.312399983      -8.79265390E-24
  0.313499987      -3.32283170E-23
  0.314599991      -5.69077000E-23
  0.315699995      -6.91040386E-23
  0.316799998      -5.81359185E-23
  0.317900002      -1.58536130E-23
  0.319000006       5.69654635E-23
  0.320100009       1.46108753E-22
  0.321200013       2.22669811E-22
  0.322299987       2.47292394E-22
  0.323399991       1.81028002E-22
  0.324499995       1.80771519E-24
  0.325599998      -2.77354836E-22
  0.326700002      -5.94968033E-22
  0.327800006      -8.40534450E-22
  0.328900009      -8.73653582E-22
  0.329999983      -5.65463423E-22
  0.331099987       1.42962599E-22
  0.332199991       1.17983552E-21
  0.333299994       2.30265070E-21
  0.334399998       3.10539051E-21
  0.335500002       3.09453417E-21
  0.336600006       1.83917430E-21
  0.337700009      -8.26207827E-22
  0.338800013      -4.59871869E-21
  0.339899987      -8.58191000E-21
  0.340999991      -1.13269630E-20
  0.342099994      -1.11088741E-20
  0.343199998      -6.44969768E-21
  0.344300002       3.18667756E-21
  0.345400006       1.67070757E-20
  0.346500009       3.09713482E-20
  0.347599983       4.09331651E-20
  0.348699987       4.05735709E-20
  0.349799991       2.46659766E-20
  0.350899994      -8.87396534E-21
  0.351999998      -5.66237506E-20
  0.353100002      -1.08143306E-19
  0.354200006      -1.46293741E-19
  0.355300009      -1.50150755E-19
  0.356400013      -1.00751885E-19
  0.357499987       1.10544369E-20
  0.358599991       1.76422645E-19
  0.359699994       3.62735087E-19
  0.360799998       5.13550069E-19
  0.361900002       5.56910825E-19
  0.363000005       4.23236757E-19
  0.364100009       7.10030318E-20
  0.365199983      -4.84957485E-19
  0.366299987      -1.15115014E-18
  0.367399991      -1.74964106E-18
  0.368499994      -2.03851610E-18
  0.369599998      -1.76439982E-18
  0.370700002      -7.43525511E-19
  0.371800005       1.04218450E-18
  0.372900009       3.35963314E-18
  0.374000013       5.68307657E-18
  0.375099987       7.23086881E-18
  0.376199991       7.10535077E-18
  0.377299994       4.53586061E-18
  0.378399998      -8.06754938E-19
  0.379500002      -8.49416468E-18
  0.380600005      -1.71254858E-17
  0.381700009      -2.43277425E-17
  0.382799983      -2.70715998E-17
  0.383899987      -2.23415114E-17
  0.384999990      -8.10948930E-18
  0.386099994       1.55683084E-17
  0.387199998       4.56034300E-17
  0.388300002       7.54667445E-17
  0.389400005       9.56574623E-17
  0.390500009       9.53122434E-17
  0.391600013       6.49597574E-17
  0.392699987       7.30123569E-20
  0.393799990      -9.53262393E-17
  0.394899994      -2.06060471E-16
  0.395999998      -3.05386585E-16
  0.397100002      -3.57940162E-16
  0.398200005      -3.26491761E-16
  0.399300009      -1.82216070E-16
  0.400399983       8.30724254E-17
  0.401499987       4.45428422E-16
  0.402599990       8.41777796E-16
  0.403699994       1.17123396E-15
  0.404799998       1.30792803E-15
  0.405900002       1.12640877E-15
  0.407000005       5.37671263E-16
  0.408100009      -4.70040288E-16
  0.409200013      -1.79487912E-15
  0.410299987      -3.20170915E-15
  0.411399990      -4.33139318E-15
  0.412499994      -4.74851625E-15
  0.413599998      -4.02855392E-15
  0.414700001      -1.87877773E-15
  0.415800005       1.72766102E-15
  0.416900009       6.43448790E-15
  0.417999983       1.14406784E-14
  0.419099987       1.55316789E-14
  0.420199990       1.72321924E-14
  0.421299994       1.50867732E-14
  0.422399998       8.04829531E-15
  0.423500001      -4.08832607E-15
  0.424600005      -2.02983873E-14
  0.425700009      -3.81010294E-14
  0.426800013      -5.36140482E-14
  0.427899987      -6.19767028E-14
  0.428999990      -5.81789391E-14
  0.430099994      -3.82452621E-14
  0.431199998      -6.07730840E-16
  0.432300001       5.26021623E-14
  0.433400005       1.14652726E-13
  0.434500009       1.74077373E-13
  0.435599983       2.15637607E-13
  0.436699986       2.22469368E-13
  0.437799990       1.79435622E-13
  0.438899994       7.72445462E-14
  0.439999998      -8.32879772E-14
  0.441100001      -2.87776991E-13
  0.442200005      -5.06610162E-13
  0.443300009      -6.96074817E-13
  0.444400012      -8.03004906E-13
  0.445499986      -7.73107977E-13
  0.446599990      -5.62203387E-13
  0.447699994      -1.49088044E-13
  0.448799998       4.52076283E-13
  0.449900001       1.18274802E-12
  0.451000005       1.93716549E-12
  0.452100009       2.56821582E-12
  0.453199983       2.90367990E-12
  0.454299986       2.77221041E-12
  0.455399990       2.03698321E-12
  0.456499994       6.33523507E-13
  0.457599998      -1.39542815E-12
  0.458700001      -3.87488652E-12
  0.459800005      -6.48918679E-12
  0.460900009      -8.79743587E-12
  0.462000012      -1.02759138E-11
  0.463099986      -1.03857574E-11
  0.464199990      -8.66326108E-12
  0.465299994      -4.81936453E-12
  0.466399997       1.16220185E-12
  0.467500001       8.94846783E-12
  0.468600005       1.78145901E-11
  0.469700009       2.66546403E-11
  0.470799983       3.40543149E-11
  0.471899986       3.84206382E-11
  0.472999990       3.81671014E-11
  0.474099994       3.19317107E-11
  0.475199997       1.88096500E-11
  0.476300001      -1.43932706E-12
  0.477400005      -2.82284578E-11
  0.478500009      -6.00720862E-11
  0.479600012      -9.45944781E-11
  0.480699986      -1.28670186E-10
  0.481799990      -1.58621227E-10
  0.482899994      -1.80517976E-10
  0.483999997      -1.90485600E-10
  0.485100001      -1.84979310E-10
  0.486200005      -1.61050451E-10
  0.487300009      -1.16472623E-10
  0.488399982      -4.96844996E-11
  0.489499986       4.04090615E-11
  0.490599990       1.54811594E-10
  0.491699994       2.94854891E-10
  0.492799997       4.62875405E-10
  0.493900001       6.62843724E-10
  0.495000005       9.01360264E-10
  0.496100008       1.18769372E-09
  0.497200012       1.53517699E-09
  0.498299986       1.96129823E-09
  0.499399990       2.48875653E-09
  0.500500023       3.14550830E-09
  0.501600027       3.96588185E-09
  0.502699971       4.99116393E-09
  0.503799975       6.26971897E-09
  0.504899979       7.85970489E-09
  0.505999982       9.83193083E-09
  0.507099986       1.22670532E-08
  0.508199990       1.52630584E-08
  0.509299994       1.89336742E-08
  0.510399997       2.34107862E-08
  0.511500001       2.88521154E-08
  0.512600005       3.54463481E-08
  0.513700008       4.34094751E-08
  0.514800012       5.29917763E-08
  0.515900016       6.44831601E-08
  0.517000020       7.82137590E-08
  0.518100023       9.45832426E-08
  0.519199967       1.14022363E-07
  0.520299971       1.37022511E-07
  0.521399975       1.64147764E-07
  0.522499979       1.96053662E-07
  0.523599982       2.33409054E-07
  0.524699986       2.77030551E-07
  0.525799990       3.27789337E-07
  0.526899993       3.86643393E-07
  0.527999997       4.54672943E-07
  0.529100001       5.32993170E-07
  0.530200005       6.22789628E-07
  0.531300008       7.25428208E-07
  0.532400012       8.42275995E-07
  0.533500016       9.74869295E-07
  0.534600019       1.12485873E-06
  0.535700023       1.29371563E-06
  0.536800027       1.48301672E-06
  0.537899971       1.69444797E-06
  0.538999975       1.92976427E-06
  0.540099978       2.19068534E-06
  0.541199982       2.47866478E-06
  0.542299986       2.79517008E-06
  0.543399990       3.14160047E-06
  0.544499993       3.51894369E-06
  0.545599997       3.92797619E-06
  0.546700001       4.36988239E-06
  0.547800004       4.84444035E-06
  0.548900008       5.35170739E-06
