   0.00000000       0.00000000    
   1.09999999E-03   0.00000000    
   2.19999999E-03   0.00000000    
   3.29999998E-03   0.00000000    
   4.39999998E-03   0.00000000    
   5.49999997E-03   0.00000000    
   6.59999996E-03   0.00000000    
   7.69999996E-03   0.00000000    
   8.79999995E-03   0.00000000    
   9.89999995E-03   0.00000000    
   1.09999999E-02   0.00000000    
   1.20999999E-02   0.00000000    
   1.31999999E-02   0.00000000    
   1.42999999E-02   0.00000000    
   1.53999999E-02   0.00000000    
   1.64999999E-02   0.00000000    
   1.75999999E-02   0.00000000    
   1.86999999E-02   0.00000000    
   1.97999999E-02   0.00000000    
   2.08999999E-02   0.00000000    
   2.19999999E-02   0.00000000    
   2.30999999E-02   0.00000000    
   2.41999999E-02   0.00000000    
   2.52999999E-02   0.00000000    
   2.63999999E-02   0.00000000    
   2.74999999E-02   0.00000000    
   2.85999998E-02   0.00000000    
   2.96999998E-02   0.00000000    
   3.07999998E-02   0.00000000    
   3.18999998E-02   0.00000000    
   3.29999998E-02  -0.00000000    
   3.40999998E-02  -1.40129846E-45
   3.51999998E-02   2.80259693E-45
   3.62999998E-02   8.40779079E-45
   3.73999998E-02  -0.00000000    
   3.84999998E-02  -5.32493416E-44
   3.95999998E-02  -1.24715563E-43
   4.06999998E-02   4.48415509E-44
   4.17999998E-02   8.96831017E-43
   4.28999998E-02   1.88054254E-42
   4.39999998E-02  -1.03976346E-42
   4.50999998E-02  -1.35029120E-41
   4.61999997E-02  -2.41948193E-41
   4.72999997E-02   2.06607446E-41
   4.83999997E-02   1.68359004E-40
   4.94999997E-02   2.46695792E-40
   5.05999997E-02  -2.85926544E-40
   5.16999997E-02  -1.67540365E-39
   5.27999997E-02  -2.11162787E-39
   5.38999997E-02   2.69157906E-39
   5.49999997E-02   1.36506173E-38
   5.60999997E-02   1.66725020E-38
   5.71999997E-02  -1.75644383E-38
   5.82999997E-02  -9.48859099E-38
   5.93999997E-02  -1.26729622E-37
   6.04999997E-02   7.45786737E-38
   6.15999997E-02   5.76132138E-37
   6.27000034E-02   8.97043566E-37
   6.37999997E-02  -9.34793874E-38
   6.48999959E-02  -3.02190440E-36
   6.59999996E-02  -5.58815622E-36
   6.71000034E-02  -1.70354666E-36
   6.81999996E-02   1.29755334E-35
   6.92999959E-02   2.92412973E-35
   7.03999996E-02   1.95751937E-35
   7.15000033E-02  -3.95982807E-35
   7.25999996E-02  -1.21749141E-34
   7.36999959E-02  -1.30078644E-34
   7.47999996E-02   3.62444025E-35
   7.59000033E-02   3.50949578E-34
   7.69999996E-02   5.97792785E-34
   7.80999959E-02   4.77763424E-34
   7.91999996E-02  -2.24128133E-34
   8.03000033E-02  -1.60665447E-33
   8.13999996E-02  -3.55544209E-33
   8.24999958E-02  -4.89078861E-33
   8.35999995E-02  -1.79665110E-33
   8.47000033E-02   1.16989577E-32
   8.57999995E-02   3.60678577E-32
   8.68999958E-02   5.07689839E-32
   8.79999995E-02   6.40977821E-33
   8.91000032E-02  -1.41635032E-31
   9.01999995E-02  -3.38096790E-31
   9.12999958E-02  -3.32772436E-31
   9.23999995E-02   2.36279725E-31
   9.35000032E-02   1.41373800E-30
   9.45999995E-02   2.31896015E-30
   9.56999958E-02   1.09898462E-30
   9.67999995E-02  -3.63742790E-30
   9.79000032E-02  -1.00437141E-29
   9.89999995E-02  -1.12929897E-29
  0.100099996       1.28734283E-30
  0.101199999       2.86557642E-29
  0.102300003       5.34738181E-29
  0.103399999       4.10990742E-29
  0.104499996      -3.66685807E-29
  0.105599999      -1.60378349E-28
  0.106700003      -2.35466602E-28
  0.107799999      -1.23765073E-28
  0.108899996       2.45260052E-28
  0.109999999       7.32016264E-28
  0.111100003       9.37404415E-28
  0.112199999       3.77306889E-28
  0.113299996      -1.11020858E-27
  0.114399999      -2.93240071E-27
  0.115500003      -3.65857934E-27
  0.116599999      -1.61083355E-27
  0.117699996       3.86988929E-27
  0.118799999       1.09821256E-26
  0.119900003       1.48375661E-26
  0.120999999       8.86924944E-27
  0.122099996      -1.09616260E-26
  0.123199999      -4.00543447E-26
  0.124300003      -6.08562616E-26
  0.125400007      -4.63686092E-26
  0.126499996       2.39314021E-26
  0.127599999       1.38886715E-25
  0.128700003       2.36461352E-25
  0.129799992       2.14081960E-25
  0.130899996      -1.50653097E-26
  0.131999999      -4.31769754E-25
  0.133100003      -8.39005933E-25
  0.134200007      -8.86189479E-25
  0.135299996      -2.42806801E-25
  0.136399999       1.11372615E-24
  0.137500003       2.65165279E-24
  0.138599992       3.30592909E-24
  0.139699996       1.92465968E-24
  0.140799999      -1.92924592E-24
  0.141900003      -7.18611343E-24
  0.143000007      -1.10414076E-23
  0.144099995      -9.77164449E-24
  0.145199999      -6.81592931E-25
  0.146300003       1.53784142E-23
  0.147399992       3.21955592E-23
  0.148499995       3.87586327E-23
  0.149599999       2.34741813E-23
  0.150700003      -1.83268008E-23
  0.151800007      -7.65582882E-23
  0.152899995      -1.23463219E-22
  0.153999999      -1.20797867E-22
  0.155100003      -3.84662966E-23
  0.156199992       1.21072718E-22
  0.157299995       3.05312243E-22
  0.158399999       4.15977311E-22
  0.159500003       3.43549555E-22
  0.160600007       2.58206591E-23
  0.161699995      -4.92678749E-22
  0.162799999      -1.03294462E-21
  0.163900003      -1.31235839E-21
  0.164999992      -1.04006209E-21
  0.166099995      -5.60425909E-23
  0.167199999       1.52893381E-21
  0.168300003       3.24776493E-21
  0.169400007       4.30444556E-21
  0.170499995       3.76652976E-21
  0.171599999       9.40494764E-22
  0.172700003      -4.12904490E-21
  0.173799992      -1.02128299E-20
  0.174899995      -1.47835868E-20
  0.175999999      -1.45228407E-20
  0.177100003      -6.57131343E-21
  0.178200006       9.69284991E-21
  0.179299995       3.09827058E-20
  0.180399999       4.94804999E-20
  0.181500003       5.41782396E-20
  0.182599992       3.45788929E-20
  0.183699995      -1.38188260E-20
  0.184799999      -8.39990797E-20
  0.185900003      -1.54484316E-19
  0.187000006      -1.91660850E-19
  0.188099995      -1.58969858E-19
  0.189199999      -3.22827041E-20
  0.190300003       1.82307893E-19
  0.191399992       4.35010200E-19
  0.192499995       6.31404746E-19
  0.193599999       6.50951076E-19
  0.194700003       3.86699362E-19
  0.195800006      -2.00301062E-19
  0.196899995      -1.02804478E-18
  0.197999999      -1.86526168E-18
  0.199100003      -2.35215652E-18
  0.200199991      -2.08624939E-18
  0.201299995      -7.70439641E-19
  0.202399999       1.60630472E-18
  0.203500003       4.61409700E-18
  0.204600006       7.32960688E-18
  0.205699995       8.45965223E-18
  0.206799999       6.67934283E-18
  0.207900003       1.15608624E-18
  0.208999991      -7.85790645E-18
  0.210099995      -1.85657562E-17
  0.211199999      -2.75478358E-17
  0.212300003      -3.02845447E-17
  0.213400006      -2.23744564E-17
  0.214499995      -1.31774173E-18
  0.215599999       3.15404695E-17
  0.216700003       6.95769076E-17
  0.217799991       1.00760935E-16
  0.218899995       1.09516238E-16
  0.219999999       8.08445038E-17
  0.221100003       6.26602135E-18
  0.222200006      -1.09761163E-16
  0.223299995      -2.45080751E-16
  0.224399999      -3.59287077E-16
  0.225500003      -3.99561985E-16
  0.226599991      -3.13796352E-16
  0.227699995      -6.97031883E-17
  0.228799999       3.24125178E-16
  0.229900002       8.01650140E-16
  0.231000006       1.23524085E-15
  0.232099995       1.45092583E-15
  0.233199999       1.26657133E-15
  0.234300002       5.50316723E-16
  0.235399991      -7.11274000E-16
  0.236499995      -2.35371715E-15
  0.237599999      -4.00719387E-15
  0.238700002      -5.12427405E-15
  0.239800006      -5.07786638E-15
  0.240899995      -3.32891190E-15
  0.241999999       3.59827352E-16
  0.243100002       5.71089434E-15
  0.244199991       1.17885268E-14
  0.245299995       1.69975135E-14
  0.246399999       1.92876212E-14
  0.247500002       1.65872666E-14
  0.248600006       7.43152488E-15
  0.249699995      -8.32421375E-15
  0.250800014      -2.88842572E-14
  0.251899987      -5.02078712E-14
  0.252999991      -6.62427199E-14
  0.254099995      -6.98467027E-14
  0.255199999      -5.44087717E-14
  0.256300002      -1.59831526E-14
  0.257400006       4.44641780E-14
  0.258500010       1.19285387E-13
  0.259599984       1.93540916E-13
  0.260699987       2.46162980E-13
  0.261799991       2.53249787E-13
  0.262899995       1.93414051E-13
  0.263999999       5.45413697E-14
  0.265100002      -1.59334636E-13
  0.266200006      -4.22706710E-13
  0.267300010      -6.86905177E-13
  0.268400013      -8.83597557E-13
  0.269499987      -9.34633339E-13
  0.270599991      -7.67880605E-13
  0.271699995      -3.37388022E-13
  0.272799999       3.55769505E-13
  0.273900002       1.24627077E-12
  0.275000006       2.19694098E-12
  0.276100010       3.00503849E-12
  0.277199984       3.42599430E-12
  0.278299987       3.21467224E-12
  0.279399991       2.18038239E-12
  0.280499995       2.48050631E-13
  0.281599998      -2.48619766E-12
  0.282700002      -5.71837022E-12
  0.283800006      -8.93280068E-12
  0.284900010      -1.14405013E-11
  0.286000013      -1.24643715E-11
  0.287099987      -1.12669310E-11
  0.288199991      -7.30674202E-12
  0.289299995      -4.00359758E-13
  0.290399998       9.13835847E-12
  0.291500002       2.04123107E-11
  0.292600006       3.19360614E-11
  0.293700010       4.17274479E-11
  0.294799984       4.75007603E-11
  0.295899987       4.69412877E-11
  0.296999991       3.80314426E-11
  0.298099995       1.93792482E-11
  0.299199998      -9.51104820E-12
  0.300300002      -4.80694616E-11
  0.301400006      -9.46570114E-11
  0.302500010      -1.46723259E-10
  0.303600013      -2.01139758E-10
  0.304699987      -2.54674587E-10
  0.305799991      -3.04540476E-10
  0.306899995      -3.48940904E-10
  0.307999998      -3.87514298E-10
  0.309100002      -4.21614799E-10
  0.310200006      -4.54394439E-10
  0.311300009      -4.90614660E-10
  0.312399983      -5.36216238E-10
  0.313499987      -5.97861538E-10
  0.314599991      -6.82158829E-10
  0.315699995      -7.95368715E-10
  0.316799998      -9.42719236E-10
  0.317900002      -1.12830711E-09
  0.319000006      -1.35475986E-09
  0.320100009      -1.62401825E-09
  0.321200013      -1.93747507E-09
  0.322299987      -2.29631758E-09
  0.323399991      -2.70205125E-09
  0.324499995      -3.15666715E-09
  0.325599998      -3.66178043E-09
  0.326700002      -4.21910462E-09
  0.327800006      -4.82955720E-09
  0.328900009      -5.49162671E-09
  0.329999983      -6.20166052E-09
  0.331099987      -6.94851288E-09
  0.332199991      -7.71701902E-09
  0.333299994      -8.47915249E-09
  0.334399998      -9.20750054E-09
  0.335500002      -9.85298332E-09
  0.336600006      -1.03618421E-08
  0.337700009      -1.06685318E-08
  0.338800013      -1.06765397E-08
  0.339899987      -1.02731086E-08
  0.340999991      -9.33673228E-09
  0.342099994      -7.71117303E-09
  0.343199998      -5.20836574E-09
  0.344300002      -1.59018254E-09
  0.345400006       3.41790884E-09
  0.346500009       1.01234026E-08
  0.347599983       1.88761984E-08
  0.348699987       3.01170680E-08
  0.349799991       4.43178614E-08
  0.350899994       6.20181524E-08
  0.351999998       8.38449310E-08
  0.353100002       1.10454558E-07
  0.354200006       1.42604691E-07
  0.355300009       1.81132663E-07
  0.356400013       2.26897697E-07
  0.357499987       2.80877003E-07
  0.358599991       3.44118092E-07
  0.359699994       4.17737141E-07
  0.360799998       5.02712510E-07
  0.361900002       6.00304077E-07
  0.363000005       7.11823645E-07
  0.364100009       8.38423603E-07
  0.365199983       9.81405037E-07
  0.366299987       1.14192653E-06
  0.367399991       1.32084358E-06
  0.368499994       1.51947006E-06
  0.369599998       1.73854437E-06
  0.370700002       1.97892405E-06
  0.371800005       2.24114297E-06
  0.372900009       2.52514974E-06
  0.374000013       2.83111262E-06
  0.375099987       3.15839929E-06
  0.376199991       3.50670052E-06
  0.377299994       3.87535829E-06
  0.378399998       4.26215729E-06
  0.379500002       4.66519759E-06
  0.380600005       5.08205267E-06
  0.381700009       5.50884124E-06
  0.382799983       5.94187031E-06
  0.383899987       6.37772928E-06
  0.384999990       6.81202209E-06
  0.386099994       7.23910898E-06
  0.387199998       7.65214372E-06
  0.388300002       8.04517549E-06
  0.389400005       8.41149085E-06
  0.390500009       8.74436137E-06
  0.391600013       9.03545515E-06
  0.392699987       9.27835845E-06
  0.393799990       9.46524415E-06
  0.394899994       9.58766668E-06
  0.395999998       9.63866842E-06
  0.397100002       9.61073965E-06
  0.398200005       9.49749210E-06
  0.399300009       9.29275848E-06
  0.400399983       8.99106999E-06
  0.401499987       8.58799376E-06
  0.402599990       8.08048298E-06
  0.403699994       7.46623573E-06
  0.404799998       6.74413104E-06
  0.405900002       5.91469097E-06
  0.407000005       4.97976043E-06
  0.408100009       3.94322387E-06
  0.409200013       2.80986501E-06
  0.410299987       1.58562398E-06
  0.411399990       2.79451825E-07
  0.412499994      -1.09826465E-06
  0.413599998      -2.53590156E-06
  0.414700001      -4.02130036E-06
  0.415800005      -5.54155304E-06
  0.416900009      -7.08224115E-06
  0.417999983      -8.62735396E-06
  0.419099987      -1.01597507E-05
  0.420199990      -1.16624697E-05
  0.421299994      -1.31183415E-05
  0.422399998      -1.45108379E-05
  0.423500001      -1.58245748E-05
  0.424600005      -1.70438452E-05
  0.425700009      -1.81534324E-05
  0.426800013      -1.91389354E-05
  0.427899987      -1.99877159E-05
  0.428999990      -2.06887071E-05
  0.430099994      -2.12331652E-05
  0.431199998      -2.16146072E-05
  0.432300001      -2.18288533E-05
  0.433400005      -2.18710302E-05
  0.434500009      -2.17398483E-05
  0.435599983      -2.14371885E-05
  0.436699986      -2.09680438E-05
  0.437799990      -2.03382915E-05
  0.438899994      -1.95529410E-05
  0.439999998      -1.86225625E-05
  0.441100001      -1.75579717E-05
  0.442200005      -1.63721397E-05
  0.443300009      -1.50805090E-05
  0.444400012      -1.36983563E-05
  0.445499986      -1.22400124E-05
  0.446599990      -1.07226369E-05
  0.447699994      -9.16195768E-06
  0.448799998      -7.57562839E-06
  0.449900001      -5.98107863E-06
  0.451000005      -4.39417499E-06
  0.452100009      -2.83062309E-06
  0.453199983      -1.30434978E-06
  0.454299986       1.71584873E-07
  0.455399990       1.58453884E-06
  0.456499994       2.92203140E-06
  0.457599998       4.17323145E-06
  0.458700001       5.33052298E-06
  0.459800005       6.38913616E-06
  0.460900009       7.34478999E-06
  0.462000012       8.19286015E-06
  0.463099986       8.92911521E-06
  0.464199990       9.55290943E-06
  0.465299994       1.00665193E-05
  0.466399997       1.04733454E-05
  0.467500001       1.07762944E-05
  0.468600005       1.09783878E-05
  0.469700009       1.10841520E-05
  0.470799983       1.10998353E-05
  0.471899986       1.10322553E-05
  0.472999990       1.08882277E-05
  0.474099994       1.06751822E-05
  0.475199997       1.04013416E-05
  0.476300001       1.00747056E-05
  0.477400005       9.70216206E-06
  0.478500009       9.29043017E-06
  0.479600012       8.84702604E-06
  0.480699986       8.38025971E-06
  0.481799990       7.89695423E-06
  0.482899994       7.40251880E-06
  0.483999997       6.90160141E-06
  0.485100001       6.39975951E-06
  0.486200005       5.90278296E-06
  0.487300009       5.41501231E-06
  0.488399982       4.93935158E-06
  0.489499986       4.47835464E-06
  0.490599990       4.03569447E-06
  0.491699994       3.61404068E-06
  0.492799997       3.21442667E-06
  0.493900001       2.83706913E-06
  0.495000005       2.48275524E-06
  0.496100008       2.15269893E-06
  0.497200012       1.84753935E-06
  0.498299986       1.56667170E-06
  0.499399990       1.30899184E-06
  0.500500023       1.07412052E-06
  0.501600027       8.61938020E-07
  0.502699971       6.71773535E-07
  0.503799975       5.01899819E-07
  0.504899979       3.50733472E-07
  0.505999982       2.17098176E-07
  0.507099986       1.00212013E-07
  0.508199990      -1.03226960E-09
  0.509299994      -8.80635511E-08
  0.510399997      -1.62076390E-07
  0.511500001      -2.23954615E-07
  0.512600005      -2.74985865E-07
  0.513700008      -3.16878527E-07
  0.514800012      -3.50938677E-07
  0.515900016      -3.77532444E-07
  0.517000020      -3.96593606E-07
  0.518100023      -4.08916975E-07
  0.519199967      -4.16316709E-07
  0.520299971      -4.20218697E-07
  0.521399975      -4.20968831E-07
  0.522499979      -4.18186204E-07
  0.523599982      -4.12059961E-07
  0.524699986      -4.03657140E-07
  0.525799990      -3.94108355E-07
  0.526899993      -3.83901551E-07
  0.527999997      -3.72670996E-07
  0.529100001      -3.60007817E-07
  0.530200005      -3.46024876E-07
  0.531300008      -3.31350293E-07
  0.532400012      -3.16807075E-07
  0.533500016      -3.03000093E-07
  0.534600019      -2.90088536E-07
  0.535700023      -2.77421037E-07
  0.536800027      -2.64193687E-07
  0.537899971      -2.50267192E-07
  0.538999975      -2.36495737E-07
  0.540099978      -2.24048947E-07
  0.541199982      -2.13176733E-07
  0.542299986      -2.03012746E-07
  0.543399990      -1.92485146E-07
  0.544499993      -1.81450289E-07
  0.545599997      -1.70653863E-07
  0.546700001      -1.60787280E-07
  0.547800004      -1.51982334E-07
  0.548900008      -1.43804954E-07
