   0.00000000       0.00000000    
   1.09999999E-03   0.00000000    
   2.19999999E-03   0.00000000    
   3.29999998E-03   0.00000000    
   4.39999998E-03   0.00000000    
   5.49999997E-03   0.00000000    
   6.59999996E-03   0.00000000    
   7.69999996E-03   0.00000000    
   8.79999995E-03   0.00000000    
   9.89999995E-03   0.00000000    
   1.09999999E-02   0.00000000    
   1.20999999E-02   0.00000000    
   1.31999999E-02   2.80554898E-30
   1.42999999E-02  -5.74908294E-30
   1.53999999E-02  -7.18976431E-29
   1.64999999E-02   6.36661463E-29
   1.75999999E-02   1.02281527E-27
   1.86999999E-02   4.36846460E-28
   1.97999999E-02  -8.78920394E-27
   2.08999999E-02  -1.54259408E-26
   2.19999999E-02   3.86319422E-26
   2.30999999E-02   1.55321141E-25
   2.41999999E-02   3.26352465E-26
   2.52999999E-02  -7.47205845E-25
   2.63999999E-02  -1.46768301E-24
   2.74999999E-02   6.71627547E-25
   2.85999998E-02   7.53558354E-24
   2.96999998E-02   1.20878766E-23
   3.07999998E-02  -5.63190007E-24
   3.18999998E-02  -5.93579145E-23
   3.29999998E-02  -1.02827224E-22
   3.40999998E-02   1.11048013E-23
   3.51999998E-02   4.07309661E-22
   3.62999998E-02   7.91739074E-22
   3.73999998E-02   1.63929032E-22
   3.84999998E-02  -2.32418506E-21
   3.95999998E-02  -4.98802713E-21
   4.06999998E-02  -2.33827218E-21
   4.17999998E-02   1.01446577E-20
   4.28999998E-02   2.51572588E-20
   4.39999998E-02   1.89687103E-20
   4.50999998E-02  -2.96793309E-20
   4.61999997E-02  -1.00371336E-19
   4.72999997E-02  -1.11658552E-19
   4.83999997E-02   2.82110142E-20
   4.94999997E-02   3.02479994E-19
   5.05999997E-02   4.91929325E-19
   5.16999997E-02   2.49370527E-19
   5.27999997E-02  -5.85530808E-19
   5.38999997E-02  -1.58463848E-18
   5.49999997E-02  -1.67618194E-18
   5.60999997E-02   1.21777245E-19
   5.71999997E-02   3.37750852E-18
   5.82999997E-02   5.59089598E-18
   5.93999997E-02   3.66947246E-18
   6.04999997E-02  -2.86693480E-18
   6.15999997E-02  -1.00970273E-17
   6.27000034E-02  -1.23590536E-17
   6.37999997E-02  -7.61950390E-18
   6.48999959E-02   8.96070179E-19
   6.59999996E-02   1.01761124E-17
   6.71000034E-02   2.31112658E-17
   6.81999996E-02   4.30327181E-17
   6.92999959E-02   5.78608537E-17
   7.03999996E-02   3.34852903E-17
   7.15000033E-02  -6.30790796E-17
   7.25999996E-02  -2.16530434E-16
   7.36999959E-02  -3.29477367E-16
   7.47999996E-02  -2.46528251E-16
   7.59000033E-02   1.44333077E-16
   7.69999996E-02   7.64022501E-16
   7.80999959E-02   1.24807690E-15
   7.91999996E-02   1.05388856E-15
   8.03000033E-02  -1.56779115E-16
   8.13999996E-02  -2.04445992E-15
   8.24999958E-02  -3.47945443E-15
   8.35999995E-02  -3.14040938E-15
   8.47000033E-02  -5.64269474E-16
   8.57999995E-02   3.23050129E-15
   8.68999958E-02   6.26046075E-15
   8.79999995E-02   6.90927655E-15
   8.91000032E-02   4.87241049E-15
   9.01999995E-02   8.94992059E-16
   9.12999958E-02  -4.17682788E-15
   9.23999995E-02  -9.79412931E-15
   9.35000032E-02  -1.51180863E-14
   9.45999995E-02  -1.82742869E-14
   9.56999958E-02  -1.63877819E-14
   9.67999995E-02  -6.44379171E-15
   9.79000032E-02   1.32964860E-14
   9.89999995E-02   4.10807185E-14
  0.100099996       6.89312770E-14
  0.101199999       8.19301902E-14
  0.102300003       6.29947822E-14
  0.103399999       2.88268838E-15
  0.104499996      -9.07462717E-14
  0.105599999      -1.92247965E-13
  0.106700003      -2.65254588E-13
  0.107799999      -2.72030852E-13
  0.108899996      -1.80950022E-13
  0.109999999       2.39810003E-14
  0.111100003       3.26963066E-13
  0.112199999       6.64352796E-13
  0.113299996       9.25053979E-13
  0.114399999       9.76548920E-13
  0.115500003       7.07086082E-13
  0.116599999       6.61176842E-14
  0.117699996      -9.04580610E-13
  0.118799999      -2.04579734E-12
  0.119900003      -3.06744170E-12
  0.120999999      -3.57186980E-12
  0.122099996      -3.13940996E-12
  0.123199999      -1.47130929E-12
  0.124300003       1.45229412E-12
  0.125400007       5.25750840E-12
  0.126499996       9.15498927E-12
  0.127599999       1.20408284E-11
  0.128700003       1.27178424E-11
  0.129799992       1.01905984E-11
  0.130899996       3.95430260E-12
  0.131999999      -5.78619834E-12
  0.133100003      -1.79812640E-11
  0.134200007      -3.06736789E-11
  0.135299996      -4.10421142E-11
  0.136399999      -4.56424863E-11
  0.137500003      -4.09178941E-11
  0.138599992      -2.39479790E-11
  0.139699996       6.65448946E-12
  0.140799999       4.97912718E-11
  0.141900003       1.00986247E-10
  0.143000007       1.51811438E-10
  0.144099995       1.90060565E-10
  0.145199999       2.00968478E-10
  0.146300003       1.69334047E-10
  0.147399992       8.18696916E-11
  0.148499995      -7.10225351E-11
  0.149599999      -2.94617747E-10
  0.150700003      -5.90476168E-10
  0.151800007      -9.58114699E-10
  0.152899995      -1.39729828E-09
  0.153999999      -1.91053862E-09
  0.155100003      -2.50523624E-09
  0.156199992      -3.19520033E-09
  0.157299995      -4.00187217E-09
  0.158399999      -4.95555375E-09
  0.159500003      -6.09733553E-09
  0.160600007      -7.48091722E-09
  0.161699995      -9.17488308E-09
  0.162799999      -1.12646124E-08
  0.163900003      -1.38523442E-08
  0.164999992      -1.70556671E-08
  0.166099995      -2.10053184E-08
  0.167199999      -2.58450630E-08
  0.168300003      -3.17342987E-08
  0.169400007      -3.88533117E-08
  0.170499995      -4.74125379E-08
  0.171599999      -5.76606816E-08
  0.172700003      -6.98920886E-08
  0.173799992      -8.44540367E-08
  0.174899995      -1.01753244E-07
  0.175999999      -1.22255770E-07
  0.177100003      -1.46495580E-07
  0.178200006      -1.75077361E-07
  0.179299995      -2.08672915E-07
  0.180399999      -2.48034553E-07
  0.181500003      -2.93986318E-07
  0.182599992      -3.47428369E-07
  0.183699995      -4.09360496E-07
  0.184799999      -4.80875656E-07
  0.185900003      -5.63178673E-07
  0.187000006      -6.57587123E-07
  0.188099995      -7.65521520E-07
  0.189199999      -8.88555633E-07
  0.190300003      -1.02834326E-06
  0.191399992      -1.18663172E-06
  0.192499995      -1.36519054E-06
  0.193599999      -1.56576834E-06
  0.194700003      -1.79012136E-06
  0.195800006      -2.04003823E-06
  0.196899995      -2.31735476E-06
  0.197999999      -2.62387152E-06
  0.199100003      -2.96136545E-06
  0.200199991      -3.33151820E-06
  0.201299995      -3.73577018E-06
  0.202399999      -4.17530373E-06
  0.203500003      -4.65094854E-06
  0.204600006      -5.16289037E-06
  0.205699995      -5.71103965E-06
  0.206799999      -6.29450642E-06
  0.207900003      -6.91231071E-06
  0.208999991      -7.56292138E-06
  0.210099995      -8.24416475E-06
  0.211199999      -8.95264930E-06
  0.212300003      -9.68399399E-06
  0.213400006      -1.04337723E-05
  0.214499995      -1.11955105E-05
  0.215599999      -1.19620281E-05
  0.216700003      -1.27247422E-05
  0.217799991      -1.34739348E-05
  0.218899995      -1.41999481E-05
  0.219999999      -1.48922381E-05
  0.221100003      -1.55386970E-05
  0.222200006      -1.61272601E-05
  0.223299995      -1.66438131E-05
  0.224399999      -1.70735802E-05
  0.225500003      -1.74013767E-05
  0.226599991      -1.76129088E-05
  0.227699995      -1.76937665E-05
  0.228799999      -1.76287194E-05
  0.229900002      -1.74034958E-05
  0.231000006      -1.70050444E-05
  0.232099995      -1.64217763E-05
  0.233199999      -1.56413753E-05
  0.234300002      -1.46542861E-05
  0.235399991      -1.34536458E-05
  0.236499995      -1.20359346E-05
  0.237599999      -1.03978473E-05
  0.238700002      -8.53867732E-06
  0.239800006      -6.46325589E-06
  0.240899995      -4.17737601E-06
  0.241999999      -1.69098462E-06
  0.243100002       9.84756980E-07
  0.244199991       3.83006909E-06
  0.245299995       6.82525615E-06
  0.246399999       9.94686525E-06
  0.247500002       1.31701718E-05
  0.248600006       1.64644880E-05
  0.249699995       1.97950012E-05
  0.250800014       2.31273225E-05
  0.251899987       2.64243226E-05
  0.252999991       2.96513299E-05
  0.254099995       3.27708040E-05
  0.255199999       3.57435420E-05
  0.256300002       3.85299973E-05
  0.257400006       4.10921020E-05
  0.258500010       4.33930436E-05
  0.259599984       4.53989524E-05
  0.260699987       4.70786472E-05
  0.261799991       4.84059019E-05
  0.262899995       4.93582484E-05
  0.263999999       4.99173184E-05
  0.265100002       5.00680544E-05
  0.266200006       4.98000009E-05
  0.267300010       4.91096580E-05
  0.268400013       4.80010094E-05
  0.269499987       4.64807745E-05
  0.270599991       4.45601581E-05
  0.271699995       4.22558951E-05
  0.272799999       3.95920069E-05
  0.273900002       3.65978631E-05
  0.275000006       3.33082389E-05
  0.276100010       2.97573515E-05
  0.277199984       2.59850403E-05
  0.278299987       2.20320526E-05
  0.279399991       1.79425260E-05
  0.280499995       1.37623811E-05
  0.281599998       9.53538711E-06
  0.282700002       5.31034084E-06
  0.283800006       1.13152396E-06
  0.284900010      -2.95494920E-06
  0.286000013      -6.91025343E-06
  0.287099987      -1.07009319E-05
  0.288199991      -1.42903073E-05
  0.289299995      -1.76425510E-05
  0.290399998      -2.07273697E-05
  0.291500002      -2.35266798E-05
  0.292600006      -2.60255874E-05
  0.293700010      -2.82101664E-05
  0.294799984      -3.00655793E-05
  0.295899987      -3.15828693E-05
  0.296999991      -3.27638118E-05
  0.298099995      -3.36210178E-05
  0.299199998      -3.41628729E-05
  0.300300002      -3.43963875E-05
  0.301400006      -3.43336869E-05
  0.302500010      -3.39940379E-05
  0.303600013      -3.34009819E-05
  0.304699987      -3.25764122E-05
  0.305799991      -3.15416837E-05
  0.306899995      -3.03226043E-05
  0.307999998      -2.89470372E-05
  0.309100002      -2.74389186E-05
  0.310200006      -2.58189939E-05
  0.311300009      -2.41117123E-05
  0.312399983      -2.23478382E-05
  0.313499987      -2.05561482E-05
  0.314599991      -1.87550704E-05
  0.315699995      -1.69558843E-05
  0.316799998      -1.51733120E-05
  0.317900002      -1.34291113E-05
  0.319000006      -1.17441459E-05
  0.320100009      -1.01295400E-05
  0.321200013      -8.58924977E-06
  0.322299987      -7.12870860E-06
  0.323399991      -5.75785452E-06
  0.324499995      -4.48542687E-06
  0.325599998      -3.31501406E-06
  0.326700002      -2.24595237E-06
  0.327800006      -1.27716055E-06
  0.328900009      -4.07437938E-07
  0.329999983       3.67616735E-07
  0.331099987       1.05360527E-06
  0.332199991       1.65315555E-06
  0.333299994       2.16499620E-06
  0.334399998       2.59086460E-06
  0.335500002       2.93981770E-06
  0.336600006       3.22498045E-06
  0.337700009       3.45264698E-06
  0.338800013       3.62280366E-06
  0.339899987       3.73673583E-06
  0.340999991       3.80324605E-06
  0.342099994       3.83382030E-06
  0.343199998       3.83509177E-06
  0.344300002       3.80703250E-06
  0.345400006       3.74979777E-06
  0.346500009       3.66807853E-06
  0.347599983       3.56912960E-06
  0.348699987       3.45769104E-06
  0.349799991       3.33577600E-06
  0.350899994       3.20676168E-06
  0.351999998       3.07503819E-06
  0.353100002       2.94165443E-06
  0.354200006       2.80530003E-06
  0.355300009       2.66575626E-06
  0.356400013       2.52760060E-06
  0.357499987       2.39585938E-06
  0.358599991       2.27011219E-06
  0.359699994       2.14564352E-06
  0.360799998       2.02084289E-06
  0.361900002       1.90052447E-06
  0.363000005       1.78983828E-06
  0.364100009       1.68824727E-06
  0.365199983       1.59131503E-06
  0.366299987       1.49725452E-06
  0.367399991       1.40878183E-06
  0.368499994       1.32794730E-06
  0.369599998       1.25240922E-06
  0.370700002       1.17854540E-06
  0.371800005       1.10730241E-06
  0.372900009       1.04256208E-06
  0.374000013       9.85406928E-07
  0.375099987       9.32092973E-07
  0.376199991       8.79238257E-07
  0.377299994       8.28463953E-07
  0.378399998       7.83697772E-07
  0.379500002       7.45151624E-07
  0.380600005       7.08830783E-07
  0.381700009       6.72331566E-07
  0.382799983       6.37179824E-07
  0.383899987       6.05134630E-07
  0.384999990       5.74961405E-07
  0.386099994       5.45072510E-07
  0.387199998       5.17451326E-07
  0.388300002       4.95621009E-07
  0.389400005       4.78347147E-07
  0.390500009       4.59606582E-07
  0.391600013       4.36098475E-07
  0.392699987       4.12072950E-07
  0.393799990       3.94099715E-07
  0.394899994       3.82146993E-07
  0.395999998       3.69613247E-07
  0.397100002       3.52102745E-07
  0.398200005       3.33019528E-07
  0.399300009       3.18413299E-07
  0.400399983       3.09220042E-07
  0.401499987       3.01240988E-07
  0.402599990       2.91398720E-07
  0.403699994       2.80465002E-07
  0.404799998       2.69428000E-07
  0.405900002       2.57440831E-07
  0.407000005       2.44512393E-07
  0.408100009       2.33892152E-07
  0.409200013       2.28133914E-07
  0.410299987       2.24367767E-07
  0.411399990       2.17126910E-07
  0.412499994       2.05938903E-07
  0.413599998       1.96592879E-07
  0.414700001       1.93059876E-07
  0.415800005       1.91637312E-07
  0.416900009       1.85794306E-07
  0.417999983       1.75219100E-07
  0.419099987       1.66095631E-07
  0.420199990       1.62376296E-07
  0.421299994       1.60675569E-07
  0.422399998       1.55995508E-07
  0.423500001       1.48797909E-07
  0.424600005       1.43454685E-07
  0.425700009       1.41097885E-07
  0.426800013       1.38380344E-07
  0.427899987       1.33370023E-07
  0.428999990       1.28595474E-07
  0.430099994       1.26375099E-07
  0.431199998       1.24467292E-07
  0.432300001       1.19529389E-07
  0.433400005       1.13033359E-07
  0.434500009       1.09620885E-07
  0.435599983       1.09915383E-07
  0.436699986       1.08984658E-07
  0.437799990       1.03567267E-07
  0.438899994       9.72001644E-08
  0.439999998       9.50495433E-08
  0.441100001       9.60778266E-08
  0.442200005       9.45289926E-08
  0.443300009       8.86223930E-08
  0.444400012       8.32513507E-08
  0.445499986       8.25188806E-08
  0.446599990       8.36950775E-08
  0.447699994       8.17201737E-08
  0.448799998       7.70454065E-08
  0.449900001       7.46179438E-08
  0.451000005       7.57645680E-08
  0.452100009       7.57597078E-08
  0.453199983       7.11176114E-08
  0.454299986       6.52869545E-08
  0.455399990       6.37067643E-08
  0.456499994       6.59125803E-08
  0.457599998       6.65969324E-08
  0.458700001       6.36401012E-08
  0.459800005       6.07296258E-08
  0.460900009       6.08015966E-08
  0.462000012       6.14091178E-08
  0.463099986       5.91874105E-08
  0.464199990       5.58548479E-08
  0.465299994       5.53691812E-08
  0.466399997       5.68199994E-08
  0.467500001       5.49018360E-08
  0.468600005       4.83908025E-08
  0.469700009       4.34186695E-08
  0.470799983       4.53200606E-08
  0.471899986       5.05155988E-08
  0.472999990       5.10014893E-08
  0.474099994       4.54072584E-08
  0.475199997       4.06055527E-08
  0.476300001       4.16451016E-08
  0.477400005       4.49162947E-08
  0.478500009       4.41348114E-08
  0.479600012       3.95033091E-08
  0.480699986       3.64497872E-08
  0.481799990       3.70246376E-08
  0.482899994       3.75972853E-08
  0.483999997       3.56552796E-08
  0.485100001       3.40179156E-08
  0.486200005       3.56208396E-08
  0.487300009       3.78432112E-08
  0.488399982       3.62674406E-08
  0.489499986       3.21690692E-08
  0.490599990       3.11787467E-08
  0.491699994       3.44594326E-08
  0.492799997       3.63073944E-08
  0.493900001       3.26752669E-08
  0.495000005       2.78534706E-08
  0.496100008       2.84069088E-08
  0.497200012       3.30779280E-08
  0.498299986       3.41077637E-08
  0.499399990       2.86610025E-08
  0.500500023       2.33650219E-08
  0.501600027       2.48463063E-08
  0.502699971       3.01131493E-08
  0.503799975       3.08860209E-08
  0.504899979       2.52423451E-08
  0.505999982       1.97501091E-08
  0.507099986       1.98788115E-08
  0.508199990       2.32787034E-08
  0.509299994       2.48052459E-08
  0.510399997       2.39056579E-08
  0.511500001       2.32566286E-08
  0.512600005       2.27393908E-08
  0.513700008       1.99743990E-08
  0.514800012       1.63352034E-08
  0.515900016       1.69045400E-08
  0.517000020       2.24082566E-08
  0.518100023       2.59127866E-08
  0.519199967       2.15662848E-08
  0.520299971       1.39037768E-08
  0.521399975       1.30867512E-08
  0.522499979       2.12247713E-08
  0.523599982       2.87859514E-08
  0.524699986       2.67448250E-08
  0.525799990       1.79462969E-08
  0.526899993       1.25096902E-08
  0.527999997       1.46487249E-08
  0.529100001       1.91131129E-08
  0.530200005       2.00822399E-08
  0.531300008       1.81893505E-08
  0.532400012       1.68607173E-08
  0.533500016       1.61963474E-08
  0.534600019       1.45168206E-08
  0.535700023       1.32634685E-08
  0.536800027       1.53220370E-08
  0.537899971       1.88595717E-08
  0.538999975       1.78882367E-08
  0.540099978       1.09161489E-08
  0.541199982       4.88868457E-09
  0.542299986       6.92837787E-09
  0.543399990       1.45709071E-08
  0.544499993       1.86821918E-08
  0.545599997       1.53824136E-08
  0.546700001       1.03993543E-08
  0.547800004       1.02443822E-08
  0.548900008       1.34993483E-08
