   0.00000000       0.00000000    
   1.09999999E-03   0.00000000    
   2.19999999E-03   0.00000000    
   3.29999998E-03   0.00000000    
   4.39999998E-03   0.00000000    
   5.49999997E-03   0.00000000    
   6.59999996E-03   0.00000000    
   7.69999996E-03   0.00000000    
   8.79999995E-03   0.00000000    
   9.89999995E-03   0.00000000    
   1.09999999E-02   0.00000000    
   1.20999999E-02   9.22084852E-31
   1.31999999E-02  -3.57981627E-30
   1.42999999E-02  -4.11297928E-29
   1.53999999E-02   1.23395972E-29
   1.64999999E-02   6.61899655E-28
   1.75999999E-02   9.44258800E-28
   1.86999999E-02  -5.01731136E-27
   1.97999999E-02  -1.63616084E-26
   2.08999999E-02   9.53362748E-27
   2.19999999E-02   1.23973386E-25
   2.30999999E-02   1.59514122E-25
   2.41999999E-02  -3.86035691E-25
   2.52999999E-02  -1.49138937E-24
   2.63999999E-02  -9.80587336E-25
   2.74999999E-02   4.59646373E-24
   2.85999998E-02   1.29535181E-23
   2.96999998E-02   7.66857050E-24
   3.07999998E-02  -3.39317853E-23
   3.18999998E-02  -9.90722712E-23
   3.29999998E-02  -8.26361964E-23
   3.40999998E-02   1.85679543E-22
   3.51999998E-02   6.81615303E-22
   3.62999998E-02   7.61433537E-22
   3.73999998E-02  -7.47016946E-22
   3.84999998E-02  -3.95165141E-21
   3.95999998E-02  -5.38268841E-21
   4.06999998E-02   1.47845499E-21
   4.17999998E-02   1.81801099E-20
   4.28999998E-02   2.98043482E-20
   4.39999998E-02   7.13915676E-21
   4.50999998E-02  -6.22549441E-20
   4.61999997E-02  -1.30722364E-19
   4.72999997E-02  -9.08962150E-20
   4.83999997E-02   1.33378428E-19
   4.94999997E-02   4.44332422E-19
   5.05999997E-02   5.19114513E-19
   5.16999997E-02   1.25247645E-21
   5.27999997E-02  -1.07917136E-18
   5.38999997E-02  -1.95938532E-18
   5.49999997E-02  -1.37527359E-18
   5.60999997E-02   1.35495596E-18
   5.71999997E-02   4.96871223E-18
   5.82999997E-02   6.14204973E-18
   5.93999997E-02   1.84580846E-18
   6.04999997E-02  -6.96669627E-18
   6.15999997E-02  -1.41746762E-17
   6.27000034E-02  -1.27724412E-17
   6.37999997E-02  -1.84756270E-18
   6.48999959E-02   1.15961912E-17
   6.59999996E-02   2.00766611E-17
   6.71000034E-02   2.46152142E-17
   6.81999996E-02   3.15121370E-17
   6.92999959E-02   3.53731712E-17
   7.03999996E-02   8.45815255E-18
   7.15000033E-02  -7.93016664E-17
   7.25999996E-02  -2.12349545E-16
   7.36999959E-02  -2.94041691E-16
   7.47999996E-02  -1.74986856E-16
   7.59000033E-02   2.36613942E-16
   7.69999996E-02   8.28589440E-16
   7.80999959E-02   1.21502408E-15
   7.91999996E-02   8.76964392E-16
   8.03000033E-02  -4.49572689E-16
   8.13999996E-02  -2.33916449E-15
   8.24999958E-02  -3.61436540E-15
   8.35999995E-02  -2.96115540E-15
   8.47000033E-02   2.55328106E-17
   8.57999995E-02   4.19276735E-15
   8.68999958E-02   7.30672389E-15
   8.79999995E-02   7.45337833E-15
   8.91000032E-02   4.22805940E-15
   9.01999995E-02  -1.27532319E-15
   9.12999958E-02  -7.45494364E-15
   9.23999995E-02  -1.29911705E-14
   9.35000032E-02  -1.66699692E-14
   9.45999995E-02  -1.67411607E-14
   9.56999958E-02  -1.08909277E-14
   9.67999995E-02   2.75249963E-15
   9.79000032E-02   2.39964248E-14
   9.89999995E-02   4.88655069E-14
  0.100099996       6.83731975E-14
  0.101199999       6.92387703E-14
  0.102300003       3.84628751E-14
  0.103399999      -2.85044849E-14
  0.104499996      -1.20316138E-13
  0.105599999      -2.08742732E-13
  0.106700003      -2.55891825E-13
  0.107799999      -2.25717015E-13
  0.108899996      -9.51105649E-14
  0.109999999       1.35785372E-13
  0.111100003       4.32579780E-13
  0.112199999       7.19115305E-13
  0.113299996       8.84167956E-13
  0.114399999       8.09366951E-13
  0.115500003       4.11649881E-13
  0.116599999      -3.16308720E-13
  0.117699996      -1.28031407E-12
  0.118799999      -2.27603873E-12
  0.119900003      -2.99999825E-12
  0.120999999      -3.09213202E-12
  0.122099996      -2.22342023E-12
  0.123199999      -2.22790509E-13
  0.124300003       2.79167900E-12
  0.125400007       6.32857655E-12
  0.126499996       9.53209820E-12
  0.127599999       1.13104578E-11
  0.128700003       1.05781052E-11
  0.129799992       6.56780706E-12
  0.130899996      -8.67325309E-13
  0.131999999      -1.10484209E-11
  0.133100003      -2.24115049E-11
  0.134200007      -3.26033679E-11
  0.135299996      -3.87287112E-11
  0.136399999      -3.77631329E-11
  0.137500003      -2.71340693E-11
  0.138599992      -5.41981260E-12
  0.139699996       2.69510698E-11
  0.140799999       6.71140366E-11
  0.141900003       1.09390108E-10
  0.143000007       1.45255669E-10
  0.144099995       1.63834238E-10
  0.145199999       1.53085628E-10
  0.146300003       1.01621739E-10
  0.147399992       7.09403239E-13
  0.148499995      -1.54142824E-10
  0.149599999      -3.62593316E-10
  0.150700003      -6.20109353E-10
  0.151800007      -9.19781917E-10
  0.152899995      -1.25491628E-09
  0.153999999      -1.62186031E-09
  0.155100003      -2.02251704E-09
  0.156199992      -2.46608423E-09
  0.157299995      -2.96987301E-09
  0.158399999      -3.55928020E-09
  0.159500003      -4.26758540E-09
  0.160600007      -5.13598986E-09
  0.161699995      -6.21348129E-09
  0.162799999      -7.55697016E-09
  0.163900003      -9.23126464E-09
  0.164999992      -1.13086891E-08
  0.166099995      -1.38678269E-08
  0.167199999      -1.69936953E-08
  0.168300003      -2.07782165E-08
  0.169400007      -2.53236685E-08
  0.170499995      -3.07485095E-08
  0.171599999      -3.71916613E-08
  0.172700003      -4.48187656E-08
  0.173799992      -5.38246141E-08
  0.174899995      -6.44353193E-08
  0.175999999      -7.69105881E-08
  0.177100003      -9.15451750E-08
  0.178200006      -1.08663400E-07
  0.179299995      -1.28620030E-07
  0.180399999      -1.51797948E-07
  0.181500003      -1.78609113E-07
  0.182599992      -2.09494999E-07
  0.183699995      -2.44930732E-07
  0.184799999      -2.85415894E-07
  0.185900003      -3.31506044E-07
  0.187000006      -3.83758703E-07
  0.188099995      -4.42780646E-07
  0.189199999      -5.09200163E-07
  0.190300003      -5.83678286E-07
  0.191399992      -6.66813150E-07
  0.192499995      -7.59202976E-07
  0.193599999      -8.61462354E-07
  0.194700003      -9.74045406E-07
  0.195800006      -1.09729888E-06
  0.196899995      -1.23148379E-06
  0.197999999      -1.37681423E-06
  0.199100003      -1.53344502E-06
  0.200199991      -1.70127623E-06
  0.201299995      -1.88000161E-06
  0.202399999      -2.06899199E-06
  0.203500003      -2.26757152E-06
  0.204600006      -2.47449179E-06
  0.205699995      -2.68837812E-06
  0.206799999      -2.90718799E-06
  0.207900003      -3.12838279E-06
  0.208999991      -3.34924289E-06
  0.210099995      -3.56667988E-06
  0.211199999      -3.77728702E-06
  0.212300003      -3.97743088E-06
  0.213400006      -4.16212060E-06
  0.214499995      -4.32650404E-06
  0.215599999      -4.46511103E-06
  0.216700003      -4.57202941E-06
  0.217799991      -4.64080404E-06
  0.218899995      -4.66499250E-06
  0.219999999      -4.63864671E-06
  0.221100003      -4.55450800E-06
  0.222200006      -4.40624626E-06
  0.223299995      -4.18715535E-06
  0.224399999      -3.89095794E-06
  0.225500003      -3.51167046E-06
  0.226599991      -3.04464515E-06
  0.227699995      -2.48510605E-06
  0.228799999      -1.82876954E-06
  0.229900002      -1.07224093E-06
  0.231000006      -2.15251418E-07
  0.232099995       7.41887845E-07
  0.233199999       1.79755807E-06
  0.234300002       2.94884944E-06
  0.235399991       4.18988930E-06
  0.236499995       5.51365883E-06
  0.237599999       6.91274863E-06
  0.238700002       8.37539665E-06
  0.239800006       9.88870852E-06
  0.240899995       1.14370005E-05
  0.241999999       1.30044646E-05
  0.243100002       1.45712702E-05
  0.244199991       1.61194948E-05
  0.245299995       1.76291796E-05
  0.246399999       1.90774481E-05
  0.247500002       2.04398839E-05
  0.248600006       2.16941171E-05
  0.249699995       2.28169010E-05
  0.250800014       2.37867571E-05
  0.251899987       2.45816918E-05
  0.252999991       2.51807251E-05
  0.254099995       2.55638388E-05
  0.255199999       2.57158390E-05
  0.256300002       2.56240583E-05
  0.257400006       2.52769114E-05
  0.258500010       2.46647687E-05
  0.259599984       2.37825698E-05
  0.260699987       2.26301527E-05
  0.261799991       2.12111772E-05
  0.262899995       1.95322045E-05
  0.263999999       1.76038211E-05
  0.265100002       1.54413938E-05
  0.266200006       1.30642684E-05
  0.267300010       1.04947276E-05
  0.268400013       7.75694025E-06
  0.269499987       4.87948728E-06
  0.270599991       1.89542118E-06
  0.271699995      -1.16274680E-06
  0.272799999      -4.26068937E-06
  0.273900002      -7.36277343E-06
  0.275000006      -1.04334840E-05
  0.276100010      -1.34352786E-05
  0.277199984      -1.63316963E-05
  0.278299987      -1.90878236E-05
  0.279399991      -2.16742810E-05
  0.280499995      -2.40644677E-05
  0.281599998      -2.62283775E-05
  0.282700002      -2.81391822E-05
  0.283800006      -2.97770421E-05
  0.284900010      -3.11297408E-05
  0.286000013      -3.21859006E-05
  0.287099987      -3.29356044E-05
  0.288199991      -3.33760727E-05
  0.289299995      -3.35119876E-05
  0.290399998      -3.33461539E-05
  0.291500002      -3.28855276E-05
  0.292600006      -3.21416192E-05
  0.293700010      -3.11325421E-05
  0.294799984      -2.98815576E-05
  0.295899987      -2.84107300E-05
  0.296999991      -2.67425876E-05
  0.298099995      -2.49015684E-05
  0.299199998      -2.29174038E-05
  0.300300002      -2.08185429E-05
  0.301400006      -1.86317429E-05
  0.302500010      -1.63846325E-05
  0.303600013      -1.41057908E-05
  0.304699987      -1.18242797E-05
  0.305799991      -9.56459735E-06
  0.306899995      -7.34788546E-06
  0.307999998      -5.19494824E-06
  0.309100002      -3.12817565E-06
  0.310200006      -1.16686681E-06
  0.311300009       6.75717274E-07
  0.312399983       2.39010842E-06
  0.313499987       3.96664791E-06
  0.314599991       5.39547227E-06
  0.315699995       6.67057930E-06
  0.316799998       7.79203128E-06
  0.317900002       8.76215472E-06
  0.319000006       9.58155852E-06
  0.320100009       1.02507738E-05
  0.321200013       1.07741744E-05
  0.322299987       1.11614472E-05
  0.323399991       1.14223021E-05
  0.324499995       1.15641806E-05
  0.325599998       1.15942403E-05
  0.326700002       1.15218936E-05
  0.327800006       1.13595697E-05
  0.328900009       1.11189802E-05
  0.329999983       1.08100694E-05
  0.331099987       1.04420251E-05
  0.332199991       1.00257830E-05
  0.333299994       9.57168049E-06
  0.334399998       9.08710990E-06
  0.335500002       8.57846862E-06
  0.336600006       8.05431591E-06
  0.337700009       7.52464575E-06
  0.338800013       6.99753718E-06
  0.339899987       6.47613797E-06
  0.340999991       5.96243217E-06
  0.342099994       5.46017645E-06
  0.343199998       4.97569999E-06
  0.344300002       4.51370033E-06
  0.345400006       4.07481093E-06
  0.346500009       3.65929736E-06
  0.347599983       3.26839722E-06
  0.348699987       2.90411140E-06
  0.349799991       2.56615203E-06
  0.350899994       2.25354324E-06
  0.351999998       1.96594397E-06
  0.353100002       1.70390570E-06
  0.354200006       1.46687967E-06
  0.355300009       1.25295162E-06
  0.356400013       1.06014932E-06
  0.357499987       8.87573549E-07
  0.358599991       7.35006950E-07
  0.359699994       6.01284057E-07
  0.360799998       4.83871986E-07
  0.361900002       3.80656246E-07
  0.363000005       2.90789870E-07
  0.364100009       2.14291461E-07
  0.365199983       1.50134980E-07
  0.366299987       9.59917230E-08
  0.367399991       4.99761263E-08
  0.368499994       1.15299246E-08
  0.369599998      -1.90135978E-08
  0.370700002      -4.21543547E-08
  0.371800005      -5.96724448E-08
  0.372900009      -7.34039887E-08
  0.374000013      -8.40383052E-08
  0.375099987      -9.15514420E-08
  0.376199991      -9.57803366E-08
  0.377299994      -9.69297034E-08
  0.378399998      -9.55641113E-08
  0.379500002      -9.24261983E-08
  0.380600005      -8.83989131E-08
  0.381700009      -8.43857322E-08
  0.382799983      -8.03438596E-08
  0.383899987      -7.54045644E-08
  0.384999990      -6.85520973E-08
  0.386099994      -6.00499206E-08
  0.387199998      -5.17053387E-08
  0.388300002      -4.51885249E-08
  0.389400005      -4.04699882E-08
  0.390500009      -3.58595855E-08
  0.391600013      -2.97563769E-08
  0.392699987      -2.24706636E-08
  0.393799990      -1.56473536E-08
  0.394899994      -1.03607940E-08
  0.395999998      -6.21864515E-09
  0.397100002      -2.04714468E-09
  0.398200005       2.68799472E-09
  0.399300009       7.64571340E-09
  0.400399983       1.22377024E-08
  0.401499987       1.61732387E-08
  0.402599990       1.93741432E-08
  0.403699994       2.16902745E-08
  0.404799998       2.35757298E-08
  0.405900002       2.59685553E-08
  0.407000005       2.93846742E-08
  0.408100009       3.30208358E-08
  0.409200013       3.55256837E-08
  0.410299987       3.65960346E-08
  0.411399990       3.72528319E-08
  0.412499994       3.86673662E-08
  0.413599998       4.06239984E-08
  0.414700001       4.20626627E-08
  0.415800005       4.26988613E-08
  0.416900009       4.33059029E-08
  0.417999983       4.45547066E-08
  0.419099987       4.58068534E-08
  0.420199990       4.60829668E-08
  0.421299994       4.56389415E-08
  0.422399998       4.56506939E-08
  0.423500001       4.65565684E-08
  0.424600005       4.74259600E-08
  0.425700009       4.73375437E-08
  0.426800013       4.65881875E-08
  0.427899987       4.62241161E-08
  0.428999990       4.65262673E-08
  0.430099994       4.67598511E-08
  0.431199998       4.64306673E-08
  0.432300001       4.59026914E-08
  0.433400005       4.56048710E-08
  0.434500009       4.52576643E-08
  0.435599983       4.44094255E-08
  0.436699986       4.35061978E-08
  0.437799990       4.34494964E-08
  0.438899994       4.41145183E-08
  0.439999998       4.42323262E-08
  0.441100001       4.30315197E-08
  0.442200005       4.14427106E-08
  0.443300009       4.09402148E-08
  0.444400012       4.15906243E-08
  0.445499986       4.19058281E-08
  0.446599990       4.09100096E-08
  0.447699994       3.94027033E-08
  0.448799998       3.87637016E-08
  0.449900001       3.91024422E-08
  0.451000005       3.92959905E-08
  0.452100009       3.85839307E-08
  0.453199983       3.73883680E-08
  0.454299986       3.64533896E-08
  0.455399990       3.58514711E-08
  0.456499994       3.52749652E-08
  0.457599998       3.47923503E-08
  0.458700001       3.46616318E-08
  0.459800005       3.45474938E-08
  0.460900009       3.38048416E-08
  0.462000012       3.25138210E-08
  0.463099986       3.16633759E-08
  0.464199990       3.18369544E-08
  0.465299994       3.21325651E-08
  0.466399997       3.12099608E-08
  0.467500001       2.91623099E-08
  0.468600005       2.76144796E-08
  0.469700009       2.77696248E-08
  0.470799983       2.88708701E-08
  0.471899986       2.92145685E-08
  0.472999990       2.81916712E-08
  0.474099994       2.67097597E-08
  0.475199997       2.58337085E-08
  0.476300001       2.56176396E-08
  0.477400005       2.55147405E-08
  0.478500009       2.52042494E-08
  0.479600012       2.47434642E-08
  0.480699986       2.41313742E-08
  0.481799990       2.33634712E-08
  0.482899994       2.27995045E-08
  0.483999997       2.28718591E-08
  0.485100001       2.32889441E-08
  0.486200005       2.30588633E-08
  0.487300009       2.17108678E-08
  0.488399982       2.01282990E-08
  0.489499986       1.96448990E-08
  0.490599990       2.03402539E-08
  0.491699994       2.08767350E-08
  0.492799997       2.01658281E-08
  0.493900001       1.86927593E-08
  0.495000005       1.77921287E-08
  0.496100008       1.79792288E-08
  0.497200012       1.84580209E-08
  0.498299986       1.82836324E-08
  0.499399990       1.74128321E-08
  0.500500023       1.64973315E-08
  0.501600027       1.60176956E-08
  0.502699971       1.59595768E-08
  0.503799975       1.60827902E-08
  0.504899979       1.61098992E-08
  0.505999982       1.56793440E-08
  0.507099986       1.46770169E-08
  0.508199990       1.36184068E-08
  0.509299994       1.33525786E-08
  0.510399997       1.40021035E-08
  0.511500001       1.45902073E-08
  0.512600005       1.40561518E-08
  0.513700008       1.26271358E-08
  0.514800012       1.16596119E-08
  0.515900016       1.20235795E-08
  0.517000020       1.30289211E-08
  0.518100023       1.32615821E-08
  0.519199967       1.22513129E-08
  0.520299971       1.09253833E-08
  0.521399975       1.03900657E-08
  0.522499979       1.07781828E-08
  0.523599982       1.13293748E-08
  0.524699986       1.13659686E-08
  0.525799990       1.07994378E-08
  0.526899993       9.97536898E-09
  0.527999997       9.35411570E-09
  0.529100001       9.29928312E-09
  0.530200005       9.75177894E-09
  0.531300008       1.00818731E-08
  0.532400012       9.57049107E-09
  0.533500016       8.29218294E-09
  0.534600019       7.30897431E-09
  0.535700023       7.53064811E-09
  0.536800027       8.57509530E-09
  0.537899971       9.05763375E-09
  0.538999975       8.21340684E-09
  0.540099978       6.82277612E-09
  0.541199982       6.29015151E-09
  0.542299986       6.98163038E-09
  0.543399990       7.88774290E-09
  0.544499993       7.88754928E-09
  0.545599997       6.94437885E-09
  0.546700001       5.93394844E-09
  0.547800004       5.59260815E-09
  0.548900008       5.92670535E-09
