   0.00000000       0.00000000    
   1.09999999E-03   0.00000000    
   2.19999999E-03   0.00000000    
   3.29999998E-03   0.00000000    
   4.39999998E-03   0.00000000    
   5.49999997E-03   0.00000000    
   6.59999996E-03   0.00000000    
   7.69999996E-03   0.00000000    
   8.79999995E-03   0.00000000    
   9.89999995E-03   0.00000000    
   1.09999999E-02   0.00000000    
   1.20999999E-02   0.00000000    
   1.31999999E-02  -0.00000000    
   1.42999999E-02  -5.80749402E-34
   1.53999999E-02   1.97681379E-33
   1.64999999E-02   1.51641637E-32
   1.75999999E-02  -3.67110589E-32
   1.86999999E-02  -2.45936199E-31
   1.97999999E-02   2.21629680E-31
   2.08999999E-02   2.69417174E-30
   2.19999999E-02   1.36765617E-30
   2.30999999E-02  -1.85800179E-29
   2.41999999E-02  -3.59098937E-29
   2.52999999E-02   5.88892261E-29
   2.63999999E-02   2.96174731E-28
   2.74999999E-02   1.97666737E-28
   2.85999998E-02  -1.08826376E-27
   2.96999998E-02  -2.94926107E-27
   3.07999998E-02  -8.96262700E-28
   3.18999998E-02   1.10583546E-26
   3.29999998E-02   2.67900091E-26
   3.40999998E-02   9.21887429E-27
   3.51999998E-02  -9.27697405E-26
   3.62999998E-02  -2.29969323E-25
   3.73999998E-02  -1.00754165E-25
   3.84999998E-02   6.75048343E-25
   3.95999998E-02   1.68385023E-24
   4.06999998E-02   8.70297679E-25
   4.17999998E-02  -3.95531466E-24
   4.28999998E-02  -1.00986739E-23
   4.39999998E-02  -6.57917450E-24
   4.50999998E-02   1.72664045E-23
   4.61999997E-02   4.97136167E-23
   4.72999997E-02   4.40671175E-23
   4.83999997E-02  -4.86859928E-23
   4.94999997E-02  -2.00045621E-22
   5.05999997E-02  -2.47706717E-22
   5.16999997E-02   2.47434932E-23
   5.27999997E-02   6.31294005E-22
   5.38999997E-02   1.11040071E-21
   5.49999997E-02   6.09365590E-22
   5.60999997E-02  -1.35668011E-21
   5.71999997E-02  -3.77650520E-21
   5.82999997E-02  -3.90573683E-21
   5.93999997E-02   7.33050902E-22
   6.04999997E-02   8.79256721E-21
   6.15999997E-02   1.36897955E-20
   6.27000034E-02   7.95857367E-21
   6.37999997E-02  -8.78545055E-21
   6.48999959E-02  -2.67855300E-20
   6.59999996E-02  -3.35462580E-20
   6.71000034E-02  -2.42275547E-20
   6.81999996E-02  -6.34807301E-22
   6.92999959E-02   4.08557429E-20
   7.03999996E-02   1.08696121E-19
   7.15000033E-02   1.83691960E-19
   7.25999996E-02   1.80298516E-19
   7.36999959E-02  -3.17910551E-20
   7.47999996E-02  -5.03475112E-19
   7.59000033E-02  -1.03236638E-18
   7.69999996E-02  -1.09643349E-18
   7.80999959E-02  -8.36415826E-20
   7.91999996E-02   2.11861428E-18
   8.03000033E-02   4.45298621E-18
   8.13999996E-02   4.65077295E-18
   8.24999958E-02   5.44300404E-19
   8.35999995E-02  -7.51344115E-18
   8.47000033E-02  -1.49978797E-17
   8.57999995E-02  -1.47981123E-17
   8.68999958E-02  -2.41615280E-18
   8.79999995E-02   1.86712019E-17
   8.91000032E-02   3.66722451E-17
   9.01999995E-02   3.80311308E-17
   9.12999958E-02   1.66176416E-17
   9.23999995E-02  -2.14698086E-17
   9.35000032E-02  -6.07468935E-17
   9.45999995E-02  -8.38029781E-17
   9.56999958E-02  -7.80412615E-17
   9.67999995E-02  -3.89678897E-17
   9.79000032E-02   2.97201560E-17
   9.89999995E-02   1.17792928E-16
  0.100099996       2.08561667E-16
  0.101199999       2.72790693E-16
  0.102300003       2.59296108E-16
  0.103399999       1.01042130E-16
  0.104499996      -2.41484170E-16
  0.105599999      -7.09634568E-16
  0.106700003      -1.10645881E-15
  0.107799999      -1.15005867E-15
  0.108899996      -6.16595728E-16
  0.109999999       5.13092484E-16
  0.111100003       1.99399539E-15
  0.112199999       3.35425979E-15
  0.113299996       3.97802925E-15
  0.114399999       3.22400645E-15
  0.115500003       6.43790039E-16
  0.116599999      -3.68044201E-15
  0.117699996      -8.82834404E-15
  0.118799999      -1.30157192E-14
  0.119900003      -1.39842870E-14
  0.120999999      -9.70819104E-15
  0.122099996       7.81657886E-16
  0.123199999       1.65915408E-14
  0.124300003       3.43269250E-14
  0.125400007       4.79930698E-14
  0.126499996       4.99726129E-14
  0.127599999       3.33439094E-14
  0.128700003      -4.90427121E-15
  0.129799992      -6.08559156E-14
  0.130899996      -1.22128029E-13
  0.131999999      -1.68822204E-13
  0.133100003      -1.77474761E-13
  0.134200007      -1.27731159E-13
  0.135299996      -1.03963054E-14
  0.136399999       1.65444400E-13
  0.137500003       3.68656250E-13
  0.138599992       5.47252510E-13
  0.139699996       6.35198328E-13
  0.140799999       5.64987889E-13
  0.141900003       2.85641492E-13
  0.143000007      -2.15706671E-13
  0.144099995      -8.92831328E-13
  0.145199999      -1.62638132E-12
  0.146300003      -2.22399031E-12
  0.147399992      -2.44174169E-12
  0.148499995      -2.03220058E-12
  0.149599999      -8.18279906E-13
  0.150700003       1.21880414E-12
  0.151800007       3.86233493E-12
  0.152899995       6.62530187E-12
  0.153999999       8.78441937E-12
  0.155100003       9.49388571E-12
  0.156199992       7.96936996E-12
  0.157299995       3.71270722E-12
  0.158399999      -3.26754986E-12
  0.159500003      -1.22948275E-11
  0.160600007      -2.19731004E-11
  0.161699995      -3.02775617E-11
  0.162799999      -3.47926861E-11
  0.163900003      -3.30787585E-11
  0.164999992      -2.31326191E-11
  0.166099995      -3.89908461E-12
  0.167199999       2.42270908E-11
  0.168300003       5.89840815E-11
  0.169400007       9.60024074E-11
  0.170499995       1.28828767E-10
  0.171599999       1.49270180E-10
  0.172700003       1.48062965E-10
  0.173799992       1.15763947E-10
  0.174899995       4.37374234E-11
  0.175999999      -7.49798765E-11
  0.177100003      -2.45140158E-10
  0.178200006      -4.69291495E-10
  0.179299995      -7.48392348E-10
  0.180399999      -1.08300013E-09
  0.181500003      -1.47501023E-09
  0.182599992      -1.92961203E-09
  0.183699995      -2.45725973E-09
  0.184799999      -3.07556203E-09
  0.185900003      -3.81056653E-09
  0.187000006      -4.69761074E-09
  0.188099995      -5.78146198E-09
  0.189199999      -7.11631243E-09
  0.190300003      -8.76538131E-09
  0.191399992      -1.08013651E-08
  0.192499995      -1.33068196E-08
  0.193599999      -1.63766174E-08
  0.194700003      -2.01207317E-08
  0.195800006      -2.46669156E-08
  0.196899995      -3.01654559E-08
  0.197999999      -3.67928017E-08
  0.199100003      -4.47532145E-08
  0.200199991      -5.42817169E-08
  0.201299995      -6.56479671E-08
  0.202399999      -7.91594204E-08
  0.203500003      -9.51675077E-08
  0.204600006      -1.14077054E-07
  0.205699995      -1.36348461E-07
  0.206799999      -1.62510986E-07
  0.207900003      -1.93155941E-07
  0.208999991      -2.28938291E-07
  0.210099995      -2.70581040E-07
  0.211199999      -3.18869496E-07
  0.212300003      -3.74665717E-07
  0.213400006      -4.38904436E-07
  0.214499995      -5.12583711E-07
  0.215599999      -5.96815539E-07
  0.216700003      -6.92810374E-07
  0.217799991      -8.01836165E-07
  0.218899995      -9.25234076E-07
  0.219999999      -1.06442440E-06
  0.221100003      -1.22083463E-06
  0.222200006      -1.39590497E-06
  0.223299995      -1.59098352E-06
  0.224399999      -1.80748123E-06
  0.225500003      -2.04679259E-06
  0.226599991      -2.31028480E-06
  0.227699995      -2.59918716E-06
  0.228799999      -2.91450374E-06
  0.229900002      -3.25710403E-06
  0.231000006      -3.62762876E-06
  0.232099995      -4.02660362E-06
  0.233199999      -4.45402111E-06
  0.234300002      -4.90916364E-06
  0.235399991      -5.39106986E-06
  0.236499995      -5.89850060E-06
  0.237599999      -6.42951636E-06
  0.238700002      -6.98149279E-06
  0.239800006      -7.55100973E-06
  0.240899995      -8.13403312E-06
  0.241999999      -8.72620512E-06
  0.243100002      -9.32192961E-06
  0.244199991      -9.91456091E-06
  0.245299995      -1.04965629E-05
  0.246399999      -1.10605879E-05
  0.247500002      -1.15977955E-05
  0.248600006      -1.20988061E-05
  0.249699995      -1.25531506E-05
  0.250800014      -1.29502541E-05
  0.251899987      -1.32796813E-05
  0.252999991      -1.35300670E-05
  0.254099995      -1.36879389E-05
  0.255199999      -1.37430261E-05
  0.256300002      -1.36848166E-05
  0.257400006      -1.35022765E-05
  0.258500010      -1.31833249E-05
  0.259599984      -1.27187795E-05
  0.260699987      -1.21002759E-05
  0.261799991      -1.13216674E-05
  0.262899995      -1.03759203E-05
  0.263999999      -9.25948461E-06
  0.265100002      -7.97130451E-06
  0.266200006      -6.51202754E-06
  0.267300010      -4.88286923E-06
  0.268400013      -3.09131769E-06
  0.269499987      -1.14471993E-06
  0.270599991       9.47909882E-07
  0.271699995       3.17343233E-06
  0.272799999       5.51630637E-06
  0.273900002       7.95598862E-06
  0.275000006       1.04701849E-05
  0.276100010       1.30378439E-05
  0.277199984       1.56355400E-05
  0.278299987       1.82339700E-05
  0.279399991       2.08028996E-05
  0.280499995       2.33123064E-05
  0.281599998       2.57349657E-05
  0.282700002       2.80414715E-05
  0.283800006       3.02023545E-05
  0.284900010       3.21866064E-05
  0.286000013       3.39647013E-05
  0.287099987       3.55100819E-05
  0.288199991       3.67996799E-05
  0.289299995       3.78128498E-05
  0.290399998       3.85326239E-05
  0.291500002       3.89456509E-05
  0.292600006       3.90403875E-05
  0.293700010       3.88078661E-05
  0.294799984       3.82429680E-05
  0.295899987       3.73490075E-05
  0.296999991       3.61353814E-05
  0.298099995       3.46138695E-05
  0.299199998       3.27955750E-05
  0.300300002       3.06956790E-05
  0.301400006       2.83379723E-05
  0.302500010       2.57504198E-05
  0.303600013       2.29641100E-05
  0.304699987       2.00082850E-05
  0.305799991       1.69114555E-05
  0.306899995       1.37088355E-05
  0.307999998       1.04378305E-05
  0.309100002       7.13520740E-06
  0.310200006       3.83478800E-06
  0.311300009       5.74154342E-07
  0.312399983      -2.61253081E-06
  0.313499987      -5.69469285E-06
  0.314599991      -8.64438607E-06
  0.315699995      -1.14356426E-05
  0.316799998      -1.40386228E-05
  0.317900002      -1.64353551E-05
  0.319000006      -1.86083198E-05
  0.320100009      -2.05449142E-05
  0.321200013      -2.22314611E-05
  0.322299987      -2.36592023E-05
  0.323399991      -2.48240976E-05
  0.324499995      -2.57310076E-05
  0.325599998      -2.63860347E-05
  0.326700002      -2.67910436E-05
  0.327800006      -2.69523898E-05
  0.328900009      -2.68828790E-05
  0.329999983      -2.66014504E-05
  0.331099987      -2.61251389E-05
  0.332199991      -2.54683746E-05
  0.333299994      -2.46478176E-05
  0.334399998      -2.36828673E-05
  0.335500002      -2.25945278E-05
  0.336600006      -2.14030515E-05
  0.337700009      -2.01283056E-05
  0.338800013      -1.87912228E-05
  0.339899987      -1.74124543E-05
  0.340999991      -1.60084837E-05
  0.342099994      -1.45921376E-05
  0.343199998      -1.31772722E-05
  0.344300002      -1.17814043E-05
  0.345400006      -1.04213113E-05
  0.346500009      -9.10783638E-06
  0.347599983      -7.84573422E-06
  0.348699987      -6.63954415E-06
  0.349799991      -5.49779088E-06
  0.350899994      -4.42945657E-06
  0.351999998      -3.43940155E-06
  0.353100002      -2.52812697E-06
  0.354200006      -1.69438260E-06
  0.355300009      -9.37709103E-07
  0.356400013      -2.56884533E-07
  0.357499987       3.49136627E-07
  0.358599991       8.82558425E-07
  0.359699994       1.34466666E-06
  0.360799998       1.73760873E-06
  0.361900002       2.06657683E-06
  0.363000005       2.33955370E-06
  0.364100009       2.56240992E-06
  0.365199983       2.73773753E-06
  0.366299987       2.86728891E-06
  0.367399991       2.95586756E-06
  0.368499994       3.01021987E-06
  0.369599998       3.03505090E-06
  0.370700002       3.03195657E-06
  0.371800005       3.00306374E-06
  0.372900009       2.95351492E-06
  0.374000013       2.88894807E-06
  0.375099987       2.81239954E-06
  0.376199991       2.72510670E-06
  0.377299994       2.62913522E-06
  0.378399998       2.52833183E-06
  0.379500002       2.42569536E-06
  0.380600005       2.32129264E-06
  0.381700009       2.21369351E-06
  0.382799983       2.10329335E-06
  0.383899987       1.99331339E-06
  0.384999990       1.88679860E-06
  0.386099994       1.78486505E-06
  0.387199998       1.68730423E-06
  0.388300002       1.59393949E-06
  0.389400005       1.50498988E-06
  0.390500009       1.41951944E-06
  0.391600013       1.33644733E-06
  0.392699987       1.25643408E-06
  0.393799990       1.18168725E-06
  0.394899994       1.11354370E-06
  0.395999998       1.05020388E-06
  0.397100002       9.89022055E-07
  0.398200005       9.30145063E-07
  0.399300009       8.75829699E-07
  0.400399983       8.27328336E-07
  0.401499987       7.82737061E-07
  0.402599990       7.39533789E-07
  0.403699994       6.97337214E-07
  0.404799998       6.57962858E-07
  0.405900002       6.22470282E-07
  0.407000005       5.89942942E-07
  0.408100009       5.59125112E-07
  0.409200013       5.30147531E-07
  0.410299987       5.03962099E-07
  0.411399990       4.80639471E-07
  0.412499994       4.58810945E-07
  0.413599998       4.37478633E-07
  0.414700001       4.16564944E-07
  0.415800005       3.96521870E-07
  0.416900009       3.77655908E-07
  0.417999983       3.60274299E-07
  0.419099987       3.44801833E-07
  0.420199990       3.31040667E-07
  0.421299994       3.17757213E-07
  0.422399998       3.03748777E-07
  0.423500001       2.89640582E-07
  0.424600005       2.77594268E-07
  0.425700009       2.68804570E-07
  0.426800013       2.61589321E-07
  0.427899987       2.52796099E-07
  0.428999990       2.41209818E-07
  0.430099994       2.28764392E-07
  0.431199998       2.18426720E-07
  0.432300001       2.11184982E-07
  0.433400005       2.05349039E-07
  0.434500009       1.98657418E-07
  0.435599983       1.90602407E-07
  0.436699986       1.82569465E-07
  0.437799990       1.76231069E-07
  0.438899994       1.71956302E-07
  0.439999998       1.68501003E-07
  0.441100001       1.63941024E-07
  0.442200005       1.57395988E-07
  0.443300009       1.49800158E-07
  0.444400012       1.43174773E-07
  0.445499986       1.38741058E-07
  0.446599990       1.36016908E-07
  0.447699994       1.33426099E-07
  0.448799998       1.29836138E-07
  0.449900001       1.25420968E-07
  0.451000005       1.21101181E-07
  0.452100009       1.17377880E-07
  0.453199983       1.13896967E-07
  0.454299986       1.10022668E-07
  0.455399990       1.05759383E-07
  0.456499994       1.01949986E-07
  0.457599998       9.95053142E-08
  0.458700001       9.83476625E-08
  0.459800005       9.71961853E-08
  0.460900009       9.47095700E-08
  0.462000012       9.08290900E-08
  0.463099986       8.68867929E-08
  0.464199990       8.41511607E-08
  0.465299994       8.23462400E-08
  0.466399997       8.01629483E-08
  0.467500001       7.70220012E-08
  0.468600005       7.39936468E-08
  0.469700009       7.25260421E-08
  0.470799983       7.25799154E-08
  0.471899986       7.26916127E-08
  0.472999990       7.15869461E-08
  0.474099994       6.93140194E-08
  0.475199997       6.65805970E-08
  0.476300001       6.37610782E-08
  0.477400005       6.09018187E-08
  0.478500009       5.83714872E-08
  0.479600012       5.68641525E-08
  0.480699986       5.63824614E-08
  0.481799990       5.61175533E-08
  0.482899994       5.53983206E-08
  0.483999997       5.44561303E-08
  0.485100001       5.36825908E-08
  0.486200005       5.27108135E-08
  0.487300009       5.08476212E-08
  0.488399982       4.83086815E-08
  0.489499986       4.62070631E-08
  0.490599990       4.51001867E-08
  0.491699994       4.42681483E-08
  0.492799997       4.30226308E-08
  0.493900001       4.20411403E-08
  0.495000005       4.23789004E-08
  0.496100008       4.33924008E-08
  0.497200012       4.28504414E-08
  0.498299986       3.97721927E-08
  0.499399990       3.61747183E-08
  0.500500023       3.50585694E-08
  0.501600027       3.67745194E-08
  0.502699971       3.85692829E-08
  0.503799975       3.78983991E-08
  0.504899979       3.52627687E-08
  0.505999982       3.31158994E-08
  0.507099986       3.27216263E-08
  0.508199990       3.30860956E-08
  0.509299994       3.27584893E-08
  0.510399997       3.15056887E-08
  0.511500001       2.99475786E-08
  0.512600005       2.85901400E-08
  0.513700008       2.78336021E-08
  0.514800012       2.82210326E-08
  0.515900016       2.96051841E-08
  0.517000020       3.02888701E-08
  0.518100023       2.84658537E-08
  0.519199967       2.48295287E-08
  0.520299971       2.25698500E-08
  0.521399975       2.37449456E-08
  0.522499979       2.63902855E-08
  0.523599982       2.65580624E-08
  0.524699986       2.32447057E-08
  0.525799990       1.98320098E-08
  0.526899993       2.00267198E-08
  0.527999997       2.33654607E-08
  0.529100001       2.59390589E-08
  0.530200005       2.50900207E-08
  0.531300008       2.19815295E-08
  0.532400012       1.94891729E-08
  0.533500016       1.88975413E-08
  0.534600019       1.95377403E-08
  0.535700023       2.05031139E-08
  0.536800027       2.13404494E-08
  0.537899971       2.13216840E-08
  0.538999975       1.97011012E-08
  0.540099978       1.72676859E-08
  0.541199982       1.63570597E-08
  0.542299986       1.80780884E-08
  0.543399990       2.02847854E-08
  0.544499993       1.97136849E-08
  0.545599997       1.61028577E-08
  0.546700001       1.28445796E-08
  0.547800004       1.29308964E-08
  0.548900008       1.54466537E-08
