   0.00000000       0.00000000    
   1.09999999E-03   0.00000000    
   2.19999999E-03   0.00000000    
   3.29999998E-03   0.00000000    
   4.39999998E-03   0.00000000    
   5.49999997E-03   0.00000000    
   6.59999996E-03   0.00000000    
   7.69999996E-03   0.00000000    
   8.79999995E-03   0.00000000    
   9.89999995E-03   0.00000000    
   1.09999999E-02   0.00000000    
   1.20999999E-02   0.00000000    
   1.31999999E-02   8.10983746E-34
   1.42999999E-02  -4.44533438E-34
   1.53999999E-02  -1.47204131E-32
   1.64999999E-02   3.07811498E-33
   1.75999999E-02   1.47164769E-31
   1.86999999E-02   2.89664613E-32
   1.97999999E-02  -1.05362859E-30
   2.08999999E-02  -7.36303424E-31
   2.19999999E-02   5.82550136E-30
   2.30999999E-02   8.08862064E-30
   2.41999999E-02  -2.39292537E-29
   2.52999999E-02  -6.18879893E-29
   2.63999999E-02   4.82742797E-29
   2.74999999E-02   3.40151680E-28
   2.85999998E-02   2.50385650E-28
   2.96999998E-02  -1.09246999E-27
   3.07999998E-02  -2.92514978E-27
   3.18999998E-02  -6.17912860E-28
   3.29999998E-02   1.16379740E-26
   3.40999998E-02   2.59418265E-26
   3.51999998E-02   8.24808388E-28
   3.62999998E-02  -1.10532651E-25
   3.73999998E-02  -2.19781998E-25
   3.84999998E-02   2.23623023E-26
   3.95999998E-02   8.84600220E-25
   4.06999998E-02   1.55759264E-24
   4.17999998E-02  -2.18950809E-25
   4.28999998E-02  -5.53799761E-24
   4.39999998E-02  -9.28420339E-24
   4.50999998E-02  -1.74506217E-26
   4.61999997E-02   2.67213726E-23
   4.72999997E-02   4.81185147E-23
   4.83999997E-02   1.54192867E-23
   4.94999997E-02  -9.69255219E-23
   5.05999997E-02  -2.16443086E-22
   5.16999997E-02  -1.58940377E-22
   5.27999997E-02   2.31089747E-22
   5.38999997E-02   8.08249062E-22
   5.49999997E-02   9.59881810E-22
   5.60999997E-02  -7.68177035E-23
   5.71999997E-02  -2.28740380E-21
   5.82999997E-02  -3.99718350E-21
   5.93999997E-02  -2.39848329E-21
   6.04999997E-02   3.80168574E-21
   6.15999997E-02   1.13649786E-20
   6.27000034E-02   1.29204941E-20
   6.37999997E-02   2.57870608E-21
   6.48999959E-02  -1.72822458E-20
   6.59999996E-02  -3.52809560E-20
   6.71000034E-02  -3.80196088E-20
   6.81999996E-02  -1.71980511E-20
   6.92999959E-02   3.00176025E-20
   7.03999996E-02   1.00583566E-19
   7.15000033E-02   1.71261439E-19
   7.25999996E-02   1.76504536E-19
   7.36999959E-02   1.76501327E-20
   7.47999996E-02  -3.57276703E-19
   7.59000033E-02  -8.22800898E-19
   7.69999996E-02  -9.99704329E-19
   7.80999959E-02  -3.80001836E-19
   7.91999996E-02   1.26970642E-18
   8.03000033E-02   3.36764956E-18
   8.13999996E-02   4.29153585E-18
   8.24999958E-02   2.05700545E-18
   8.35999995E-02  -3.96928159E-18
   8.47000033E-02  -1.13052933E-17
   8.57999995E-02  -1.44342239E-17
   8.68999958E-02  -7.94776060E-18
   8.79999995E-02   8.60266183E-18
   8.91000032E-02   2.79703018E-17
   9.01999995E-02   3.78637028E-17
   9.12999958E-02   2.82003109E-17
   9.23999995E-02  -1.93566529E-18
   9.35000032E-02  -4.25425209E-17
   9.45999995E-02  -7.68705693E-17
   9.56999958E-02  -8.81316738E-17
   9.67999995E-02  -6.50159395E-17
   9.79000032E-02  -4.73651270E-18
   9.89999995E-02   8.56115854E-17
  0.100099996       1.87810617E-16
  0.101199999       2.69876079E-16
  0.102300003       2.83326592E-16
  0.103399999       1.69067750E-16
  0.104499996      -1.14900972E-16
  0.105599999      -5.43143149E-16
  0.106700003      -9.78509507E-16
  0.107799999      -1.18186401E-15
  0.108899996      -9.01027062E-16
  0.109999999      -7.03432408E-18
  0.111100003       1.39363686E-15
  0.112199999       2.92427834E-15
  0.113299996       3.98616034E-15
  0.114399999       3.87935245E-15
  0.115500003       2.01127677E-15
  0.116599999      -1.79630870E-15
  0.117699996      -6.97795991E-15
  0.118799999      -1.20562739E-14
  0.119900003      -1.48211453E-14
  0.120999999      -1.29076327E-14
  0.122099996      -4.65779521E-15
  0.123199999       9.93422009E-15
  0.124300003       2.84298274E-14
  0.125400007       4.56261886E-14
  0.126499996       5.41169723E-14
  0.127599999       4.60454530E-14
  0.128700003       1.59521546E-14
  0.129799992      -3.59555627E-14
  0.130899996      -1.01221366E-13
  0.131999999      -1.62474269E-13
  0.133100003      -1.95666061E-13
  0.134200007      -1.75592871E-13
  0.135299996      -8.40540203E-14
  0.136399999       8.11635779E-14
  0.137500003       2.99110780E-13
  0.138599992       5.22964376E-13
  0.139699996       6.83788963E-13
  0.140799999       7.01876003E-13
  0.141900003       5.05564069E-13
  0.143000007       5.56793618E-14
  0.144099995      -6.28775894E-13
  0.145199999      -1.45054129E-12
  0.146300003      -2.22764992E-12
  0.147399992      -2.70829019E-12
  0.148499995      -2.61206920E-12
  0.149599999      -1.69814586E-12
  0.150700003       1.47487518E-13
  0.151800007       2.82360832E-12
  0.152899995       5.95096715E-12
  0.153999999       8.86421665E-12
  0.155100003       1.06806716E-11
  0.156199992       1.04524063E-11
  0.157299995       7.38778830E-12
  0.158399999       1.10702669E-12
  0.159500003      -8.11902021E-12
  0.160600007      -1.92088966E-11
  0.161699995      -3.02445152E-11
  0.162799999      -3.86182961E-11
  0.163900003      -4.13626980E-11
  0.164999992      -3.56409624E-11
  0.166099995      -1.93544451E-11
  0.167199999       8.21267360E-12
  0.168300003       4.58019733E-11
  0.169400007       8.97486668E-11
  0.170499995       1.33801498E-10
  0.171599999       1.69267225E-10
  0.172700003       1.85497298E-10
  0.173799992       1.70676501E-10
  0.174899995       1.12799596E-10
  0.175999999       6.69920770E-13
  0.177100003      -1.75335968E-10
  0.178200006      -4.22942237E-10
  0.179299995      -7.48188733E-10
  0.180399999      -1.15640397E-09
  0.181500003      -1.65370373E-09
  0.182599992      -2.24906893E-09
  0.183699995      -2.95668734E-09
  0.184799999      -3.79833187E-09
  0.185900003      -4.80565054E-09
  0.187000006      -6.02164807E-09
  0.188099995      -7.50227080E-09
  0.189199999      -9.31724653E-09
  0.190300003      -1.15507079E-08
  0.191399992      -1.43018903E-08
  0.192499995      -1.76864532E-08
  0.193599999      -2.18386624E-08
  0.194700003      -2.69148934E-08
  0.195800006      -3.30972085E-08
  0.196899995      -4.05990548E-08
  0.197999999      -4.96693886E-08
  0.199100003      -6.06003496E-08
  0.200199991      -7.37328847E-08
  0.201299995      -8.94614587E-08
  0.202399999      -1.08242446E-07
  0.203500003      -1.30602032E-07
  0.204600006      -1.57138061E-07
  0.205699995      -1.88537896E-07
  0.206799999      -2.25582042E-07
  0.207900003      -2.69154413E-07
  0.208999991      -3.20245789E-07
  0.210099995      -3.79965371E-07
  0.211199999      -4.49551379E-07
  0.212300003      -5.30367515E-07
  0.213400006      -6.23925700E-07
  0.214499995      -7.31862769E-07
  0.215599999      -8.55990550E-07
  0.216700003      -9.98254563E-07
  0.217799991      -1.16076853E-06
  0.218899995      -1.34581080E-06
  0.219999999      -1.55578812E-06
  0.221100003      -1.79322728E-06
  0.222200006      -2.06075356E-06
  0.223299995      -2.36108667E-06
  0.224399999      -2.69698126E-06
  0.225500003      -3.07124560E-06
  0.226599991      -3.48669619E-06
  0.227699995      -3.94595463E-06
  0.228799999      -4.45166870E-06
  0.229900002      -5.00644774E-06
  0.231000006      -5.61249681E-06
  0.232099995      -6.27170539E-06
  0.233199999      -6.98537860E-06
  0.234300002      -7.75452736E-06
  0.235399991      -8.57968462E-06
  0.236499995      -9.46074124E-06
  0.237599999      -1.03963639E-05
  0.238700002      -1.13843662E-05
  0.239800006      -1.24220524E-05
  0.240899995      -1.35054388E-05
  0.241999999      -1.46292996E-05
  0.243100002      -1.57866598E-05
  0.244199991      -1.69700888E-05
  0.245299995      -1.81708147E-05
  0.246399999      -1.93779197E-05
  0.247500002      -2.05790566E-05
  0.248600006      -2.17601191E-05
  0.249699995      -2.29068719E-05
  0.250800014      -2.40042646E-05
  0.251899987      -2.50335033E-05
  0.252999991      -2.59752596E-05
  0.254099995      -2.68103868E-05
  0.255199999      -2.75199782E-05
  0.256300002      -2.80825261E-05
  0.257400006      -2.84765338E-05
  0.258500010      -2.86802133E-05
  0.259599984      -2.86744562E-05
  0.260699987      -2.84406324E-05
  0.261799991      -2.79568558E-05
  0.262899995      -2.72066809E-05
  0.263999999      -2.61751811E-05
  0.265100002      -2.48510059E-05
  0.266200006      -2.32228304E-05
  0.267300010      -2.12825635E-05
  0.268400013      -1.90262781E-05
  0.269499987      -1.64549583E-05
  0.270599991      -1.35743339E-05
  0.271699995      -1.03910679E-05
  0.272799999      -6.91596279E-06
  0.273900002      -3.16647197E-06
  0.275000006       8.32778994E-07
  0.276100010       5.05576509E-06
  0.277199984       9.47296940E-06
  0.278299987       1.40516213E-05
  0.279399991       1.87508522E-05
  0.280499995       2.35277657E-05
  0.281599998       2.83374629E-05
  0.282700002       3.31343253E-05
  0.283800006       3.78702825E-05
  0.284900010       4.24924256E-05
  0.286000013       4.69490660E-05
  0.287099987       5.11905237E-05
  0.288199991       5.51687772E-05
  0.289299995       5.88359435E-05
  0.290399998       6.21446015E-05
  0.291500002       6.50522852E-05
  0.292600006       6.75233969E-05
  0.293700010       6.95264680E-05
  0.294799984       7.10319509E-05
  0.295899987       7.20149619E-05
  0.296999991       7.24597412E-05
  0.298099995       7.23581106E-05
  0.299199998       7.17089497E-05
  0.300300002       7.05151178E-05
  0.301400006       6.87835200E-05
  0.302500010       6.65327607E-05
  0.303600013       6.37871926E-05
  0.304699987       6.05761452E-05
  0.305799991       5.69344629E-05
  0.306899995       5.28998135E-05
  0.307999998       4.85158671E-05
  0.309100002       4.38319039E-05
  0.310200006       3.88988119E-05
  0.311300009       3.37678212E-05
  0.312399983       2.84941380E-05
  0.313499987       2.31294362E-05
  0.314599991       1.77296242E-05
  0.315699995       1.23506643E-05
  0.316799998       7.04127069E-06
  0.317900002       1.84989290E-06
  0.319000006      -3.17864738E-06
  0.320100009      -8.00167436E-06
  0.321200013      -1.25770739E-05
  0.322299987      -1.68734859E-05
  0.323399991      -2.08633810E-05
  0.324499995      -2.45218980E-05
  0.325599998      -2.78286388E-05
  0.326700002      -3.07675764E-05
  0.327800006      -3.33341450E-05
  0.328900009      -3.55256161E-05
  0.329999983      -3.73404837E-05
  0.331099987      -3.87798209E-05
  0.332199991      -3.98522679E-05
  0.333299994      -4.05742794E-05
  0.334399998      -4.09653367E-05
  0.335500002      -4.10409702E-05
  0.336600006      -4.08170272E-05
  0.337700009      -4.03170416E-05
  0.338800013      -3.95703428E-05
  0.339899987      -3.86045213E-05
  0.340999991      -3.74424635E-05
  0.342099994      -3.61072343E-05
  0.343199998      -3.46255729E-05
  0.344300002      -3.30259682E-05
  0.345400006      -3.13333949E-05
  0.346500009      -2.95693117E-05
  0.347599983      -2.77549352E-05
  0.348699987      -2.59127282E-05
  0.349799991      -2.40632889E-05
  0.350899994      -2.22225899E-05
  0.351999998      -2.04043536E-05
  0.353100002      -1.86233246E-05
  0.354200006      -1.68941024E-05
  0.355300009      -1.52271368E-05
  0.356400013      -1.36278004E-05
  0.357499987      -1.21009471E-05
  0.358599991      -1.06536072E-05
  0.359699994      -9.29312046E-06
  0.360799998      -8.02192881E-06
  0.361900002      -6.83843518E-06
  0.363000005      -5.74028081E-06
  0.364100009      -4.72857073E-06
  0.365199983      -3.80440315E-06
  0.366299987      -2.96529629E-06
  0.367399991      -2.20534253E-06
  0.368499994      -1.51997051E-06
  0.369599998      -9.06793275E-07
  0.370700002      -3.63785631E-07
  0.371800005       1.13296771E-07
  0.372900009       5.30210286E-07
  0.374000013       8.92168032E-07
  0.375099987       1.20308732E-06
  0.376199991       1.46690184E-06
  0.377299994       1.68814984E-06
  0.378399998       1.87100397E-06
  0.379500002       2.01878765E-06
  0.380600005       2.13422868E-06
  0.381700009       2.22187941E-06
  0.382799983       2.28614454E-06
  0.383899987       2.33011451E-06
  0.384999990       2.35459811E-06
  0.386099994       2.36094593E-06
  0.387199998       2.35259154E-06
  0.388300002       2.33347714E-06
  0.389400005       2.30565047E-06
  0.390500009       2.26945781E-06
  0.391600013       2.22485141E-06
  0.392699987       2.17356774E-06
  0.393799990       2.11821134E-06
  0.394899994       2.06076743E-06
  0.395999998       2.00158956E-06
  0.397100002       1.94033737E-06
  0.398200005       1.87733508E-06
  0.399300009       1.81339021E-06
  0.400399983       1.74938111E-06
  0.401499987       1.68580618E-06
  0.402599990       1.62290326E-06
  0.403699994       1.56118256E-06
  0.404799998       1.50092671E-06
  0.405900002       1.44216017E-06
  0.407000005       1.38467624E-06
  0.408100009       1.32848425E-06
  0.409200013       1.27397277E-06
  0.410299987       1.22164113E-06
  0.411399990       1.17159107E-06
  0.412499994       1.12324096E-06
  0.413599998       1.07621486E-06
  0.414700001       1.03067362E-06
  0.415800005       9.87071758E-07
  0.416900009       9.45587090E-07
  0.417999983       9.06092168E-07
  0.419099987       8.68097231E-07
  0.420199990       8.31376042E-07
  0.421299994       7.96044674E-07
  0.422399998       7.62195270E-07
  0.423500001       7.29889905E-07
  0.424600005       6.99198552E-07
  0.425700009       6.70254906E-07
  0.426800013       6.42855866E-07
  0.427899987       6.16356147E-07
  0.428999990       5.90102786E-07
  0.430099994       5.64506706E-07
  0.431199998       5.40655947E-07
  0.432300001       5.18918284E-07
  0.433400005       4.98289069E-07
  0.434500009       4.77532751E-07
  0.435599983       4.56725417E-07
  0.436699986       4.37265044E-07
  0.437799990       4.20123882E-07
  0.438899994       4.04562485E-07
  0.439999998       3.88980112E-07
  0.441100001       3.72806227E-07
  0.442200005       3.56837830E-07
  0.443300009       3.42194113E-07
  0.444400012       3.28899944E-07
  0.445499986       3.16351361E-07
  0.446599990       3.04174620E-07
  0.447699994       2.92437250E-07
  0.448799998       2.81196463E-07
  0.449900001       2.70332322E-07
  0.451000005       2.60022858E-07
  0.452100009       2.50638152E-07
  0.453199983       2.42044450E-07
  0.454299986       2.33492017E-07
  0.455399990       2.24431304E-07
  0.456499994       2.15419874E-07
  0.457599998       2.07528686E-07
  0.458700001       2.00896224E-07
  0.459800005       1.94456206E-07
  0.460900009       1.87290979E-07
  0.462000012       1.79826856E-07
  0.463099986       1.73149772E-07
  0.464199990       1.67489063E-07
  0.465299994       1.62038020E-07
  0.466399997       1.56160809E-07
  0.467500001       1.50367569E-07
  0.468600005       1.45522677E-07
  0.469700009       1.41499882E-07
  0.470799983       1.37270149E-07
  0.471899986       1.32178130E-07
  0.472999990       1.26852214E-07
  0.474099994       1.22328913E-07
  0.475199997       1.18875008E-07
  0.476300001       1.15814252E-07
  0.477400005       1.12430641E-07
  0.478500009       1.08640577E-07
  0.479600012       1.04821183E-07
  0.480699986       1.01344980E-07
  0.481799990       9.84508119E-08
  0.482899994       9.61202957E-08
  0.483999997       9.39233402E-08
  0.485100001       9.12018123E-08
  0.486200005       8.77824036E-08
  0.487300009       8.44635224E-08
  0.488399982       8.23166957E-08
  0.489499986       8.13761147E-08
  0.490599990       8.03556404E-08
  0.491699994       7.79873659E-08
  0.492799997       7.44525011E-08
  0.493900001       7.12568351E-08
  0.495000005       6.95259388E-08
  0.496100008       6.88674788E-08
  0.497200012       6.79272603E-08
  0.498299986       6.59279351E-08
  0.499399990       6.33266879E-08
  0.500500023       6.11312103E-08
  0.501600027       5.98107022E-08
  0.502699971       5.89460356E-08
  0.503799975       5.77718744E-08
  0.504899979       5.59539899E-08
  0.505999982       5.38846798E-08
  0.507099986       5.22792867E-08
  0.508199990       5.14483069E-08
  0.509299994       5.09785352E-08
  0.510399997       5.00983433E-08
  0.511500001       4.85063509E-08
  0.512600005       4.67268784E-08
  0.513700008       4.55097791E-08
  0.514800012       4.50004123E-08
  0.515900016       4.45806236E-08
  0.517000020       4.36359500E-08
  0.518100023       4.22573514E-08
  0.519199967       4.11150580E-08
  0.520299971       4.06722727E-08
  0.521399975       4.06436271E-08
  0.522499979       4.02849629E-08
  0.523599982       3.91376958E-08
  0.524699986       3.75004703E-08
  0.525799990       3.62080392E-08
  0.526899993       3.58534642E-08
  0.527999997       3.61878101E-08
  0.529100001       3.62016195E-08
  0.530200005       3.50814808E-08
  0.531300008       3.31528298E-08
  0.532400012       3.16606616E-08
  0.533500016       3.15130038E-08
  0.534600019       3.21798268E-08
  0.535700023       3.22402727E-08
  0.536800027       3.09903676E-08
  0.537899971       2.92577838E-08
  0.538999975       2.83867490E-08
  0.540099978       2.86725879E-08
  0.541199982       2.91176487E-08
  0.542299986       2.86895716E-08
  0.543399990       2.74475767E-08
  0.544499993       2.62646385E-08
  0.545599997       2.57547992E-08
  0.546700001       2.58164334E-08
  0.547800004       2.60118451E-08
  0.548900008       2.59664183E-08
