   0.00000000       0.00000000    
   1.09999999E-03   0.00000000    
   2.19999999E-03   0.00000000    
   3.29999998E-03   0.00000000    
   4.39999998E-03   0.00000000    
   5.49999997E-03   0.00000000    
   6.59999996E-03   0.00000000    
   7.69999996E-03   0.00000000    
   8.79999995E-03   0.00000000    
   9.89999995E-03   0.00000000    
   1.09999999E-02   0.00000000    
   1.20999999E-02   0.00000000    
   1.31999999E-02   0.00000000    
   1.42999999E-02   0.00000000    
   1.53999999E-02   0.00000000    
   1.64999999E-02   0.00000000    
   1.75999999E-02   0.00000000    
   1.86999999E-02   0.00000000    
   1.97999999E-02   0.00000000    
   2.08999999E-02   0.00000000    
   2.19999999E-02   0.00000000    
   2.30999999E-02   0.00000000    
   2.41999999E-02   0.00000000    
   2.52999999E-02   0.00000000    
   2.63999999E-02   0.00000000    
   2.74999999E-02   0.00000000    
   2.85999998E-02   0.00000000    
   2.96999998E-02   0.00000000    
   3.07999998E-02   0.00000000    
   3.18999998E-02   0.00000000    
   3.29999998E-02   0.00000000    
   3.40999998E-02   0.00000000    
   3.51999998E-02   0.00000000    
   3.62999998E-02   0.00000000    
   3.73999998E-02   0.00000000    
   3.84999998E-02   0.00000000    
   3.95999998E-02   0.00000000    
   4.06999998E-02  -0.00000000    
   4.17999998E-02   0.00000000    
   4.28999998E-02  -0.00000000    
   4.39999998E-02   0.00000000    
   4.50999998E-02   0.00000000    
   4.61999997E-02  -0.00000000    
   4.72999997E-02  -0.00000000    
   4.83999997E-02  -0.00000000    
   4.94999997E-02   0.00000000    
   5.05999997E-02   0.00000000    
   5.16999997E-02  -5.60519386E-45
   5.27999997E-02  -5.60519386E-45
   5.38999997E-02   1.40129846E-44
   5.49999997E-02   5.88545355E-44
   5.60999997E-02   4.90454463E-44
   5.71999997E-02  -1.52741533E-43
   5.82999997E-02  -5.04467447E-43
   5.93999997E-02  -3.92363570E-43
   6.04999997E-02   1.20091278E-42
   6.15999997E-02   3.91522791E-42
   6.27000034E-02   3.30986697E-42
   6.37999997E-02  -7.86829088E-42
   6.48999959E-02  -2.75803564E-41
   6.59999996E-02  -2.65728228E-41
   6.71000034E-02   4.26162889E-41
   6.81999996E-02   1.70637515E-40
   6.92999959E-02   1.90482704E-40
   7.03999996E-02  -1.66208011E-40
   7.15000033E-02  -8.86682814E-40
   7.25999996E-02  -1.20611861E-39
   7.36999959E-02   1.74973133E-40
   7.47999996E-02   3.61441537E-39
   7.59000033E-02   6.63829835E-39
   7.69999996E-02   3.91183396E-39
   7.80999959E-02  -9.17733486E-39
   7.91999996E-02  -2.99704222E-38
   8.03000033E-02  -4.17800781E-38
   8.13999996E-02  -1.20194120E-38
   8.24999958E-02   9.29173434E-38
   8.35999995E-02   2.57195643E-37
   8.47000033E-02   3.30296698E-37
   8.57999995E-02  -1.23302928E-38
   8.68999958E-02  -1.06472451E-36
   8.79999995E-02  -2.45652742E-36
   8.91000032E-02  -2.35405802E-36
   9.01999995E-02   2.24571921E-36
   9.12999958E-02   1.22281933E-35
   9.23999995E-02   2.01841277E-35
   9.35000032E-02   7.64851858E-36
   9.45999995E-02  -4.19847495E-35
   9.56999958E-02  -1.09759673E-34
   9.67999995E-02  -1.11619789E-34
   9.79000032E-02   6.72120464E-35
   9.89999995E-02   4.30475031E-34
  0.100099996       6.93111188E-34
  0.101199999       2.99019957E-34
  0.102300003      -1.12223683E-33
  0.103399999      -2.95444067E-33
  0.104499996      -3.15964506E-33
  0.105599999       7.25804120E-34
  0.106700003       8.77774472E-33
  0.107799999       1.56362701E-32
  0.108899996       1.09288942E-32
  0.109999999      -1.34225174E-32
  0.111100003      -5.05337616E-32
  0.112199999      -7.02599321E-32
  0.113299996      -2.96392966E-32
  0.114399999       9.13083105E-32
  0.115500003       2.43820333E-31
  0.116599999       2.94004820E-31
  0.117699996       7.88640864E-32
  0.118799999      -4.55266893E-31
  0.119900003      -1.08847203E-30
  0.120999999      -1.26772636E-30
  0.122099996      -3.15009493E-31
  0.123199999       2.01555133E-30
  0.124300003       4.81051296E-30
  0.125400007       5.67001825E-30
  0.126499996       1.58642837E-30
  0.127599999      -8.56315548E-30
  0.128700003      -2.08147256E-29
  0.129799992      -2.48507661E-29
  0.130899996      -8.01341082E-30
  0.131999999       3.41924396E-29
  0.133100003       8.53865133E-29
  0.134200007       1.04091566E-28
  0.135299996       4.03889357E-29
  0.136399999      -1.23437653E-28
  0.137500003      -3.26085193E-28
  0.138599992      -4.13898860E-28
  0.139699996      -2.02463121E-28
  0.140799999       3.81591192E-28
  0.141900003       1.14197217E-27
  0.143000007       1.56326713E-27
  0.144099995       9.95819026E-28
  0.145199999      -9.02787943E-28
  0.146300003      -3.63737793E-27
  0.147399992      -5.61784212E-27
  0.148499995      -4.59323198E-27
  0.149599999       1.03209459E-27
  0.150700003       1.03770377E-26
  0.151800007       1.88537109E-26
  0.152899995       1.90037578E-26
  0.153999999       4.29972642E-27
  0.155100003      -2.49718326E-26
  0.156199992      -5.69746777E-26
  0.157299995      -6.92970733E-26
  0.158399999      -3.87564405E-26
  0.159500003       4.17142775E-26
  0.160600007       1.47380529E-25
  0.161699995       2.19610913E-25
  0.162799999       1.86801067E-25
  0.163900003       6.14796705E-27
  0.164999992      -2.91750370E-25
  0.166099995      -5.83638346E-25
  0.167199999      -6.82904412E-25
  0.168300003      -4.19452282E-25
  0.169400007       2.55329253E-25
  0.170499995       1.18307620E-24
  0.171599999       1.97938000E-24
  0.172700003       2.11572455E-24
  0.173799992       1.11423950E-24
  0.174899995      -1.16901150E-24
  0.175999999      -4.25419709E-24
  0.177100003      -6.89351940E-24
  0.178200006      -7.26645891E-24
  0.179299995      -3.65221734E-24
  0.180399999       4.48492944E-24
  0.181500003       1.53790847E-23
  0.182599992       2.44917219E-23
  0.183699995       2.54054138E-23
  0.184799999       1.23994159E-23
  0.185900003      -1.58301380E-23
  0.187000006      -5.28227352E-23
  0.188099995      -8.34704894E-23
  0.189199999      -8.73390696E-23
  0.190300003      -4.65431216E-23
  0.191399992       4.35823310E-23
  0.192499995       1.64857073E-22
  0.193599999       2.72817409E-22
  0.194700003       3.04335595E-22
  0.195800006       1.98568684E-22
  0.196899995      -7.15463961E-23
  0.197999999      -4.66710508E-22
  0.199100003      -8.62913563E-22
  0.200199991      -1.06417654E-21
  0.201299995      -8.57342009E-22
  0.202399999      -1.05603049E-22
  0.203500003       1.14258765E-21
  0.204600006       2.57249333E-21
  0.205699995       3.60303315E-21
  0.206799999       3.51171572E-21
  0.207900003       1.69392110E-21
  0.208999991      -1.99006387E-21
  0.210099995      -6.89150422E-21
  0.211199999      -1.14322023E-20
  0.212300003      -1.33069902E-20
  0.213400006      -1.01261003E-20
  0.214499995      -4.49067035E-22
  0.215599999       1.50388253E-20
  0.216700003       3.26516202E-20
  0.217799991       4.56826681E-20
  0.218899995       4.57101622E-20
  0.219999999       2.53673595E-20
  0.221100003      -1.78467077E-20
  0.222200006      -7.78175267E-20
  0.223299995      -1.37768896E-19
  0.224399999      -1.71697738E-19
  0.225500003      -1.50514418E-19
  0.226599991      -5.27609657E-20
  0.227699995       1.22225668E-19
  0.228799999       3.42951512E-19
  0.229900002       5.41836854E-19
  0.231000006       6.24130365E-19
  0.232099995       4.92532650E-19
  0.233199999       8.55034950E-20
  0.234300002      -5.79238601E-19
  0.235399991      -1.37075780E-18
  0.236499995      -2.03861081E-18
  0.237599999      -2.25025490E-18
  0.238700002      -1.67944341E-18
  0.239800006      -1.36455268E-19
  0.240899995       2.28862946E-18
  0.241999999       5.11800261E-18
  0.243100002       7.47150227E-18
  0.244199991       8.19649960E-18
  0.245299995       6.16507926E-18
  0.246399999       7.09466556E-19
  0.247500002      -7.89610731E-18
  0.248600006      -1.80631579E-17
  0.249699995      -2.68156734E-17
  0.250800014      -3.01876554E-17
  0.251899987      -2.41757480E-17
  0.252999991      -6.17144566E-18
  0.254099995       2.34102585E-17
  0.255199999       5.97881250E-17
  0.256300002       9.33737291E-17
  0.257400006       1.10810935E-16
  0.258500010       9.78295195E-17
  0.259599984       4.37715955E-17
  0.260699987      -5.29869070E-17
  0.261799991      -1.80144003E-16
  0.262899995      -3.09031130E-16
  0.263999999      -3.96541254E-16
  0.265100002      -3.92773678E-16
  0.266200006      -2.54465479E-16
  0.267300010       3.75872161E-17
  0.268400013       4.61026375E-16
  0.269499987       9.39893699E-16
  0.270599991       1.34447666E-15
  0.271699995       1.50819351E-15
  0.272799999       1.26377549E-15
  0.273900002       4.95805865E-16
  0.275000006      -7.99551298E-16
  0.276100010      -2.46279128E-15
  0.277199984      -4.14709872E-15
  0.278299987      -5.34083115E-15
  0.279399991      -5.44961644E-15
  0.280499995      -3.93916653E-15
  0.281599998      -5.21944614E-16
  0.282700002       4.64935411E-15
  0.283800006       1.08343501E-14
  0.284900010       1.66662355E-14
  0.286000013       2.02774453E-14
  0.287099987       1.96221518E-14
  0.288199991       1.29832473E-14
  0.289299995      -4.02548755E-16
  0.290399998      -1.97280665E-14
  0.291500002      -4.21828811E-14
  0.292600006      -6.28895875E-14
  0.293700010      -7.53805384E-14
  0.294799984      -7.26928486E-14
  0.295899987      -4.90276866E-14
  0.296999991      -1.75964583E-15
  0.298099995       6.65959800E-14
  0.299199998       1.46988568E-13
  0.300300002       2.23560279E-13
  0.301400006       2.75003734E-13
  0.302500010       2.77788914E-13
  0.303600013       2.11173201E-13
  0.304699987       6.33600906E-14
  0.305799991      -1.62222381E-13
  0.306899995      -4.41982415E-13
  0.307999998      -7.30205501E-13
  0.309100002      -9.61594086E-13
  0.310200006      -1.05918269E-12
  0.311300009      -9.47723020E-13
  0.312399983      -5.71307487E-13
  0.313499987       8.72352795E-14
  0.314599991       9.88870769E-13
  0.315699995       2.02732731E-12
  0.316799998       3.02856243E-12
  0.317900002       3.76434257E-12
  0.319000006       3.98143931E-12
  0.320100009       3.44511030E-12
  0.321200013       1.99257819E-12
  0.322299987      -4.11490747E-13
  0.323399991      -3.62753317E-12
  0.324499995      -7.31238074E-12
  0.325599998      -1.09197981E-11
  0.326700002      -1.37373645E-11
  0.327800006      -1.49637611E-11
  0.328900009      -1.38215125E-11
  0.329999983      -9.69338759E-12
  0.331099987      -2.26935094E-12
  0.332199991       8.32104784E-12
  0.333299994       2.14098617E-11
  0.334399998       3.57474120E-11
  0.335500002       4.95254220E-11
  0.336600006       6.04743061E-11
  0.337700009       6.60228469E-11
  0.338800013       6.35053538E-11
  0.339899987       5.03764912E-11
  0.340999991       2.44139639E-11
  0.342099994      -1.61568831E-11
  0.343199998      -7.26241359E-11
  0.344300002      -1.45871218E-10
  0.345400006      -2.36575537E-10
  0.346500009      -3.45547341E-10
  0.347599983      -4.74164319E-10
  0.348699987      -6.24872154E-10
  0.349799991      -8.01645916E-10
  0.350899994      -1.01051012E-09
  0.351999998      -1.25995436E-09
  0.353100002      -1.56125524E-09
  0.354200006      -1.92891347E-09
  0.355300009      -2.38068032E-09
  0.356400013      -2.93785618E-09
  0.357499987      -3.62553010E-09
  0.358599991      -4.47327508E-09
  0.359699994      -5.51514567E-09
  0.360799998      -6.79081769E-09
  0.361900002      -8.34585379E-09
  0.363000005      -1.02334683E-08
  0.364100009      -1.25156507E-08
  0.365199983      -1.52647708E-08
  0.366299987      -1.85639966E-08
  0.367399991      -2.25105357E-08
  0.368499994      -2.72150515E-08
  0.369599998      -3.28046568E-08
  0.370700002      -3.94256006E-08
  0.371800005      -4.72448463E-08
  0.372900009      -5.64490996E-08
  0.374000013      -6.72501841E-08
  0.375099987      -7.98807633E-08
  0.376199991      -9.46010061E-08
  0.377299994      -1.11704843E-07
  0.378399998      -1.31509964E-07
  0.379500002      -1.54365097E-07
  0.380600005      -1.80648215E-07
  0.381700009      -2.10768974E-07
  0.382799983      -2.45169360E-07
  0.383899987      -2.84324528E-07
  0.384999990      -3.28706363E-07
  0.386099994      -3.78834727E-07
  0.387199998      -4.35253185E-07
  0.388300002      -4.98497059E-07
  0.389400005      -5.69100735E-07
  0.390500009      -6.47626052E-07
  0.391600013      -7.34601201E-07
  0.392699987      -8.30520548E-07
  0.393799990      -9.35839637E-07
  0.394899994      -1.05101617E-06
  0.395999998      -1.17635636E-06
  0.397100002      -1.31210652E-06
  0.398200005      -1.45844172E-06
  0.399300009      -1.61542710E-06
  0.400399983      -1.78297364E-06
  0.401499987      -1.96068208E-06
  0.402599990      -2.14800298E-06
  0.403699994      -2.34436629E-06
  0.404799998      -2.54884299E-06
  0.405900002      -2.76028322E-06
  0.407000005      -2.97712745E-06
  0.408100009      -3.19777223E-06
  0.409200013      -3.41996792E-06
  0.410299987      -3.64138259E-06
  0.411399990      -3.85957628E-06
  0.412499994      -4.07173002E-06
  0.413599998      -4.27435407E-06
  0.414700001      -4.46355580E-06
  0.415800005      -4.63622746E-06
  0.416900009      -4.78837046E-06
  0.417999983      -4.91581659E-06
  0.419099987      -5.01364229E-06
  0.420199990      -5.07789855E-06
  0.421299994      -5.10474274E-06
  0.422399998      -5.08911717E-06
  0.423500001      -5.02705007E-06
  0.424600005      -4.91447418E-06
  0.425700009      -4.74789931E-06
  0.426800013      -4.52478162E-06
  0.427899987      -4.24092605E-06
  0.428999990      -3.89504612E-06
  0.430099994      -3.48538993E-06
  0.431199998      -3.01108184E-06
  0.432300001      -2.47275739E-06
  0.433400005      -1.87024716E-06
  0.434500009      -1.20619313E-06
  0.435599983      -4.82870007E-07
  0.436699986       2.94537017E-07
  0.437799990       1.12243936E-06
  0.438899994       1.99507258E-06
  0.439999998       2.90647426E-06
  0.441100001       3.84572331E-06
  0.442200005       4.80496419E-06
  0.443300009       5.77577657E-06
  0.444400012       6.74945704E-06
  0.445499986       7.71495706E-06
  0.446599990       8.65906622E-06
  0.447699994       9.56940767E-06
  0.448799998       1.04372793E-05
  0.449900001       1.12521129E-05
  0.451000005       1.20018494E-05
  0.452100009       1.26744226E-05
  0.453199983       1.32607493E-05
  0.454299986       1.37528350E-05
  0.455399990       1.41428145E-05
  0.456499994       1.44223059E-05
  0.457599998       1.45852873E-05
  0.458700001       1.46287102E-05
  0.459800005       1.45507247E-05
  0.460900009       1.43492662E-05
  0.462000012       1.40234206E-05
  0.463099986       1.35751507E-05
  0.464199990       1.30103781E-05
  0.465299994       1.23357840E-05
  0.466399997       1.15569219E-05
  0.467500001       1.06790048E-05
  0.468600005       9.71236022E-06
  0.469700009       8.66860319E-06
  0.470799983       7.56208601E-06
  0.471899986       6.40224880E-06
  0.472999990       5.19914965E-06
  0.474099994       3.96872611E-06
  0.475199997       2.72784769E-06
  0.476300001       1.48908816E-06
  0.477400005       2.61631698E-07
  0.478500009      -9.41297742E-07
  0.479600012      -2.10503458E-06
  0.480699986      -3.21813513E-06
  0.481799990      -4.27234772E-06
  0.482899994      -5.25891346E-06
  0.483999997      -6.17037131E-06
  0.485100001      -6.99655038E-06
  0.486200005      -7.73109150E-06
  0.487300009      -8.37323205E-06
  0.488399982      -8.91927084E-06
  0.489499986      -9.36881133E-06
  0.490599990      -9.71928330E-06
  0.491699994      -9.97178813E-06
  0.492799997      -1.01295327E-05
  0.493900001      -1.01984942E-05
  0.495000005      -1.01836167E-05
  0.496100008      -1.00877405E-05
  0.497200012      -9.91418619E-06
  0.498299986      -9.66955849E-06
  0.499399990      -9.36296965E-06
  0.500500023      -9.00428222E-06
  0.501600027      -8.59990269E-06
  0.502699971      -8.15474232E-06
  0.503799975      -7.67588790E-06
  0.504899979      -7.17201237E-06
  0.505999982      -6.65160815E-06
  0.507099986      -6.12092254E-06
  0.508199990      -5.58558440E-06
  0.509299994      -5.05180969E-06
  0.510399997      -4.52540553E-06
  0.511500001      -4.00987710E-06
  0.512600005      -3.50790719E-06
  0.513700008      -3.02409762E-06
  0.514800012      -2.56436306E-06
  0.515900016      -2.13226735E-06
  0.517000020      -1.72674379E-06
  0.518100023      -1.34701907E-06
  0.519199967      -9.95000164E-07
  0.520299971      -6.74254807E-07
  0.521399975      -3.85015966E-07
  0.522499979      -1.23673900E-07
  0.523599982       1.11834204E-07
  0.524699986       3.19473827E-07
  0.525799990       4.97556584E-07
  0.526899993       6.48950618E-07
  0.527999997       7.78572655E-07
  0.529100001       8.88450018E-07
  0.530200005       9.77049922E-07
  0.531300008       1.04469723E-06
  0.532400012       1.09456380E-06
  0.533500016       1.13096235E-06
  0.534600019       1.15528110E-06
  0.535700023       1.16724084E-06
  0.536800027       1.16761169E-06
  0.537899971       1.15917339E-06
  0.538999975       1.14315878E-06
  0.540099978       1.11906616E-06
  0.541199982       1.08801873E-06
  0.542299986       1.05415631E-06
  0.543399990       1.02125796E-06
  0.544499993       9.87621547E-07
  0.545599997       9.48807042E-07
  0.546700001       9.04143292E-07
  0.547800004       8.58939131E-07
  0.548900008       8.18316153E-07
