   0.00000000       0.00000000    
   1.09999999E-03   0.00000000    
   2.19999999E-03   0.00000000    
   3.29999998E-03   0.00000000    
   4.39999998E-03   0.00000000    
   5.49999997E-03   0.00000000    
   6.59999996E-03   0.00000000    
   7.69999996E-03   0.00000000    
   8.79999995E-03   0.00000000    
   9.89999995E-03   0.00000000    
   1.09999999E-02   0.00000000    
   1.20999999E-02   0.00000000    
   1.31999999E-02   0.00000000    
   1.42999999E-02   0.00000000    
   1.53999999E-02   0.00000000    
   1.64999999E-02   0.00000000    
   1.75999999E-02   0.00000000    
   1.86999999E-02   0.00000000    
   1.97999999E-02   0.00000000    
   2.08999999E-02   0.00000000    
   2.19999999E-02   0.00000000    
   2.30999999E-02   0.00000000    
   2.41999999E-02   0.00000000    
   2.52999999E-02   0.00000000    
   2.63999999E-02   0.00000000    
   2.74999999E-02   0.00000000    
   2.85999998E-02   0.00000000    
   2.96999998E-02   0.00000000    
   3.07999998E-02   0.00000000    
   3.18999998E-02   0.00000000    
   3.29999998E-02   0.00000000    
   3.40999998E-02   0.00000000    
   3.51999998E-02   0.00000000    
   3.62999998E-02   0.00000000    
   3.73999998E-02   0.00000000    
   3.84999998E-02   0.00000000    
   3.95999998E-02   0.00000000    
   4.06999998E-02  -0.00000000    
   4.17999998E-02   0.00000000    
   4.28999998E-02   0.00000000    
   4.39999998E-02  -0.00000000    
   4.50999998E-02   0.00000000    
   4.61999997E-02   0.00000000    
   4.72999997E-02   0.00000000    
   4.83999997E-02  -0.00000000    
   4.94999997E-02  -0.00000000    
   5.05999997E-02   1.40129846E-45
   5.16999997E-02   0.00000000    
   5.27999997E-02  -5.60519386E-45
   5.38999997E-02  -8.40779079E-45
   5.49999997E-02   1.40129846E-44
   5.60999997E-02   6.44597294E-44
   5.71999997E-02   5.88545355E-44
   5.82999997E-02  -1.56945428E-43
   5.93999997E-02  -5.40901207E-43
   6.04999997E-02  -4.13383047E-43
   6.15999997E-02   1.33543744E-42
   6.27000034E-02   4.23332266E-42
   6.37999997E-02   3.19916439E-42
   6.48999959E-02  -9.62972305E-42
   6.59999996E-02  -3.05006624E-41
   6.71000034E-02  -2.46404322E-41
   6.81999996E-02   5.83921070E-41
   6.92999959E-02   1.94372709E-40
   7.03999996E-02   1.80202779E-40
   7.15000033E-02  -2.68966629E-40
   7.25999996E-02  -1.06240844E-39
   7.36999959E-02  -1.24267848E-39
   7.47999996E-02   6.55015948E-40
   7.59000033E-02   4.80348859E-39
   7.69999996E-02   7.81621442E-39
   7.80999959E-02   2.71473131E-39
   7.91999996E-02  -1.60622127E-38
   8.03000033E-02  -4.22134240E-38
   8.13999996E-02  -4.67847483E-38
   8.24999958E-02   1.83104882E-38
   8.35999995E-02   1.79100293E-37
   8.47000033E-02   3.51056632E-37
   8.57999995E-02   2.59396780E-37
   8.68999958E-02  -4.68358788E-37
   8.79999995E-02  -1.83969583E-36
   8.91000032E-02  -2.72916100E-36
   9.01999995E-02  -5.84529660E-37
   9.12999958E-02   6.83432229E-36
   9.23999995E-02   1.67210872E-35
   9.35000032E-02   1.63449634E-35
   9.45999995E-02  -1.30239250E-35
   9.56999958E-02  -7.38045034E-35
   9.67999995E-02  -1.18432055E-34
   9.79000032E-02  -4.44807722E-35
   9.89999995E-02   2.24860544E-34
  0.100099996       5.74308107E-34
  0.101199999       5.84056353E-34
  0.102300003      -2.73260950E-34
  0.103399999      -1.99464787E-33
  0.104499996      -3.31622054E-33
  0.105599999      -1.81616761E-33
  0.106700003       4.23762958E-33
  0.107799999       1.26555059E-32
  0.108899996       1.53398163E-32
  0.109999999       1.60352619E-33
  0.111100003      -3.13249643E-32
  0.112199999      -6.56547332E-32
  0.113299996      -6.13285143E-32
  0.114399999       2.11110719E-32
  0.115500003       1.74235781E-31
  0.116599999       3.02428953E-31
  0.117699996       2.35144033E-31
  0.118799999      -1.66932352E-31
  0.119900003      -8.32572838E-31
  0.120999999      -1.33671265E-30
  0.122099996      -9.71065445E-31
  0.123199999       8.24132695E-31
  0.124300003       3.72373928E-30
  0.125400007       5.90307797E-30
  0.126499996       4.31545793E-30
  0.127599999      -3.45672226E-30
  0.128700003      -1.60226719E-29
  0.129799992      -2.55962710E-29
  0.130899996      -1.93198263E-29
  0.131999999       1.28570599E-29
  0.133100003       6.52076365E-29
  0.134200007       1.06260549E-28
  0.135299996       8.47321967E-29
  0.136399999      -3.93895646E-29
  0.137500003      -2.45608116E-28
  0.138599992      -4.16605754E-28
  0.139699996      -3.60977049E-28
  0.140799999       7.52331551E-29
  0.141900003       8.36154330E-28
  0.143000007       1.52851286E-27
  0.144099995       1.48701436E-27
  0.145199999       1.26801855E-28
  0.146300003      -2.49477165E-27
  0.147399992      -5.21512208E-27
  0.148499995      -5.85674410E-27
  0.149599999      -2.21621323E-27
  0.150700003       6.16744244E-27
  0.151800007       1.62995611E-26
  0.152899995       2.14878654E-26
  0.153999999       1.38570490E-26
  0.155100003      -1.03591604E-26
  0.156199992      -4.49176228E-26
  0.157299995      -7.12129083E-26
  0.158399999      -6.36882599E-26
  0.159500003      -4.07580047E-27
  0.160600007       1.00422690E-25
  0.161699995       2.05803999E-25
  0.162799999       2.39029341E-25
  0.163900003       1.30552437E-25
  0.164999992      -1.36774479E-25
  0.166099995      -4.86137850E-25
  0.167199999      -7.42960935E-25
  0.168300003      -6.89490759E-25
  0.169400007      -1.72647189E-25
  0.170499995       7.71739665E-25
  0.171599999       1.83777868E-24
  0.172700003       2.47321147E-24
  0.173799992       2.04647617E-24
  0.174899995       1.48066456E-25
  0.175999999      -3.05104025E-24
  0.177100003      -6.53691009E-24
  0.178200006      -8.49008157E-24
  0.179299995      -6.80018453E-24
  0.180399999      -8.23456154E-26
  0.181500003       1.10609351E-23
  0.182599992       2.31092811E-23
  0.183699995       2.97836139E-23
  0.184799999       2.38887703E-23
  0.185900003       8.08424557E-25
  0.187000006      -3.73486353E-23
  0.188099995      -7.88891513E-23
  0.189199999      -1.03242316E-22
  0.190300003      -8.68098260E-23
  0.191399992      -1.36788812E-23
  0.192499995       1.11667149E-22
  0.193599999       2.54977313E-22
  0.194700003       3.52650486E-22
  0.195800006       3.27106816E-22
  0.196899995       1.17805736E-22
  0.197999999      -2.78613706E-22
  0.199100003      -7.73728054E-22
  0.200199991      -1.17830687E-21
  0.201299995      -1.23755943E-21
  0.202399999      -7.18094958E-22
  0.203500003       4.66622105E-22
  0.204600006       2.13101799E-21
  0.205699995       3.75174673E-21
  0.206799999       4.52487869E-21
  0.207900003       3.58646127E-21
  0.208999991       3.83660318E-22
  0.210099995      -4.89258592E-21
  0.211199999      -1.09773071E-20
  0.212300003      -1.55098611E-20
  0.213400006      -1.54988153E-20
  0.214499995      -8.32800756E-21
  0.215599999       6.85008056E-21
  0.216700003       2.77456314E-20
  0.217799991       4.82087420E-20
  0.218899995       5.88195338E-20
  0.219999999       4.92402298E-20
  0.221100003       1.22483461E-20
  0.222200006      -5.13976945E-20
  0.223299995      -1.28910528E-19
  0.224399999      -1.94413513E-19
  0.225500003      -2.12889277E-19
  0.226599991      -1.50130373E-19
  0.227699995       1.23617990E-20
  0.228799999       2.61128951E-19
  0.229900002       5.39227823E-19
  0.231000006       7.46580185E-19
  0.232099995       7.58226475E-19
  0.233199999       4.62243777E-19
  0.234300002      -1.87877416E-19
  0.235399991      -1.12003036E-18
  0.236499995      -2.11014250E-18
  0.237599999      -2.79195274E-18
  0.238700002      -2.72765475E-18
  0.239800006      -1.54258679E-18
  0.240899995       8.95928420E-19
  0.241999999       4.30250303E-18
  0.243100002       7.86828922E-18
  0.244199991       1.03016445E-17
  0.245299995       1.00718173E-17
  0.246399999       5.86492644E-18
  0.247500002      -2.81373178E-18
  0.248600006      -1.50398558E-17
  0.249699995      -2.80958612E-17
  0.250800014      -3.75676648E-17
  0.251899987      -3.81069767E-17
  0.252999991      -2.49064877E-17
  0.254099995       4.29713297E-18
  0.255199999       4.71479880E-17
  0.256300002       9.52270107E-17
  0.257400006       1.34044724E-16
  0.258500010       1.45153270E-16
  0.259599984       1.10652407E-16
  0.260699987       1.96565990E-17
  0.261799991      -1.24556248E-16
  0.262899995      -2.98844368E-16
  0.263999999      -4.58515293E-16
  0.265100002      -5.42081816E-16
  0.266200006      -4.83830672E-16
  0.267300010      -2.33613381E-16
  0.268400013       2.19254492E-16
  0.269499987       8.23995716E-16
  0.270599991       1.45612460E-15
  0.271699995       1.92327449E-15
  0.272799999       1.99526425E-15
  0.273900002       1.45973539E-15
  0.275000006       1.97177187E-16
  0.276100010      -1.73925404E-15
  0.277199984      -4.06177582E-15
  0.278299987      -6.23040887E-15
  0.279399991      -7.50426637E-15
  0.280499995      -7.07593325E-15
  0.281599998      -4.28464713E-15
  0.282700002       1.12182314E-15
  0.283800006       8.73265388E-15
  0.284900010       1.73030264E-14
  0.286000013       2.47523525E-14
  0.287099987       2.84014111E-14
  0.288199991       2.54803248E-14
  0.289299995       1.38735408E-14
  0.290399998      -7.00555243E-15
  0.291500002      -3.54042459E-14
  0.292600006      -6.67269991E-14
  0.293700010      -9.36007118E-14
  0.294799984      -1.06718094E-13
  0.295899987      -9.65335532E-14
  0.296999991      -5.56995178E-14
  0.298099995       1.81034912E-14
  0.299199998       1.19525890E-13
  0.300300002       2.33845360E-13
  0.301400006       3.36977760E-13
  0.302500010       3.97848096E-13
  0.303600013       3.83408583E-13
  0.304699987       2.66006726E-13
  0.305799991       3.22320295E-14
  0.306899995      -3.08385262E-13
  0.307999998      -7.16919200E-13
  0.309100002      -1.12310584E-12
  0.310200006      -1.43001724E-12
  0.311300009      -1.52641224E-12
  0.312399983      -1.30672144E-12
  0.313499987      -6.96664948E-13
  0.314599991       3.19130112E-13
  0.315699995       1.67285413E-12
  0.316799998       3.19890382E-12
  0.317900002       4.63489707E-12
  0.319000006       5.64307238E-12
  0.320100009       5.85388075E-12
  0.321200013       4.92989894E-12
  0.322299987       2.64349567E-12
  0.323399991      -1.04308760E-12
  0.324499995      -5.90888666E-12
  0.325599998      -1.14327419E-11
  0.326700002      -1.67940262E-11
  0.327800006      -2.09261462E-11
  0.328900009      -2.26268726E-11
  0.329999983      -2.07208070E-11
  0.331099987      -1.42606127E-11
  0.332199991      -2.74211101E-12
  0.333299994       1.36926442E-11
  0.334399998       3.40978391E-11
  0.335500002       5.66367474E-11
  0.336600006       7.85860821E-11
  0.337700009       9.64388708E-11
  0.338800013       1.06094897E-10
  0.339899987       1.03117424E-10
  0.340999991       8.30041175E-11
  0.342099994       4.14409444E-11
  0.343199998      -2.55429670E-11
  0.344300002      -1.21527843E-10
  0.345400006      -2.49824161E-10
  0.346500009      -4.13791890E-10
  0.347599983      -6.17336904E-10
  0.348699987      -8.65520045E-10
  0.349799991      -1.16534993E-09
  0.350899994      -1.52660640E-09
  0.351999998      -1.96270711E-09
  0.353100002      -2.49143350E-09
  0.354200006      -3.13580673E-09
  0.355300009      -3.92476762E-09
  0.356400013      -4.89413399E-09
  0.357499987      -6.08708506E-09
  0.358599991      -7.55508278E-09
  0.359699994      -9.35935951E-09
  0.360799998      -1.15722489E-08
  0.361900002      -1.42781236E-08
  0.363000005      -1.75761414E-08
  0.364100009      -2.15819504E-08
  0.365199983      -2.64312519E-08
  0.366299987      -3.22828839E-08
  0.367399991      -3.93202839E-08
  0.368499994      -4.77572470E-08
  0.369599998      -5.78406514E-08
  0.370700002      -6.98538898E-08
  0.371800005      -8.41225827E-08
  0.372900009      -1.01019481E-07
  0.374000013      -1.20965055E-07
  0.375099987      -1.44436086E-07
  0.376199991      -1.71966221E-07
  0.377299994      -2.04160671E-07
  0.378399998      -2.41691083E-07
  0.379500002      -2.85293027E-07
  0.380600005      -3.35793430E-07
  0.381700009      -3.94091131E-07
  0.382799983      -4.61161392E-07
  0.383899987      -5.38073095E-07
  0.384999990      -6.25976497E-07
  0.386099994      -7.26097653E-07
  0.387199998      -8.39730603E-07
  0.388300002      -9.68223389E-07
  0.389400005      -1.11303348E-06
  0.390500009      -1.27563135E-06
  0.391600013      -1.45751505E-06
  0.392699987      -1.66020925E-06
  0.393799990      -1.88523006E-06
  0.394899994      -2.13408020E-06
  0.395999998      -2.40819531E-06
  0.397100002      -2.70887654E-06
  0.398200005      -3.03736988E-06
  0.399300009      -3.39460553E-06
  0.400399983      -3.78143068E-06
  0.401499987      -4.19851904E-06
  0.402599990      -4.64601771E-06
  0.403699994      -5.12367251E-06
  0.404799998      -5.63090725E-06
  0.405900002      -6.16683292E-06
  0.407000005      -6.72982469E-06
  0.408100009      -7.31761929E-06
  0.409200013      -7.92736500E-06
  0.410299987      -8.55568032E-06
  0.411399990      -9.19840295E-06
  0.412499994      -9.85061706E-06
  0.413599998      -1.05063800E-05
  0.414700001      -1.11592226E-05
  0.415800005      -1.18023045E-05
  0.416900009      -1.24273529E-05
  0.417999983      -1.30254648E-05
  0.419099987      -1.35872806E-05
  0.420199990      -1.41032815E-05
  0.421299994      -1.45633012E-05
  0.422399998      -1.49555117E-05
  0.423500001      -1.52684188E-05
  0.424600005      -1.54918052E-05
  0.425700009      -1.56147398E-05
  0.426800013      -1.56257120E-05
  0.427899987      -1.55141479E-05
  0.428999990      -1.52690300E-05
  0.430099994      -1.48824683E-05
  0.431199998      -1.43459883E-05
  0.432300001      -1.36522704E-05
  0.433400005      -1.27952435E-05
  0.434500009      -1.17708523E-05
  0.435599983      -1.05798863E-05
  0.436699986      -9.22070558E-06
  0.437799990      -7.69435883E-06
  0.438899994      -6.00427302E-06
  0.439999998      -4.15799559E-06
  0.441100001      -2.16601916E-06
  0.442200005      -3.88006214E-08
  0.443300009       2.21029723E-06
  0.444400012       4.56593989E-06
  0.445499986       7.00873170E-06
  0.446599990       9.51885340E-06
  0.447699994       1.20738287E-05
  0.448799998       1.46503880E-05
  0.449900001       1.72237797E-05
  0.451000005       1.97673526E-05
  0.452100009       2.22552189E-05
  0.453199983       2.46609943E-05
  0.454299986       2.69584962E-05
  0.455399990       2.91205470E-05
  0.456499994       3.11209078E-05
  0.457599998       3.29359573E-05
  0.458700001       3.45447588E-05
  0.459800005       3.59274782E-05
  0.460900009       3.70652378E-05
  0.462000012       3.79422927E-05
  0.463099986       3.85468993E-05
  0.464199990       3.88714834E-05
  0.465299994       3.89098968E-05
  0.466399997       3.86581050E-05
  0.467500001       3.81174577E-05
  0.468600005       3.72943723E-05
  0.469700009       3.61984130E-05
  0.470799983       3.48382673E-05
  0.471899986       3.32277341E-05
  0.472999990       3.13847086E-05
  0.474099994       2.93300218E-05
  0.475199997       2.70876644E-05
  0.476300001       2.46802356E-05
  0.477400005       2.21312439E-05
  0.478500009       1.94688600E-05
  0.479600012       1.67233193E-05
  0.480699986       1.39217027E-05
  0.481799990       1.10906476E-05
  0.482899994       8.25788720E-06
  0.483999997       5.45064586E-06
  0.485100001       2.69497809E-06
  0.486200005       1.54006266E-08
  0.487300009      -2.56592421E-06
  0.488399982      -5.03009551E-06
  0.489499986      -7.35899903E-06
  0.490599990      -9.53368271E-06
  0.491699994      -1.15429830E-05
  0.492799997      -1.33768526E-05
  0.493900001      -1.50265341E-05
  0.495000005      -1.64854409E-05
  0.496100008      -1.77498405E-05
  0.497200012      -1.88196937E-05
  0.498299986      -1.96984838E-05
  0.499399990      -2.03889376E-05
  0.500500023      -2.08947677E-05
  0.501600027      -2.12222840E-05
  0.502699971      -2.13819530E-05
  0.503799975      -2.13855474E-05
  0.504899979      -2.12436880E-05
  0.505999982      -2.09662303E-05
  0.507099986      -2.05650504E-05
  0.508199990      -2.00543782E-05
  0.509299994      -1.94486165E-05
  0.510399997      -1.87604801E-05
  0.511500001      -1.80018960E-05
  0.512600005      -1.71854408E-05
  0.513700008      -1.63238929E-05
  0.514800012      -1.54287736E-05
  0.515900016      -1.45105178E-05
  0.517000020      -1.35793825E-05
  0.518100023      -1.26455006E-05
  0.519199967      -1.17172995E-05
  0.520299971      -1.08010690E-05
  0.521399975      -9.90257831E-06
  0.522499979      -9.02869488E-06
  0.523599982      -8.18616445E-06
  0.524699986      -7.37907249E-06
  0.525799990      -6.60864634E-06
  0.526899993      -5.87598606E-06
  0.527999997      -5.18375327E-06
  0.529100001      -4.53518305E-06
  0.530200005      -3.93142318E-06
  0.531300008      -3.37096549E-06
  0.532400012      -2.85187798E-06
  0.533500016      -2.37381460E-06
  0.534600019      -1.93671963E-06
  0.535700023      -1.53957251E-06
  0.536800027      -1.18072853E-06
  0.537899971      -8.58191413E-07
  0.538999975      -5.69597830E-07
  0.540099978      -3.12373089E-07
  0.541199982      -8.43409182E-08
  0.542299986       1.15878606E-07
  0.543399990       2.89532323E-07
  0.544499993       4.38909467E-07
  0.545599997       5.67141626E-07
  0.546700001       6.77059404E-07
  0.547800004       7.69670862E-07
  0.548900008       8.45233899E-07
