   0.00000000       0.00000000    
   1.09999999E-03   0.00000000    
   2.19999999E-03   0.00000000    
   3.29999998E-03   0.00000000    
   4.39999998E-03   0.00000000    
   5.49999997E-03   0.00000000    
   6.59999996E-03   0.00000000    
   7.69999996E-03   0.00000000    
   8.79999995E-03   0.00000000    
   9.89999995E-03   0.00000000    
   1.09999999E-02   0.00000000    
   1.20999999E-02   0.00000000    
   1.31999999E-02   0.00000000    
   1.42999999E-02   0.00000000    
   1.53999999E-02   0.00000000    
   1.64999999E-02   0.00000000    
   1.75999999E-02   0.00000000    
   1.86999999E-02   0.00000000    
   1.97999999E-02   0.00000000    
   2.08999999E-02   0.00000000    
   2.19999999E-02   0.00000000    
   2.30999999E-02   0.00000000    
   2.41999999E-02   0.00000000    
   2.52999999E-02   0.00000000    
   2.63999999E-02   0.00000000    
   2.74999999E-02   0.00000000    
   2.85999998E-02   0.00000000    
   2.96999998E-02   0.00000000    
   3.07999998E-02   0.00000000    
   3.18999998E-02   0.00000000    
   3.29999998E-02   0.00000000    
   3.40999998E-02   0.00000000    
   3.51999998E-02   0.00000000    
   3.62999998E-02   0.00000000    
   3.73999998E-02   0.00000000    
   3.84999998E-02   0.00000000    
   3.95999998E-02   0.00000000    
   4.06999998E-02   0.00000000    
   4.17999998E-02   0.00000000    
   4.28999998E-02   0.00000000    
   4.39999998E-02   0.00000000    
   4.50999998E-02   0.00000000    
   4.61999997E-02   0.00000000    
   4.72999997E-02   0.00000000    
   4.83999997E-02   0.00000000    
   4.94999997E-02   0.00000000    
   5.05999997E-02   0.00000000    
   5.16999997E-02   0.00000000    
   5.27999997E-02   0.00000000    
   5.38999997E-02   0.00000000    
   5.49999997E-02   0.00000000    
   5.60999997E-02   0.00000000    
   5.71999997E-02   0.00000000    
   5.82999997E-02   0.00000000    
   5.93999997E-02   0.00000000    
   6.04999997E-02   0.00000000    
   6.15999997E-02   0.00000000    
   6.27000034E-02   0.00000000    
   6.37999997E-02   0.00000000    
   6.48999959E-02   0.00000000    
   6.59999996E-02   0.00000000    
   6.71000034E-02   0.00000000    
   6.81999996E-02   0.00000000    
   6.92999959E-02   0.00000000    
   7.03999996E-02   0.00000000    
   7.15000033E-02   0.00000000    
   7.25999996E-02   0.00000000    
   7.36999959E-02   0.00000000    
   7.47999996E-02   0.00000000    
   7.59000033E-02   0.00000000    
   7.69999996E-02   0.00000000    
   7.80999959E-02   0.00000000    
   7.91999996E-02   0.00000000    
   8.03000033E-02   0.00000000    
   8.13999996E-02   0.00000000    
   8.24999958E-02   0.00000000    
   8.35999995E-02   0.00000000    
   8.47000033E-02   0.00000000    
   8.57999995E-02   0.00000000    
   8.68999958E-02   0.00000000    
   8.79999995E-02   0.00000000    
   8.91000032E-02   0.00000000    
   9.01999995E-02   0.00000000    
   9.12999958E-02   0.00000000    
   9.23999995E-02   0.00000000    
   9.35000032E-02   0.00000000    
   9.45999995E-02   0.00000000    
   9.56999958E-02   0.00000000    
   9.67999995E-02   0.00000000    
   9.79000032E-02   0.00000000    
   9.89999995E-02   0.00000000    
  0.100099996       0.00000000    
  0.101199999       0.00000000    
  0.102300003       0.00000000    
  0.103399999       0.00000000    
  0.104499996       0.00000000    
  0.105599999       0.00000000    
  0.106700003       0.00000000    
  0.107799999       0.00000000    
  0.108899996       0.00000000    
  0.109999999       0.00000000    
  0.111100003       0.00000000    
  0.112199999       0.00000000    
  0.113299996       0.00000000    
  0.114399999       0.00000000    
  0.115500003       0.00000000    
  0.116599999       0.00000000    
  0.117699996       0.00000000    
  0.118799999       0.00000000    
  0.119900003       0.00000000    
  0.120999999       0.00000000    
  0.122099996       0.00000000    
  0.123199999       0.00000000    
  0.124300003       0.00000000    
  0.125400007       0.00000000    
  0.126499996       0.00000000    
  0.127599999       0.00000000    
  0.128700003       0.00000000    
  0.129799992       0.00000000    
  0.130899996       0.00000000    
  0.131999999       0.00000000    
  0.133100003       0.00000000    
  0.134200007       0.00000000    
  0.135299996       0.00000000    
  0.136399999      -0.00000000    
  0.137500003      -0.00000000    
  0.138599992       0.00000000    
  0.139699996       0.00000000    
  0.140799999       0.00000000    
  0.141900003       0.00000000    
  0.143000007      -0.00000000    
  0.144099995      -0.00000000    
  0.145199999       1.40129846E-45
  0.146300003      -0.00000000    
  0.147399992      -1.40129846E-45
  0.148499995      -1.40129846E-45
  0.149599999      -5.60519386E-45
  0.150700003      -5.60519386E-45
  0.151800007       2.80259693E-45
  0.152899995       1.96181785E-44
  0.153999999       3.22298647E-44
  0.155100003       1.96181785E-44
  0.156199992      -3.64337601E-44
  0.157299995      -1.23314265E-43
  0.158399999      -1.70958413E-43
  0.159500003      -5.88545355E-44
  0.160600007       2.81660991E-43
  0.161699995       7.20267411E-43
  0.162799999       8.28167392E-43
  0.163900003       3.36311631E-44
  0.164999992      -1.84831267E-42
  0.166099995      -3.88720194E-42
  0.167199999      -3.75828248E-42
  0.168300003       1.13365046E-42
  0.169400007       1.08418462E-41
  0.170499995       1.96532110E-41
  0.171599999       1.59089415E-41
  0.172700003      -1.12804526E-41
  0.173799992      -5.82113395E-41
  0.174899995      -9.36599868E-41
  0.175999999      -6.30542270E-41
  0.177100003       7.55131716E-41
  0.178200006       2.89015006E-40
  0.179299995       4.22668051E-40
  0.180399999       2.38212331E-40
  0.181500003      -4.13809042E-40
  0.182599992      -1.33504647E-39
  0.183699995      -1.82426079E-39
  0.184799999      -8.98925958E-40
  0.185900003       1.95914838E-39
  0.187000006       5.78835758E-39
  0.188099995       7.64204563E-39
  0.189199999       3.60612529E-39
  0.190300003      -8.21164403E-39
  0.191399992      -2.38041345E-38
  0.192499995      -3.14704758E-38
  0.193599999      -1.58234328E-38
  0.194700003       3.08128464E-38
  0.195800006       9.36139009E-38
  0.196899995       1.27971508E-37
  0.197999999       7.36230891E-38
  0.199100003      -1.03175554E-37
  0.200199991      -3.52920740E-37
  0.201299995      -5.11078706E-37
  0.202399999      -3.43977855E-37
  0.203500003       2.98701050E-37
  0.204600006       1.26839322E-36
  0.205699995       1.98060108E-36
  0.206799999       1.55293142E-36
  0.207900003      -6.62180204E-37
  0.208999991      -4.28529393E-36
  0.210099995      -7.34697171E-36
  0.211199999      -6.65520361E-36
  0.212300003       4.44070766E-37
  0.213400006       1.32972934E-35
  0.214499995       2.57468792E-35
  0.215599999       2.68669020E-35
  0.216700003       6.34164781E-36
  0.217799991      -3.64029507E-35
  0.218899995      -8.40290657E-35
  0.219999999      -1.01536206E-34
  0.221100003      -5.10359699E-35
  0.222200006       8.00892885E-35
  0.223299995       2.50248077E-34
  0.224399999       3.56029367E-34
  0.225500003       2.66938696E-34
  0.226599991      -9.43467608E-35
  0.227699995      -6.55306096E-34
  0.228799999      -1.14134440E-33
  0.229900002      -1.13694117E-33
  0.231000006      -2.91776593E-34
  0.232099995       1.38009713E-33
  0.233199999       3.26008407E-33
  0.234300002       4.15262077E-33
  0.235399991       2.73568466E-33
  0.236499995      -1.60379968E-33
  0.237599999      -7.87404450E-33
  0.238700002      -1.30901875E-32
  0.239800006      -1.29770550E-32
  0.240899995      -3.98646795E-33
  0.241999999       1.38705130E-32
  0.243100002       3.47097474E-32
  0.244199991       4.67995981E-32
  0.245299995       3.63719052E-32
  0.246399999      -4.83859813E-33
  0.247500002      -7.07571897E-32
  0.248600006      -1.35578521E-31
  0.249699995      -1.57342058E-31
  0.250800014      -9.38625833E-32
  0.251899987       7.11160388E-32
  0.252999991       3.01265049E-31
  0.254099995       4.96542026E-31
  0.255199999       5.13966661E-31
  0.256300002       2.27423926E-31
  0.257400006      -3.85573926E-31
  0.258500010      -1.16545394E-30
  0.259599984      -1.75199665E-30
  0.260699987      -1.67257311E-30
  0.261799991      -5.49633511E-31
  0.262899995       1.62108608E-30
  0.263999999       4.23876191E-30
  0.265100002       6.07067036E-30
  0.266200006       5.56671920E-30
  0.267300010       1.54195782E-30
  0.268400013      -5.93333839E-30
  0.269499987      -1.48046084E-29
  0.270599991      -2.09599708E-29
  0.271699995      -1.92466304E-29
  0.272799999      -5.67515018E-30
  0.273900002       1.96734075E-29
  0.275000006       5.01934117E-29
  0.276100010       7.23536371E-29
  0.277199984       6.88022463E-29
  0.278299987       2.54133468E-29
  0.279399991      -5.91338072E-29
  0.280499995      -1.64834205E-28
  0.281599998      -2.48069334E-28
  0.282700002      -2.50444704E-28
  0.283800006      -1.20703988E-28
  0.284900010       1.54001174E-28
  0.286000013       5.18238811E-28
  0.287099987       8.36149515E-28
  0.288199991       9.13556395E-28
  0.289299995       5.63191797E-28
  0.290399998      -2.95035375E-28
  0.291500002      -1.52930653E-27
  0.292600006      -2.73680384E-27
  0.293700010      -3.28668535E-27
  0.294799984      -2.50248327E-27
  0.295899987       2.60012309E-29
  0.296999991       4.08085180E-27
  0.298099995       8.55479823E-27
  0.299199998       1.14756574E-26
  0.300300002       1.04685571E-26
  0.301400006       3.68250016E-27
  0.302500010      -9.00293132E-27
  0.303600013      -2.49106913E-26
  0.304699987      -3.82305938E-26
  0.305799991      -4.09918257E-26
  0.306899995      -2.56199142E-26
  0.307999998       1.12306645E-26
  0.309100002       6.46490555E-26
  0.310200006       1.19029706E-25
  0.311300009       1.49244250E-25
  0.312399983       1.26922876E-25
  0.313499987       3.17900622E-26
  0.314599991      -1.34294251E-25
  0.315699995      -3.35571371E-25
  0.316799998      -4.99486806E-25
  0.317900002      -5.28948937E-25
  0.319000006      -3.32606906E-25
  0.320100009       1.30505549E-25
  0.321200013       8.03951913E-25
  0.322299987       1.50430203E-24
  0.323399991       1.93171091E-24
  0.324499995       1.73817572E-24
  0.325599998       6.54906456E-25
  0.326700002      -1.34460276E-24
  0.327800006      -3.89781971E-24
  0.328900009      -6.19492982E-24
  0.329999983      -7.08328068E-24
  0.331099987      -5.37785333E-24
  0.332199991      -3.55470116E-25
  0.333299994       7.67927850E-24
  0.334399998       1.69581949E-23
  0.335500002       2.41989062E-23
  0.336600006       2.51681859E-23
  0.337700009       1.59508669E-23
  0.338800013      -5.22855351E-24
  0.339899987      -3.60947788E-23
  0.340999991      -6.90691962E-23
  0.342099994      -9.15424045E-23
  0.343199998      -8.83637242E-23
  0.344300002      -4.67077379E-23
  0.345400006       3.74143474E-23
  0.346500009       1.52768758E-22
  0.347599983       2.69304289E-22
  0.348699987       3.40240101E-22
  0.349799991       3.11964398E-22
  0.350899994       1.41905765E-22
  0.351999998      -1.78583165E-22
  0.353100002      -6.02786061E-22
  0.354200006      -1.01781808E-21
  0.355300009      -1.25418716E-21
  0.356400013      -1.12248904E-21
  0.357499987      -4.76936014E-22
  0.358599991       7.05036520E-22
  0.359699994       2.24947486E-21
  0.360799998       3.75050879E-21
  0.361900002       4.60549568E-21
  0.363000005       4.14301124E-21
  0.364100009       1.84295699E-21
  0.365199983      -2.38834407E-21
  0.366299987      -7.96293414E-21
  0.367399991      -1.34811408E-20
  0.368499994      -1.68388010E-20
  0.369599998      -1.56496045E-20
  0.370700002      -7.98546835E-21
  0.371800005       6.67896767E-21
  0.372900009       2.65622736E-20
  0.374000013       4.70579496E-20
  0.375099987       6.09811054E-20
  0.376199991       5.98760955E-20
  0.377299994       3.64225040E-20
  0.378399998      -1.23675594E-20
  0.379500002      -8.19165879E-20
  0.380600005      -1.57936102E-19
  0.381700009      -2.16652160E-19
  0.382799983      -2.28488223E-19
  0.383899987      -1.65551191E-19
  0.384999990      -1.22048036E-20
  0.386099994       2.23461395E-19
  0.387199998       5.00794375E-19
  0.388300002       7.44669191E-19
  0.389400005       8.54371022E-19
  0.390500009       7.25488838E-19
  0.391600013       2.83552189E-19
  0.392699987      -4.76351446E-19
  0.393799990      -1.45436322E-18
  0.394899994      -2.42886987E-18
  0.395999998      -3.07203506E-18
  0.397100002      -3.00744032E-18
  0.398200005      -1.91096402E-18
  0.399300009       3.57942506E-19
  0.400399983       3.62362515E-18
  0.401499987       7.30199062E-18
  0.402599990       1.03968166E-17
  0.403699994       1.16268325E-17
  0.404799998       9.70244312E-18
  0.405900002       3.73121032E-18
  0.407000005      -6.31474022E-18
  0.408100009      -1.91895612E-17
  0.409200013      -3.21754035E-17
  0.410299987      -4.12542037E-17
  0.411399990      -4.17559317E-17
  0.412499994      -2.95003477E-17
  0.413599998      -2.30227360E-18
  0.414700001       3.84571222E-17
  0.415800005       8.66373820E-17
  0.416900009       1.31049311E-16
  0.417999983       1.56538968E-16
  0.419099987       1.46747373E-16
  0.420199990       8.84265339E-17
  0.421299994      -2.32780867E-17
  0.422399998      -1.79684567E-16
  0.423500001      -3.55146595E-16
  0.424600005      -5.07055839E-16
  0.425700009      -5.80701595E-16
  0.426800013      -5.19705959E-16
  0.427899987      -2.81373069E-16
  0.428999990       1.45354507E-16
  0.430099994       7.23116580E-16
  0.431199998       1.35588651E-15
  0.432300001       1.89067855E-15
  0.433400005       2.13564640E-15
  0.434500009       1.89631979E-15
  0.435599983       1.02769809E-15
  0.436699986      -5.05842253E-16
  0.437799990      -2.57506275E-15
  0.438899994      -4.85254122E-15
  0.439999998      -6.81729809E-15
  0.441100001      -7.81300480E-15
  0.442200005      -7.16492210E-15
  0.443300009      -4.34842956E-15
  0.444400012       8.14492483E-16
  0.445499986       7.97015143E-15
  0.446599990       1.61105548E-14
  0.447699994       2.35659711E-14
  0.448799998       2.81637439E-14
  0.449900001       2.75716356E-14
  0.451000005       1.98127596E-14
  0.452100009       3.89115586E-15
  0.453199983      -1.95851111E-14
  0.454299986      -4.79338689E-14
  0.455399990      -7.62457995E-14
  0.456499994      -9.77045999E-14
  0.457599998      -1.04478214E-13
  0.458700001      -8.91666908E-14
  0.459800005      -4.66846580E-14
  0.460900009       2.37102852E-14
  0.462000012       1.16646371E-13
  0.463099986       2.19613011E-13
  0.464199990       3.13177381E-13
  0.465299994       3.72781883E-13
  0.466399997       3.72319119E-13
  0.467500001       2.89250042E-13
  0.468600005       1.10733295E-13
  0.469700009      -1.60266643E-13
  0.470799983      -5.00125223E-13
  0.471899986      -8.62393598E-13
  0.472999990      -1.17957532E-12
  0.474099994      -1.36989270E-12
  0.475199997      -1.34894439E-12
  0.476300001      -1.04564686E-12
  0.477400005      -4.20533481E-13
  0.478500009       5.16285636E-13
  0.479600012       1.69123320E-12
  0.480699986       2.96107366E-12
  0.481799990       4.11787314E-12
  0.482899994       4.90760210E-12
  0.483999997       5.06184808E-12
  0.485100001       4.34139226E-12
  0.486200005       2.58694650E-12
  0.487300009      -2.30216697E-13
  0.488399982      -3.96500627E-12
  0.489499986      -8.27320157E-12
  0.490599990      -1.26122559E-11
  0.491699994      -1.62737063E-11
  0.492799997      -1.84480781E-11
  0.493900001      -1.83204493E-11
  0.495000005      -1.51888849E-11
  0.496100008      -8.59313488E-12
  0.497200012       1.56309124E-12
  0.498299986       1.49122624E-11
  0.499399990       3.05685893E-11
  0.500500023       4.71225906E-11
  0.501600027       6.26958832E-11
  0.502699971       7.50485993E-11
  0.503799975       8.17333631E-11
  0.504899979       8.02844249E-11
  0.505999982       6.83980997E-11
  0.507099986       4.40774812E-11
  0.508199990       5.71566882E-12
  0.509299994      -4.78880893E-11
  0.510399997      -1.17597376E-10
  0.511500001      -2.04154901E-10
  0.512600005      -3.08484571E-10
  0.513700008      -4.32051672E-10
  0.514800012      -5.77328796E-10
  0.515900016      -7.48125339E-10
  0.517000020      -9.50199031E-10
  0.518100023      -1.19157328E-09
  0.519199967      -1.48309331E-09
  0.520299971      -1.83856697E-09
  0.521399975      -2.27531416E-09
  0.522499979      -2.81412893E-09
  0.523599982      -3.48027474E-09
  0.524699986      -4.30337233E-09
  0.525799990      -5.31818989E-09
  0.526899993      -6.56515864E-09
  0.527999997      -8.09188183E-09
  0.529100001      -9.95327110E-09
  0.530200005      -1.22129089E-08
  0.531300008      -1.49454369E-08
  0.532400012      -1.82373920E-08
  0.533500016      -2.21877041E-08
  0.534600019      -2.69124065E-08
  0.535700023      -3.25440794E-08
  0.536800027      -3.92352284E-08
  0.537899971      -4.71572612E-08
  0.538999975      -5.65034384E-08
  0.540099978      -6.75027039E-08
  0.541199982      -8.04037370E-08
  0.542299986      -9.54866408E-08
  0.543399990      -1.13052906E-07
  0.544499993      -1.33450158E-07
  0.545599997      -1.57054373E-07
  0.546700001      -1.84277241E-07
  0.547800004      -2.15564825E-07
  0.548900008      -2.51397154E-07
