   0.00000000       0.00000000    
   1.09999999E-03   0.00000000    
   2.19999999E-03   0.00000000    
   3.29999998E-03   0.00000000    
   4.39999998E-03   0.00000000    
   5.49999997E-03   0.00000000    
   6.59999996E-03   0.00000000    
   7.69999996E-03   0.00000000    
   8.79999995E-03   0.00000000    
   9.89999995E-03   0.00000000    
   1.09999999E-02   0.00000000    
   1.20999999E-02   0.00000000    
   1.31999999E-02   0.00000000    
   1.42999999E-02   0.00000000    
   1.53999999E-02   0.00000000    
   1.64999999E-02   0.00000000    
   1.75999999E-02   0.00000000    
   1.86999999E-02   0.00000000    
   1.97999999E-02   0.00000000    
   2.08999999E-02   0.00000000    
   2.19999999E-02   0.00000000    
   2.30999999E-02   0.00000000    
   2.41999999E-02   0.00000000    
   2.52999999E-02   0.00000000    
   2.63999999E-02   0.00000000    
   2.74999999E-02   0.00000000    
   2.85999998E-02   0.00000000    
   2.96999998E-02   0.00000000    
   3.07999998E-02   0.00000000    
   3.18999998E-02   0.00000000    
   3.29999998E-02   0.00000000    
   3.40999998E-02   0.00000000    
   3.51999998E-02   0.00000000    
   3.62999998E-02   0.00000000    
   3.73999998E-02   0.00000000    
   3.84999998E-02   0.00000000    
   3.95999998E-02   0.00000000    
   4.06999998E-02   0.00000000    
   4.17999998E-02   0.00000000    
   4.28999998E-02   0.00000000    
   4.39999998E-02   0.00000000    
   4.50999998E-02   0.00000000    
   4.61999997E-02   0.00000000    
   4.72999997E-02   0.00000000    
   4.83999997E-02   0.00000000    
   4.94999997E-02   0.00000000    
   5.05999997E-02   0.00000000    
   5.16999997E-02   0.00000000    
   5.27999997E-02   0.00000000    
   5.38999997E-02   0.00000000    
   5.49999997E-02   0.00000000    
   5.60999997E-02   0.00000000    
   5.71999997E-02   0.00000000    
   5.82999997E-02   0.00000000    
   5.93999997E-02   0.00000000    
   6.04999997E-02   0.00000000    
   6.15999997E-02   0.00000000    
   6.27000034E-02   0.00000000    
   6.37999997E-02   0.00000000    
   6.48999959E-02   0.00000000    
   6.59999996E-02   0.00000000    
   6.71000034E-02   0.00000000    
   6.81999996E-02   0.00000000    
   6.92999959E-02   0.00000000    
   7.03999996E-02   0.00000000    
   7.15000033E-02   0.00000000    
   7.25999996E-02   0.00000000    
   7.36999959E-02   0.00000000    
   7.47999996E-02   0.00000000    
   7.59000033E-02   0.00000000    
   7.69999996E-02   0.00000000    
   7.80999959E-02   0.00000000    
   7.91999996E-02   0.00000000    
   8.03000033E-02   0.00000000    
   8.13999996E-02   0.00000000    
   8.24999958E-02   0.00000000    
   8.35999995E-02   0.00000000    
   8.47000033E-02   0.00000000    
   8.57999995E-02   0.00000000    
   8.68999958E-02   0.00000000    
   8.79999995E-02   0.00000000    
   8.91000032E-02   0.00000000    
   9.01999995E-02   0.00000000    
   9.12999958E-02   0.00000000    
   9.23999995E-02   0.00000000    
   9.35000032E-02   0.00000000    
   9.45999995E-02   0.00000000    
   9.56999958E-02   0.00000000    
   9.67999995E-02   0.00000000    
   9.79000032E-02   0.00000000    
   9.89999995E-02   0.00000000    
  0.100099996       0.00000000    
  0.101199999       0.00000000    
  0.102300003       0.00000000    
  0.103399999       0.00000000    
  0.104499996       0.00000000    
  0.105599999       0.00000000    
  0.106700003       0.00000000    
  0.107799999       0.00000000    
  0.108899996       0.00000000    
  0.109999999       0.00000000    
  0.111100003       0.00000000    
  0.112199999       0.00000000    
  0.113299996       0.00000000    
  0.114399999       0.00000000    
  0.115500003       0.00000000    
  0.116599999       0.00000000    
  0.117699996       0.00000000    
  0.118799999       0.00000000    
  0.119900003       0.00000000    
  0.120999999       0.00000000    
  0.122099996       0.00000000    
  0.123199999       0.00000000    
  0.124300003       0.00000000    
  0.125400007       0.00000000    
  0.126499996       0.00000000    
  0.127599999       0.00000000    
  0.128700003       0.00000000    
  0.129799992       0.00000000    
  0.130899996       0.00000000    
  0.131999999       0.00000000    
  0.133100003       0.00000000    
  0.134200007       0.00000000    
  0.135299996       0.00000000    
  0.136399999      -0.00000000    
  0.137500003      -0.00000000    
  0.138599992      -0.00000000    
  0.139699996       0.00000000    
  0.140799999       0.00000000    
  0.141900003       0.00000000    
  0.143000007      -1.40129846E-45
  0.144099995      -1.40129846E-45
  0.145199999       1.40129846E-45
  0.146300003       1.40129846E-45
  0.147399992       1.40129846E-45
  0.148499995      -1.40129846E-45
  0.149599999      -4.20389539E-45
  0.150700003      -7.00649232E-45
  0.151800007      -2.80259693E-45
  0.152899995       9.80908925E-45
  0.153999999       2.94272678E-44
  0.155100003       3.50324616E-44
  0.156199992       1.40129846E-45
  0.157299995      -8.12753109E-44
  0.158399999      -1.70958413E-43
  0.159500003      -1.58346726E-43
  0.160600007       7.56701171E-44
  0.161699995       5.31092118E-43
  0.162799999       9.17850494E-43
  0.163900003       6.55807681E-43
  0.164999992      -7.81924543E-43
  0.166099995      -3.12909947E-42
  0.167199999      -4.64530441E-42
  0.168300003      -2.39341778E-42
  0.169400007       5.66124580E-42
  0.170499995       1.70341841E-41
  0.171599999       2.21727456E-41
  0.172700003       7.25732475E-42
  0.173799992      -3.45167838E-41
  0.174899995      -8.65554035E-41
  0.175999999      -1.00583802E-40
  0.177100003      -1.55432026E-41
  0.178200006       1.87109779E-40
  0.179299995       4.13799233E-40
  0.180399999       4.37807679E-40
  0.181500003       3.79331494E-42
  0.182599992      -9.21886234E-40
  0.183699995      -1.87358229E-39
  0.184799999      -1.85388984E-39
  0.185900003       1.63419427E-40
  0.187000006       4.17762945E-39
  0.188099995       8.09727426E-39
  0.189199999       7.76403147E-39
  0.190300003      -8.79026119E-40
  0.191399992      -1.75646260E-38
  0.192499995      -3.36633229E-38
  0.193599999      -3.25269147E-38
  0.194700003       1.92372215E-39
  0.195800006       6.89017390E-38
  0.196899995       1.35248664E-37
  0.197999999       1.36360062E-37
  0.199100003       8.02980594E-39
  0.200199991      -2.52225473E-37
  0.201299995      -5.24845242E-37
  0.202399999      -5.66331209E-37
  0.203500003      -1.20964198E-37
  0.204600006       8.54084912E-37
  0.205699995       1.95512893E-36
  0.206799999       2.29609690E-36
  0.207900003       8.78488132E-37
  0.208999991      -2.61042003E-36
  0.210099995      -6.91509376E-36
  0.211199999      -8.95849741E-36
  0.212300003      -4.97733322E-36
  0.213400006       6.78323808E-36
  0.214499995       2.28643280E-35
  0.215599999       3.32174471E-35
  0.216700003       2.43099550E-35
  0.217799991      -1.23415513E-35
  0.218899995      -6.90739422E-35
  0.219999999      -1.15600112E-34
  0.221100003      -1.05970115E-34
  0.222200006      -3.48176742E-36
  0.223299995       1.83010420E-34
  0.224399999       3.71677447E-34
  0.225500003       4.17060942E-34
  0.226599991       1.75308004E-34
  0.227699995      -3.84845187E-34
  0.228799999      -1.07698912E-33
  0.229900002      -1.48031023E-33
  0.231000006      -1.08429518E-33
  0.232099995       4.00842747E-34
  0.233199999       2.68016808E-33
  0.234300002       4.68063336E-33
  0.235399991       4.77803666E-33
  0.236499995       1.56241566E-33
  0.237599999      -5.03570209E-33
  0.238700002      -1.27957233E-32
  0.239800006      -1.71912596E-32
  0.240899995      -1.29172371E-32
  0.241999999       3.07215504E-33
  0.243100002       2.80557470E-32
  0.244199991       5.15571058E-32
  0.245299995       5.71169943E-32
  0.246399999       2.90487429E-32
  0.247500002      -3.69944970E-32
  0.248600006      -1.23924341E-31
  0.249699995      -1.90187792E-31
  0.250800014      -1.80104143E-31
  0.251899987      -4.94914625E-32
  0.252999991       1.99606770E-31
  0.254099995       4.90611422E-31
  0.255199999       6.71628242E-31
  0.256300002       5.59740740E-31
  0.257400006       3.17092364E-32
  0.258500010      -8.64252505E-31
  0.259599984      -1.82880665E-30
  0.260699987      -2.33034589E-30
  0.261799991      -1.77172521E-30
  0.262899995       2.01513022E-31
  0.263999999       3.34294870E-30
  0.265100002       6.57196435E-30
  0.266200006       8.07367587E-30
  0.267300010       5.87777268E-30
  0.268400013      -1.11951035E-30
  0.269499987      -1.19932345E-29
  0.270599991      -2.30496755E-29
  0.271699995      -2.81727741E-29
  0.272799999      -2.07244807E-29
  0.273900002       3.10524042E-30
  0.275000006       4.04505835E-29
  0.276100010       7.92197398E-29
  0.277199984       9.90029043E-29
  0.278299987       7.70325575E-29
  0.279399991      -9.59193046E-31
  0.280499995      -1.27855038E-28
  0.281599998      -2.65870368E-28
  0.282700002      -3.47935711E-28
  0.283800006      -2.95395524E-28
  0.284900010      -5.24445108E-29
  0.286000013       3.70699505E-28
  0.287099987       8.63131601E-28
  0.288199991       1.20999505E-27
  0.289299995       1.14086928E-27
  0.290399998       4.35506349E-28
  0.291500002      -9.33132028E-28
  0.292600006      -2.66906735E-27
  0.293700010      -4.11012671E-27
  0.294799984      -4.34355211E-27
  0.295899987      -2.51541993E-27
  0.296999991       1.70698888E-27
  0.298099995       7.65965450E-27
  0.299199998       1.34200216E-26
  0.300300002       1.60109413E-26
  0.301400006       1.22402324E-26
  0.302500010       1.34676309E-28
  0.303600013      -1.93821614E-26
  0.304699987      -4.12376514E-26
  0.305799991      -5.62246682E-26
  0.306899995      -5.30037984E-26
  0.307999998      -2.22765830E-26
  0.309100002       3.76012091E-26
  0.310200006       1.15393106E-25
  0.311300009       1.84804830E-25
  0.312399983       2.08106462E-25
  0.313499987       1.47153596E-25
  0.314599991      -1.91158993E-26
  0.315699995      -2.75089627E-25
  0.316799998      -5.54615661E-25
  0.317900002      -7.42396998E-25
  0.319000006      -6.98539487E-25
  0.320100009      -3.08163336E-25
  0.321200013       4.52284969E-25
  0.322299987       1.45250592E-24
  0.323399991       2.37952260E-24
  0.324499995       2.77415914E-24
  0.325599998       2.15279116E-24
  0.326700002       2.07825381E-25
  0.327800006      -2.95744052E-24
  0.328900009      -6.64343156E-24
  0.329999983      -9.52628587E-24
  0.331099987      -9.88505271E-24
  0.332199991      -6.12650994E-24
  0.333299994       2.45630223E-24
  0.334399998       1.48872868E-23
  0.335500002       2.79925241E-23
  0.336600006       3.65370836E-23
  0.337700009       3.43073841E-23
  0.338800013       1.61961380E-23
  0.339899987      -1.90407546E-23
  0.340999991      -6.61465864E-23
  0.342099994      -1.11998685E-22
  0.343199998      -1.36760322E-22
  0.344300002      -1.18422600E-22
  0.345400006      -4.06718570E-23
  0.346500009       9.73343349E-23
  0.347599983       2.72257204E-22
  0.348699987       4.33003151E-22
  0.349799991       5.06428860E-22
  0.350899994       4.14925059E-22
  0.351999998       1.05150590E-22
  0.353100002      -4.17745041E-22
  0.354200006      -1.06095738E-21
  0.355300009      -1.63404431E-21
  0.356400013      -1.87205351E-21
  0.357499987      -1.49994250E-21
  0.358599991      -3.34518852E-22
  0.359699994       1.59590343E-21
  0.360799998       3.95119985E-21
  0.361900002       6.04676379E-21
  0.363000005       6.93569941E-21
  0.364100009       5.63332615E-21
  0.365199983       1.47162742E-21
  0.366299987      -5.48356850E-21
  0.367399991      -1.40769936E-20
  0.368499994      -2.19336261E-20
  0.369599998      -2.57158982E-20
  0.370700002      -2.18691464E-20
  0.371800005      -7.82424648E-21
  0.372900009       1.65513331E-20
  0.374000013       4.76611678E-20
  0.375099987       7.75928825E-20
  0.376199991       9.48019486E-20
  0.377299994       8.64427586E-20
  0.378399998       4.23346029E-20
  0.379500002      -4.00448959E-20
  0.380600005      -1.50817592E-19
  0.381700009      -2.64989170E-19
  0.382799983      -3.43727821E-19
  0.383899987      -3.41123494E-19
  0.384999990      -2.16725805E-19
  0.386099994       4.76404366E-20
  0.387199998       4.30583982E-19
  0.388300002       8.59011091E-19
  0.389400005       1.20780663E-18
  0.390500009       1.31708681E-18
  0.391600013       1.02962293E-18
  0.392699987       2.45344432E-19
  0.393799990      -1.01720468E-18
  0.394899994      -2.56954496E-18
  0.395999998      -4.03412221E-18
  0.397100002      -4.87852266E-18
  0.398200005      -4.51697400E-18
  0.399300009      -2.47732032E-18
  0.400399983       1.39005510E-18
  0.401499987       6.71052878E-18
  0.402599990       1.24575584E-17
  0.403699994       1.69750879E-17
  0.404799998       1.82116947E-17
  0.405900002       1.41890509E-17
  0.407000005       3.66444940E-18
  0.408100009      -1.31349589E-17
  0.409200013      -3.38988707E-17
  0.410299987      -5.39896451E-17
  0.411399990      -6.68057003E-17
  0.412499994      -6.49194572E-17
  0.413599998      -4.19796510E-17
  0.414700001       4.85291190E-18
  0.415800005       7.24428435E-17
  0.416900009       1.49910551E-16
  0.417999983       2.18406387E-16
  0.419099987       2.53148449E-16
  0.420199990       2.28123919E-16
  0.421299994       1.23237854E-16
  0.422399998      -6.71428856E-17
  0.423500001      -3.26104455E-16
  0.424600005      -6.09134797E-16
  0.425700009      -8.44812768E-16
  0.426800013      -9.43517941E-16
  0.427899987      -8.15050360E-16
  0.428999990      -3.93989832E-16
  0.430099994       3.31082627E-16
  0.431199998       1.29099711E-15
  0.432300001       2.32065195E-15
  0.433400005       3.16363481E-15
  0.434500009       3.50380176E-15
  0.435599983       3.02639536E-15
  0.436699986       1.50421436E-15
  0.437799990      -1.10414154E-15
  0.438899994      -4.56529371E-15
  0.439999998      -8.31856743E-15
  0.441100001      -1.14884425E-14
  0.442200005      -1.29846559E-14
  0.443300009      -1.16983238E-14
  0.444400012      -6.78251426E-15
  0.445499986       2.02349628E-15
  0.446599990       1.40897773E-14
  0.447699994       2.76965916E-14
  0.448799998       4.00301435E-14
  0.449900001       4.74496066E-14
  0.451000005       4.60629493E-14
  0.452100009       3.25861774E-14
  0.453199983       5.38617197E-15
  0.454299986      -3.44802752E-14
  0.455399990      -8.24769601E-14
  0.456499994      -1.30330032E-13
  0.457599998      -1.66550164E-13
  0.458700001      -1.77903821E-13
  0.459800005      -1.51834667E-13
  0.460900009      -7.96088998E-14
  0.462000012       4.02525303E-14
  0.463099986       1.98956465E-13
  0.464199990       3.75616205E-13
  0.465299994       5.37471543E-13
  0.466399997       6.42800700E-13
  0.467500001       6.46760531E-13
  0.468600005       5.09960401E-13
  0.469700009       2.08800113E-13
  0.470799983      -2.53971730E-13
  0.471899986      -8.40643690E-13
  0.472999990      -1.47421496E-12
  0.474099994      -2.04070246E-12
  0.475199997      -2.39955798E-12
  0.476300001      -2.40278934E-12
  0.477400005      -1.92158724E-12
  0.478500009      -8.77705460E-13
  0.479600012       7.24895784E-13
  0.480699986       2.77433046E-12
  0.481799990       5.03737416E-12
  0.482899994       7.16409831E-12
  0.483999997       8.71486043E-12
  0.485100001       9.21135130E-12
  0.486200005       8.20901420E-12
  0.487300009       5.38432406E-12
  0.488399982       6.25756337E-13
  0.489499986      -5.88554856E-12
  0.490599990      -1.36202646E-11
  0.491699994      -2.16866351E-11
  0.492799997      -2.88674327E-11
  0.493900001      -3.37161757E-11
  0.495000005      -3.47087324E-11
  0.496100008      -3.04408686E-11
  0.497200012      -1.98558028E-11
  0.498299986      -2.47242222E-12
  0.499399990       2.14132063E-11
  0.500500023       5.05786940E-11
  0.501600027       8.28075386E-11
  0.502699971       1.14910137E-10
  0.503799975       1.42840823E-10
  0.504899979       1.61896274E-10
  0.505999982       1.66976183E-10
  0.507099986       1.52848734E-10
  0.508199990       1.14396853E-10
  0.509299994       4.67850828E-11
  0.510399997      -5.45238299E-11
  0.511500001      -1.93870101E-10
  0.512600005      -3.75689951E-10
  0.513700008      -6.05025308E-10
  0.514800012      -8.88189633E-10
  0.515900016      -1.23357091E-09
  0.517000020      -1.65250469E-09
  0.518100023      -2.16032481E-09
  0.519199967      -2.77737477E-09
  0.520299971      -3.53008645E-09
  0.521399975      -4.45210979E-09
  0.522499979      -5.58541169E-09
  0.523599982      -6.98135949E-09
  0.524699986      -8.70206751E-09
  0.525799990      -1.08222338E-08
  0.526899993      -1.34312685E-08
  0.527999997      -1.66336100E-08
  0.529100001      -2.05530704E-08
  0.530200005      -2.53351757E-08
  0.531300008      -3.11508010E-08
  0.532400012      -3.81994241E-08
  0.533500016      -4.67132324E-08
  0.534600019      -5.69634189E-08
  0.535700023      -6.92627680E-08
  0.536800027      -8.39739869E-08
  0.537899971      -1.01514097E-07
  0.538999975      -1.22361527E-07
  0.540099978      -1.47060348E-07
  0.541199982      -1.76235147E-07
  0.542299986      -2.10588354E-07
  0.543399990      -2.50904009E-07
  0.544499993      -2.98074269E-07
  0.545599997      -3.53084943E-07
  0.546700001      -4.17042941E-07
  0.547800004      -4.91152036E-07
  0.548900008      -5.76732475E-07
