   0.00000000       0.00000000    
   1.09999999E-03   0.00000000    
   2.19999999E-03   0.00000000    
   3.29999998E-03   0.00000000    
   4.39999998E-03   0.00000000    
   5.49999997E-03   0.00000000    
   6.59999996E-03   0.00000000    
   7.69999996E-03   0.00000000    
   8.79999995E-03   0.00000000    
   9.89999995E-03   0.00000000    
   1.09999999E-02   0.00000000    
   1.20999999E-02   0.00000000    
   1.31999999E-02   0.00000000    
   1.42999999E-02   0.00000000    
   1.53999999E-02   0.00000000    
   1.64999999E-02   0.00000000    
   1.75999999E-02   0.00000000    
   1.86999999E-02   0.00000000    
   1.97999999E-02   0.00000000    
   2.08999999E-02   0.00000000    
   2.19999999E-02   0.00000000    
   2.30999999E-02   0.00000000    
   2.41999999E-02   0.00000000    
   2.52999999E-02   0.00000000    
   2.63999999E-02   0.00000000    
   2.74999999E-02   0.00000000    
   2.85999998E-02   0.00000000    
   2.96999998E-02   0.00000000    
   3.07999998E-02   0.00000000    
   3.18999998E-02   0.00000000    
   3.29999998E-02   0.00000000    
   3.40999998E-02   0.00000000    
   3.51999998E-02   0.00000000    
   3.62999998E-02   0.00000000    
   3.73999998E-02   0.00000000    
   3.84999998E-02   0.00000000    
   3.95999998E-02   0.00000000    
   4.06999998E-02   0.00000000    
   4.17999998E-02   0.00000000    
   4.28999998E-02   0.00000000    
   4.39999998E-02   0.00000000    
   4.50999998E-02   0.00000000    
   4.61999997E-02   0.00000000    
   4.72999997E-02   0.00000000    
   4.83999997E-02   0.00000000    
   4.94999997E-02   0.00000000    
   5.05999997E-02   0.00000000    
   5.16999997E-02   0.00000000    
   5.27999997E-02   0.00000000    
   5.38999997E-02   0.00000000    
   5.49999997E-02   0.00000000    
   5.60999997E-02   0.00000000    
   5.71999997E-02   0.00000000    
   5.82999997E-02   0.00000000    
   5.93999997E-02   0.00000000    
   6.04999997E-02   0.00000000    
   6.15999997E-02   0.00000000    
   6.27000034E-02   0.00000000    
   6.37999997E-02   0.00000000    
   6.48999959E-02   0.00000000    
   6.59999996E-02   0.00000000    
   6.71000034E-02   0.00000000    
   6.81999996E-02   0.00000000    
   6.92999959E-02   0.00000000    
   7.03999996E-02   0.00000000    
   7.15000033E-02   0.00000000    
   7.25999996E-02   0.00000000    
   7.36999959E-02   0.00000000    
   7.47999996E-02   0.00000000    
   7.59000033E-02   0.00000000    
   7.69999996E-02   0.00000000    
   7.80999959E-02   0.00000000    
   7.91999996E-02   0.00000000    
   8.03000033E-02   0.00000000    
   8.13999996E-02   0.00000000    
   8.24999958E-02   0.00000000    
   8.35999995E-02   0.00000000    
   8.47000033E-02   0.00000000    
   8.57999995E-02   0.00000000    
   8.68999958E-02   0.00000000    
   8.79999995E-02   0.00000000    
   8.91000032E-02   0.00000000    
   9.01999995E-02   0.00000000    
   9.12999958E-02   0.00000000    
   9.23999995E-02   0.00000000    
   9.35000032E-02   0.00000000    
   9.45999995E-02   0.00000000    
   9.56999958E-02   0.00000000    
   9.67999995E-02   0.00000000    
   9.79000032E-02   0.00000000    
   9.89999995E-02   0.00000000    
  0.100099996       0.00000000    
  0.101199999       0.00000000    
  0.102300003       0.00000000    
  0.103399999       0.00000000    
  0.104499996       0.00000000    
  0.105599999       0.00000000    
  0.106700003       0.00000000    
  0.107799999       0.00000000    
  0.108899996       0.00000000    
  0.109999999       0.00000000    
  0.111100003       0.00000000    
  0.112199999       0.00000000    
  0.113299996       0.00000000    
  0.114399999       0.00000000    
  0.115500003       0.00000000    
  0.116599999       0.00000000    
  0.117699996       0.00000000    
  0.118799999       0.00000000    
  0.119900003       0.00000000    
  0.120999999       1.40129846E-45
  0.122099996       2.80259693E-45
  0.123199999       2.80259693E-45
  0.124300003      -2.80259693E-45
  0.125400007      -1.40129846E-44
  0.126499996      -2.10194770E-44
  0.127599999      -7.00649232E-45
  0.128700003       4.06376555E-44
  0.129799992       1.05097385E-43
  0.130899996       1.10702579E-43
  0.131999999      -4.20389539E-44
  0.133100003      -3.79751884E-43
  0.134200007      -6.92241441E-43
  0.135299996      -4.69434986E-43
  0.136399999       7.98740125E-43
  0.137500003       2.88807613E-42
  0.138599992       4.02312789E-42
  0.139699996       1.11823617E-42
  0.140799999      -7.78981816E-42
  0.141900003      -1.90982968E-41
  0.143000007      -2.05668576E-41
  0.144099995       4.21650708E-42
  0.145199999       5.92805302E-41
  0.146300003       1.13279567E-40
  0.147399992       9.21858208E-41
  0.148499995      -8.11253720E-41
  0.149599999      -3.89280713E-40
  0.150700003      -6.15087349E-40
  0.151800007      -3.54954506E-40
  0.152899995       7.10503163E-40
  0.153999999       2.29993576E-39
  0.155100003       3.10522975E-39
  0.156199992       1.10388548E-39
  0.157299995      -4.84942315E-39
  0.158399999      -1.25161597E-38
  0.159500003      -1.47767526E-38
  0.160600007      -2.17673780E-39
  0.161699995       2.86575373E-38
  0.162799999       6.37037344E-38
  0.163900003       6.71816339E-38
  0.164999992      -2.68387612E-39
  0.166099995      -1.52715087E-37
  0.167199999      -3.06623341E-37
  0.168300003      -2.95926389E-37
  0.169400007       5.62587198E-38
  0.170499995       7.48928067E-37
  0.171599999       1.40722060E-36
  0.172700003       1.27979687E-36
  0.173799992      -3.60821395E-37
  0.174899995      -3.41685120E-36
  0.175999999      -6.19239504E-36
  0.177100003      -5.49022407E-36
  0.178200006       1.63195820E-36
  0.179299995       1.45750997E-35
  0.180399999       2.62054540E-35
  0.181500003       2.34741673E-35
  0.182599992      -5.42804067E-36
  0.183699995      -5.81490251E-35
  0.184799999      -1.06671693E-34
  0.185900003      -9.97977485E-35
  0.187000006       9.64357084E-36
  0.188099995       2.15944121E-34
  0.189199999       4.16485087E-34
  0.190300003       4.18304257E-34
  0.191399992       3.46497967E-35
  0.192499995      -7.37540053E-34
  0.193599999      -1.55030293E-33
  0.194700003      -1.70786950E-33
  0.195800006      -4.84322866E-34
  0.196899995       2.25905806E-33
  0.197999999       5.44819665E-33
  0.199100003       6.70119575E-33
  0.200199991       3.28260765E-33
  0.201299995      -5.85600796E-33
  0.202399999      -1.78048985E-32
  0.203500003      -2.49167157E-32
  0.204600006      -1.73383242E-32
  0.205699995       1.06577650E-32
  0.206799999       5.27819651E-32
  0.207900003       8.64525549E-32
  0.208999991       7.82547807E-32
  0.210099995       2.03104283E-33
  0.211199999      -1.35284342E-31
  0.212300003      -2.74441914E-31
  0.213400006      -3.10667546E-31
  0.214499995      -1.39681173E-31
  0.215599999       2.64092979E-31
  0.216700003       7.72704300E-31
  0.217799991       1.09015609E-30
  0.218899995       8.49224233E-31
  0.219999999      -1.75346235E-31
  0.221100003      -1.81086974E-30
  0.222200006      -3.33827982E-30
  0.223299995      -3.62259674E-30
  0.224399999      -1.61170883E-30
  0.225500003       2.89840796E-30
  0.226599991       8.57244584E-30
  0.227699995       1.24177688E-29
  0.228799999       1.06706322E-29
  0.229900002       7.36316919E-31
  0.231000006      -1.64012976E-29
  0.232099995      -3.45251741E-29
  0.233199999      -4.27708777E-29
  0.234300002      -2.94509476E-29
  0.235399991       1.12497879E-29
  0.236499995       7.20113993E-29
  0.237599999       1.28554584E-28
  0.238700002       1.43610397E-28
  0.239800006       8.10689997E-29
  0.240899995      -7.18085929E-29
  0.241999999      -2.82162387E-28
  0.243100002      -4.62172150E-28
  0.244199991      -4.85821028E-28
  0.245299995      -2.38125156E-28
  0.246399999       3.11450678E-28
  0.247500002       1.03837370E-27
  0.248600006       1.63695590E-27
  0.249699995       1.68077967E-27
  0.250800014       7.88623294E-28
  0.251899987      -1.13240126E-27
  0.252999991      -3.65467817E-27
  0.254099995      -5.74410956E-27
  0.255199999      -5.95658508E-27
  0.256300002      -2.98051892E-27
  0.257400006       3.56092082E-27
  0.258500010       1.23261758E-26
  0.259599984       1.99240950E-26
  0.260699987       2.14845852E-26
  0.261799991       1.23671427E-26
  0.262899995      -9.21886658E-27
  0.263999999      -3.95207296E-26
  0.265100002      -6.78451995E-26
  0.266200006      -7.79568494E-26
  0.267300010      -5.32028872E-26
  0.268400013       1.50761072E-26
  0.269499987       1.18229061E-25
  0.270599991       2.24297807E-25
  0.271699995       2.80343761E-25
  0.272799999       2.26812351E-25
  0.273900002       2.37635874E-26
  0.275000006      -3.17221702E-25
  0.276100010      -7.08049600E-25
  0.277199984      -9.82468868E-25
  0.278299987      -9.32186677E-25
  0.279399991      -3.84949158E-25
  0.280499995       6.89260954E-25
  0.281599998       2.07931231E-24
  0.282700002       3.29343156E-24
  0.283800006       3.63244296E-24
  0.284900010       2.40546133E-24
  0.286000013      -7.33170333E-25
  0.287099987      -5.41634698E-24
  0.288199991      -1.03224090E-23
  0.289299995      -1.32446748E-23
  0.290399998      -1.16169416E-23
  0.291500002      -3.50886514E-24
  0.292600006       1.11041986E-23
  0.293700010       2.92282747E-23
  0.294799984       4.44947054E-23
  0.295899987       4.81502174E-23
  0.296999991       3.16983591E-23
  0.298099995      -9.07871144E-24
  0.299199998      -6.97601247E-23
  0.300300002      -1.34356606E-22
  0.301400006      -1.75916865E-22
  0.302500010      -1.62365598E-22
  0.303600013      -6.78872995E-23
  0.304699987       1.12090445E-22
  0.305799991       3.46901823E-22
  0.306899995       5.64288538E-22
  0.307999998       6.58644784E-22
  0.309100002       5.18296155E-22
  0.310200006       7.04736273E-23
  0.311300009      -6.65639822E-22
  0.312399983      -1.53601462E-21
  0.313499987      -2.24276432E-21
  0.314599991      -2.39116993E-21
  0.315699995      -1.60322951E-21
  0.316799998       3.13955508E-22
  0.317900002       3.18564844E-21
  0.319000006       6.34092626E-21
  0.320100009       8.62006693E-21
  0.321200013       8.58734887E-21
  0.322299987       4.97158611E-21
  0.323399991      -2.72407822E-21
  0.324499995      -1.36006232E-20
  0.325599998      -2.49743275E-20
  0.326700002      -3.24993382E-20
  0.327800006      -3.10214669E-20
  0.328900009      -1.62067704E-20
  0.329999983       1.32947812E-20
  0.331099987       5.37241626E-20
  0.332199991       9.49802642E-20
  0.333299994       1.21222608E-19
  0.334399998       1.14024973E-19
  0.335500002       5.81766852E-20
  0.336600006      -5.07402184E-20
  0.337700009      -1.98989218E-19
  0.338800013      -3.50448896E-19
  0.339899987      -4.48716428E-19
  0.340999991      -4.27971281E-19
  0.342099994      -2.32960479E-19
  0.343199998       1.54756303E-19
  0.344300002       6.90918892E-19
  0.345400006       1.25279688E-18
  0.346500009       1.64442927E-18
  0.347599983       1.63144998E-18
  0.348699987       1.00752511E-18
  0.349799991      -3.16026860E-19
  0.350899994      -2.21835158E-18
  0.351999998      -4.30685648E-18
  0.353100002      -5.92156515E-18
  0.354200006      -6.23712835E-18
  0.355300009      -4.47410785E-18
  0.356400013      -1.98321450E-19
  0.357499987       6.35408548E-18
  0.358599991       1.40268292E-17
  0.359699994       2.06921215E-17
  0.360799998       2.35110389E-17
  0.361900002       1.95655330E-17
  0.363000005       6.82358948E-18
  0.364100009      -1.47323795E-17
  0.365199983      -4.21188093E-17
  0.366299987      -6.89054023E-17
  0.367399991      -8.57150160E-17
  0.368499994      -8.19471355E-17
  0.369599998      -4.87256861E-17
  0.370700002       1.73306581E-17
  0.371800005       1.10371060E-16
  0.372900009       2.12843908E-16
  0.374000013       2.95684405E-16
  0.375099987       3.22319118E-16
  0.376199991       2.56947153E-16
  0.377299994       7.64042115E-17
  0.378399998      -2.16536760E-16
  0.379500002      -5.81981515E-16
  0.380600005      -9.38318323E-16
  0.381700009      -1.16860318E-15
  0.382799983      -1.14085608E-15
  0.383899987      -7.42178950E-16
  0.384999990       7.76584555E-17
  0.386099994       1.26231097E-15
  0.387199998       2.61783071E-15
  0.388300002       3.80953915E-15
  0.389400005       4.39988469E-15
  0.390500009       3.93376077E-15
  0.391600013       2.06645313E-15
  0.392699987      -1.28521876E-15
  0.393799990      -5.80300705E-15
  0.394899994      -1.06841771E-14
  0.395999998      -1.46633262E-14
  0.397100002      -1.61771689E-14
  0.398200005      -1.36849972E-14
  0.399300009      -6.11855944E-15
  0.400399983       6.61194215E-15
  0.401499987       2.31747537E-14
  0.402599990       4.05857599E-14
  0.403699994       5.43407380E-14
  0.404799998       5.90218521E-14
  0.405900002       4.94034135E-14
  0.407000005       2.19576724E-14
  0.408100009      -2.34865956E-14
  0.409200013      -8.23163084E-14
  0.410299987      -1.44408831E-13
  0.411399990      -1.94575259E-13
  0.412499994      -2.14511622E-13
  0.413599998      -1.86332042E-13
  0.414700001      -9.73786075E-14
  0.415800005       5.44413893E-14
  0.416900009       2.55950128E-13
  0.417999983       4.76055014E-13
  0.419099987       6.66597094E-13
  0.420199990       7.67777714E-13
  0.421299994       7.18501701E-13
  0.422399998       4.70894211E-13
  0.423500001       6.97710864E-15
  0.424600005      -6.45751627E-13
  0.425700009      -1.40395269E-12
  0.426800013      -2.12758543E-12
  0.427899987      -2.63207706E-12
  0.428999990      -2.71518550E-12
  0.430099994      -2.19738637E-12
  0.431199998      -9.71116308E-13
  0.432300001       9.49351600E-13
  0.433400005       3.38838029E-12
  0.434500009       5.99202589E-12
  0.435599983       8.24472088E-12
  0.436699986       9.52671449E-12
  0.437799990       9.21273387E-12
  0.438899994       6.80363144E-12
  0.439999998       2.07317041E-12
  0.441100001      -4.79615132E-12
  0.442200005      -1.31197570E-11
  0.443300009      -2.16919087E-11
  0.444400012      -2.88661404E-11
  0.445499986      -3.27473569E-11
  0.446599990      -3.14886658E-11
  0.447699994      -2.36634184E-11
  0.448799998      -8.66000934E-12
  0.449900001       1.29697208E-11
  0.451000005       3.92870562E-11
  0.452100009       6.69407724E-11
  0.453199983       9.13920398E-11
  0.454299986       1.07407680E-10
  0.455399990       1.09793882E-10
  0.456499994       9.42916231E-11
  0.457599998       5.85089963E-11
  0.458700001       2.73124622E-12
  0.459800005      -6.95570476E-11
  0.460900009      -1.51588464E-10
  0.462000012      -2.33766506E-10
  0.463099986      -3.04681141E-10
  0.464199990      -3.52614243E-10
  0.465299994      -3.67366471E-10
  0.466399997      -3.42156692E-10
  0.467500001      -2.75289791E-10
  0.468600005      -1.71281003E-10
  0.469700009      -4.11803022E-11
  0.470799983       9.80741946E-11
  0.471899986       2.25288871E-10
  0.472999990       3.17495613E-10
  0.474099994       3.52985474E-10
  0.475199997       3.14455878E-10
  0.476300001       1.91793803E-10
  0.477400005      -1.60023626E-11
  0.478500009      -3.00144548E-10
  0.479600012      -6.42824682E-10
  0.480699986      -1.01945330E-09
  0.481799990      -1.40209577E-09
  0.482899994      -1.76365234E-09
  0.483999997      -2.08216133E-09
  0.485100001      -2.34450459E-09
  0.486200005      -2.54903676E-09
  0.487300009      -2.70639577E-09
  0.488399982      -2.83866441E-09
  0.489499986      -2.97638270E-09
  0.490599990      -3.15450688E-09
  0.491699994      -3.40760575E-09
  0.492799997      -3.76477827E-09
  0.493900001      -4.24531299E-09
  0.495000005      -4.85562612E-09
  0.496100008      -5.58898394E-09
  0.497200012      -6.42510445E-09
  0.498299986      -7.33368877E-09
  0.499399990      -8.27765056E-09
  0.500500023      -9.21542931E-09
  0.501600027      -1.01059676E-08
  0.502699971      -1.09136105E-08
  0.503799975      -1.16057963E-08
  0.504899979      -1.21500756E-08
  0.505999982      -1.25200668E-08
  0.507099986      -1.26856348E-08
  0.508199990      -1.26178623E-08
  0.509299994      -1.22803225E-08
  0.510399997      -1.16224639E-08
  0.511500001      -1.05919655E-08
  0.512600005      -9.12878217E-09
  0.513700008      -7.17684090E-09
  0.514800012      -4.66682293E-09
  0.515900016      -1.54353952E-09
  0.517000020       2.24643282E-09
  0.518100023       6.76578882E-09
  0.519199967       1.20392549E-08
  0.520299971       1.80738944E-08
  0.521399975       2.49014960E-08
  0.522499979       3.25503180E-08
  0.523599982       4.09479490E-08
  0.524699986       5.00679000E-08
  0.525799990       5.98607173E-08
  0.526899993       7.01974940E-08
  0.527999997       8.09740115E-08
  0.529100001       9.19801195E-08
  0.530200005       1.02957969E-07
  0.531300008       1.13550819E-07
  0.532400012       1.23469036E-07
  0.533500016       1.32461821E-07
  0.534600019       1.40062966E-07
  0.535700023       1.45742632E-07
  0.536800027       1.49020437E-07
  0.537899971       1.49585588E-07
  0.538999975       1.47106022E-07
  0.540099978       1.41263897E-07
  0.541199982       1.31599990E-07
  0.542299986       1.17746985E-07
  0.543399990       9.94929508E-08
  0.544499993       7.67319221E-08
  0.545599997       4.95628036E-08
  0.546700001       1.77877926E-08
  0.547800004      -1.85931164E-08
  0.548900008      -5.93962497E-08
