   0.00000000       0.00000000    
   1.09999999E-03   0.00000000    
   2.19999999E-03   0.00000000    
   3.29999998E-03   0.00000000    
   4.39999998E-03   0.00000000    
   5.49999997E-03   0.00000000    
   6.59999996E-03   0.00000000    
   7.69999996E-03   0.00000000    
   8.79999995E-03   0.00000000    
   9.89999995E-03   0.00000000    
   1.09999999E-02   0.00000000    
   1.20999999E-02   0.00000000    
   1.31999999E-02   0.00000000    
   1.42999999E-02   0.00000000    
   1.53999999E-02   0.00000000    
   1.64999999E-02   0.00000000    
   1.75999999E-02   0.00000000    
   1.86999999E-02   0.00000000    
   1.97999999E-02   0.00000000    
   2.08999999E-02   0.00000000    
   2.19999999E-02   0.00000000    
   2.30999999E-02   0.00000000    
   2.41999999E-02   0.00000000    
   2.52999999E-02   0.00000000    
   2.63999999E-02   0.00000000    
   2.74999999E-02   0.00000000    
   2.85999998E-02   0.00000000    
   2.96999998E-02   0.00000000    
   3.07999998E-02   0.00000000    
   3.18999998E-02   0.00000000    
   3.29999998E-02   0.00000000    
   3.40999998E-02   0.00000000    
   3.51999998E-02   0.00000000    
   3.62999998E-02   0.00000000    
   3.73999998E-02   0.00000000    
   3.84999998E-02   0.00000000    
   3.95999998E-02   0.00000000    
   4.06999998E-02   0.00000000    
   4.17999998E-02   0.00000000    
   4.28999998E-02   0.00000000    
   4.39999998E-02   0.00000000    
   4.50999998E-02   0.00000000    
   4.61999997E-02   0.00000000    
   4.72999997E-02   0.00000000    
   4.83999997E-02   0.00000000    
   4.94999997E-02   0.00000000    
   5.05999997E-02   0.00000000    
   5.16999997E-02   0.00000000    
   5.27999997E-02   0.00000000    
   5.38999997E-02   0.00000000    
   5.49999997E-02   0.00000000    
   5.60999997E-02   0.00000000    
   5.71999997E-02   0.00000000    
   5.82999997E-02   0.00000000    
   5.93999997E-02   0.00000000    
   6.04999997E-02   0.00000000    
   6.15999997E-02   0.00000000    
   6.27000034E-02   0.00000000    
   6.37999997E-02   0.00000000    
   6.48999959E-02   0.00000000    
   6.59999996E-02   0.00000000    
   6.71000034E-02   0.00000000    
   6.81999996E-02   0.00000000    
   6.92999959E-02   0.00000000    
   7.03999996E-02   0.00000000    
   7.15000033E-02   0.00000000    
   7.25999996E-02   0.00000000    
   7.36999959E-02   0.00000000    
   7.47999996E-02   0.00000000    
   7.59000033E-02   0.00000000    
   7.69999996E-02   0.00000000    
   7.80999959E-02   0.00000000    
   7.91999996E-02   0.00000000    
   8.03000033E-02   0.00000000    
   8.13999996E-02   0.00000000    
   8.24999958E-02   0.00000000    
   8.35999995E-02   0.00000000    
   8.47000033E-02   0.00000000    
   8.57999995E-02   0.00000000    
   8.68999958E-02   0.00000000    
   8.79999995E-02   0.00000000    
   8.91000032E-02   0.00000000    
   9.01999995E-02   0.00000000    
   9.12999958E-02   0.00000000    
   9.23999995E-02   0.00000000    
   9.35000032E-02   0.00000000    
   9.45999995E-02   0.00000000    
   9.56999958E-02   0.00000000    
   9.67999995E-02   0.00000000    
   9.79000032E-02   0.00000000    
   9.89999995E-02   0.00000000    
  0.100099996       0.00000000    
  0.101199999       0.00000000    
  0.102300003       0.00000000    
  0.103399999       0.00000000    
  0.104499996       0.00000000    
  0.105599999       0.00000000    
  0.106700003       0.00000000    
  0.107799999       0.00000000    
  0.108899996       0.00000000    
  0.109999999       0.00000000    
  0.111100003       0.00000000    
  0.112199999       0.00000000    
  0.113299996       0.00000000    
  0.114399999       0.00000000    
  0.115500003       0.00000000    
  0.116599999       0.00000000    
  0.117699996       0.00000000    
  0.118799999      -1.40129846E-45
  0.119900003      -0.00000000    
  0.120999999       2.80259693E-45
  0.122099996       4.20389539E-45
  0.123199999       1.40129846E-45
  0.124300003      -7.00649232E-45
  0.125400007      -1.96181785E-44
  0.126499996      -2.24207754E-44
  0.127599999       7.00649232E-45
  0.128700003       7.42688186E-44
  0.129799992       1.40129846E-43
  0.130899996       9.80908925E-44
  0.131999999      -1.62550622E-43
  0.133100003      -5.99755743E-43
  0.134200007      -8.39377780E-43
  0.135299996      -2.15799964E-43
  0.136399999       1.70257763E-42
  0.137500003       4.12682398E-42
  0.138599992       4.34963043E-42
  0.139699996      -1.27378030E-42
  0.140799999      -1.35617665E-41
  0.141900003      -2.52233724E-41
  0.143000007      -1.92272162E-41
  0.144099995       2.17985989E-41
  0.145199999       9.24492649E-41
  0.146300003       1.39877613E-40
  0.147399992       6.84071871E-41
  0.148499995      -1.92939180E-40
  0.149599999      -5.64057664E-40
  0.150700003      -7.14454825E-40
  0.151800007      -1.54423091E-40
  0.152899995       1.35172893E-39
  0.153999999       3.15779526E-39
  0.155100003       3.40560509E-39
  0.156199992      -2.22442118E-40
  0.157299995      -8.24259171E-39
  0.158399999      -1.64922852E-38
  0.159500003      -1.53555757E-38
  0.160600007       5.44051326E-39
  0.161699995       4.54810923E-38
  0.162799999       8.13458915E-38
  0.163900003       6.65160115E-38
  0.164999992      -4.22291297E-38
  0.166099995      -2.31735373E-37
  0.167199999      -3.82578695E-37
  0.168300003      -2.81914234E-37
  0.169400007       2.45582914E-37
  0.170499995       1.10331981E-36
  0.171599999       1.72853417E-36
  0.172700003       1.19158395E-36
  0.173799992      -1.20555765E-36
  0.174899995      -4.94254013E-36
  0.175999999      -7.54088594E-36
  0.177100003      -5.09769512E-36
  0.178200006       5.16212526E-36
  0.179299995       2.08970681E-35
  0.180399999       3.18428046E-35
  0.181500003       2.21786153E-35
  0.182599992      -1.92480341E-35
  0.183699995      -8.33593898E-35
  0.184799999      -1.30090295E-34
  0.185900003      -9.74092335E-35
  0.187000006       6.00822082E-35
  0.188099995       3.12412327E-34
  0.189199999       5.12398355E-34
  0.190300003       4.25098338E-34
  0.191399992      -1.34995413E-34
  0.192499995      -1.08969061E-33
  0.193599999      -1.93320993E-33
  0.194700003      -1.80990792E-33
  0.195800006       2.91442099E-35
  0.196899995       3.47394250E-33
  0.197999999       6.91922570E-33
  0.199100003       7.39184129E-33
  0.200199991       1.95684306E-33
  0.201299995      -9.76050134E-33
  0.202399999      -2.31702367E-32
  0.203500003      -2.85299003E-32
  0.204600006      -1.48594182E-32
  0.205699995       2.20772445E-32
  0.206799999       7.10845003E-32
  0.207900003       1.02571850E-31
  0.208999991       7.79292158E-32
  0.210099995      -2.70362026E-32
  0.211199999      -1.92574739E-31
  0.212300003      -3.37687859E-31
  0.213400006      -3.36869339E-31
  0.214499995      -8.22042066E-32
  0.215599999       4.23872730E-31
  0.216700003       9.92306722E-31
  0.217799991       1.25421721E-30
  0.218899995       8.01511011E-31
  0.219999999      -5.49843689E-31
  0.221100003      -2.47816402E-30
  0.222200006      -4.03931832E-30
  0.223299995      -3.90069387E-30
  0.224399999      -9.90504736E-31
  0.225500003       4.61005186E-30
  0.226599991       1.09695560E-29
  0.227699995       1.43802809E-29
  0.228799999       1.06304825E-29
  0.229900002      -2.60326013E-30
  0.231000006      -2.30713904E-29
  0.232099995      -4.24736375E-29
  0.233199999      -4.78316077E-29
  0.234300002      -2.65915675E-29
  0.235399991       2.53892064E-29
  0.236499995       9.60368036E-29
  0.237599999       1.54200135E-28
  0.238700002       1.56410561E-28
  0.239800006       6.50967993E-29
  0.240899995      -1.25458543E-28
  0.241999999      -3.65805693E-28
  0.243100002      -5.45730257E-28
  0.244199991      -5.20358875E-28
  0.245299995      -1.72336340E-28
  0.246399999       5.03352191E-28
  0.247500002       1.32619440E-27
  0.248600006       1.91702849E-27
  0.249699995       1.78899536E-27
  0.250800014       5.55121621E-28
  0.251899987      -1.79207608E-27
  0.252999991      -4.64019771E-27
  0.254099995      -6.71225952E-27
  0.255199999      -6.36081158E-27
  0.256300002      -2.24503439E-27
  0.257400006       5.74617338E-27
  0.258500010       1.56760621E-26
  0.259599984       2.33497220E-26
  0.260699987       2.31879361E-26
  0.261799991       1.03680644E-26
  0.262899995      -1.61451231E-26
  0.263999999      -5.07436996E-26
  0.265100002      -8.00935284E-26
  0.266200006      -8.54366128E-26
  0.267300010      -4.90877604E-26
  0.268400013       3.57446712E-26
  0.269499987       1.54885875E-25
  0.270599991       2.67853973E-25
  0.271699995       3.12734267E-25
  0.272799999       2.24793064E-25
  0.273900002      -3.24778133E-26
  0.275000006      -4.32135637E-25
  0.276100010      -8.59455969E-25
  0.277199984      -1.11686818E-24
  0.278299987      -9.72720519E-25
  0.279399991      -2.55377620E-25
  0.280499995       1.02701288E-24
  0.281599998       2.58440634E-24
  0.282700002       3.81989722E-24
  0.283800006       3.93824331E-24
  0.284900010       2.21254855E-24
  0.286000013      -1.62733741E-24
  0.287099987      -6.99925752E-24
  0.288199991      -1.22484981E-23
  0.289299995      -1.48059741E-23
  0.290399998      -1.18656813E-23
  0.291500002      -1.56068991E-24
  0.292600006       1.56249948E-23
  0.293700010       3.57258317E-23
  0.294799984       5.11218911E-23
  0.295899987       5.19406625E-23
  0.296999991       2.92788218E-23
  0.298099995      -2.01944400E-23
  0.299199998      -8.95531750E-23
  0.300300002      -1.58901792E-22
  0.301400006      -1.96937838E-22
  0.302500010      -1.68466282E-22
  0.303600013      -4.78375508E-23
  0.304699987       1.64329483E-22
  0.305799991       4.26648845E-22
  0.306899995       6.52226915E-22
  0.307999998       7.21083137E-22
  0.309100002       5.13749640E-22
  0.310200006      -3.68303790E-23
  0.311300009      -8.87336596E-22
  0.312399983      -1.84140906E-21
  0.313499987      -2.54864444E-21
  0.314599991      -2.56817164E-21
  0.315699995      -1.50493214E-21
  0.316799998       7.99200915E-22
  0.317900002       4.06948062E-21
  0.319000006       7.47605676E-21
  0.320100009       9.67510834E-21
  0.321200013       9.08345610E-21
  0.322299987       4.39849373E-21
  0.323399991      -4.71781897E-21
  0.324499995      -1.69807966E-20
  0.325599998      -2.91291944E-20
  0.326700002      -3.61773289E-20
  0.327800006      -3.24903071E-20
  0.328900009      -1.36858632E-20
  0.329999983       2.09572170E-20
  0.331099987       6.62677718E-20
  0.332199991       1.10092789E-19
  0.333299994       1.34364828E-19
  0.334399998       1.19025384E-19
  0.335500002       4.87592566E-20
  0.336600006      -7.86026826E-20
  0.337700009      -2.44371875E-19
  0.338800013      -4.05266801E-19
  0.339899987      -4.97091139E-19
  0.340999991      -4.48200525E-19
  0.342099994      -2.02661887E-19
  0.343199998       2.50650744E-19
  0.344300002       8.50841545E-19
  0.345400006       1.45066407E-18
  0.346500009       1.82679530E-18
  0.347599983       1.72321450E-18
  0.348699987       9.28347076E-19
  0.349799991      -6.25269702E-19
  0.350899994      -2.76362263E-18
  0.351999998      -5.01225005E-18
  0.353100002      -6.61558540E-18
  0.354200006      -6.66609346E-18
  0.355300009      -4.35107218E-18
  0.356400013       7.12472375E-19
  0.357499987       8.12951534E-18
  0.358599991       1.64801443E-17
  0.359699994       2.33085650E-17
  0.360799998       2.54651936E-17
  0.361900002       1.98532281E-17
  0.363000005       4.51783469E-18
  0.364100009      -2.01295444E-17
  0.365199983      -5.03014652E-17
  0.366299987      -7.84803620E-17
  0.367399991      -9.41470967E-17
  0.368499994      -8.58571058E-17
  0.369599998      -4.46064557E-17
  0.370700002       3.20208299E-17
  0.371800005       1.35920862E-16
  0.372900009       2.46134619E-16
  0.374000013       3.29600981E-16
  0.375099987       3.46173736E-16
  0.376199991       2.58238879E-16
  0.377299994       4.39599975E-17
  0.378399998      -2.88407969E-16
  0.379500002      -6.89169511E-16
  0.380600005      -1.06370038E-15
  0.381700009      -1.28142945E-15
  0.382799983      -1.20006792E-15
  0.383899987      -7.04382858E-16
  0.384999990       2.45951210E-16
  0.386099994       1.57002131E-15
  0.387199998       3.03558757E-15
  0.388300002       4.26141852E-15
  0.389400005       4.76542091E-15
  0.390500009       4.06406705E-15
  0.391600013       1.81572884E-15
  0.392699987      -2.01545878E-15
  0.393799990      -7.01444755E-15
  0.394899994      -1.22390188E-14
  0.395999998      -1.62636086E-14
  0.397100002      -1.73811178E-14
  0.398200005      -1.39711673E-14
  0.399300009      -4.99951880E-15
  0.400399983       9.43786641E-15
  0.401499987       2.76603539E-14
  0.402599990       4.62009649E-14
  0.403699994       6.00163094E-14
  0.404799998       6.32174502E-14
  0.405900002       5.03315346E-14
  0.407000005       1.79653469E-14
  0.408100009      -3.34183365E-14
  0.409200013      -9.80413802E-14
  0.410299987      -1.64180762E-13
  0.411399990      -2.14859489E-13
  0.412499994      -2.30190026E-13
  0.413599998      -1.91397083E-13
  0.414700001      -8.61264049E-14
  0.415800005       8.58340431E-14
  0.416900009       3.07717800E-13
  0.417999983       5.43383860E-13
  0.419099987       7.38870607E-13
  0.420199990       8.28972036E-13
  0.421299994       7.49054139E-13
  0.422399998       4.51128311E-13
  0.423500001      -7.81861555E-14
  0.424600005      -8.01460027E-13
  0.425700009      -1.62050863E-12
  0.426800013      -2.37725551E-12
  0.427899987      -2.86896895E-12
  0.428999990      -2.87928102E-12
  0.430099994      -2.22321358E-12
  0.431199998      -8.00675064E-13
  0.432300001       1.35090702E-12
  0.433400005       4.01687277E-12
  0.434500009       6.79164364E-12
  0.435599983       9.10247138E-12
  0.436699986       1.02773979E-11
  0.437799990       9.65670512E-12
  0.438899994       6.73756016E-12
  0.439999998       1.33135939E-12
  0.441100001      -6.29525598E-12
  0.442200005      -1.53299214E-11
  0.443300009      -2.44079305E-11
  0.444400012      -3.17149813E-11
  0.445499986      -3.52099148E-11
  0.446599990      -3.29563078E-11
  0.447699994      -2.35276642E-11
  0.448799998      -6.42759240E-12
  0.449900001       1.75519842E-11
  0.451000005       4.61179567E-11
  0.452100009       7.54847712E-11
  0.453199983       1.00657128E-10
  0.454299986       1.15997767E-10
  0.455399990       1.16043737E-10
  0.456499994       9.64795674E-11
  0.457599998       5.51253314E-11
  0.458700001      -7.23097233E-12
  0.459800005      -8.63346894E-11
  0.460900009      -1.74456685E-10
  0.462000012      -2.60967747E-10
  0.463099986      -3.33509859E-10
  0.464199990      -3.79672682E-10
  0.465299994      -3.88977905E-10
  0.466399997      -3.54895224E-10
  0.467500001      -2.76561551E-10
  0.468600005      -1.59871838E-10
  0.469700009      -1.76754531E-11
  0.470799983       1.31077246E-10
  0.471899986       2.63239486E-10
  0.472999990       3.54238805E-10
  0.474099994       3.81375542E-10
  0.475199997       3.27179006E-10
  0.476300001       1.82279691E-10
  0.477400005      -5.26996606E-11
  0.478500009      -3.66661645E-10
  0.479600012      -7.39096340E-10
  0.480699986      -1.14270071E-09
  0.481799990      -1.54723290E-09
  0.482899994      -1.92408578E-09
  0.483999997      -2.25083330E-09
  0.485100001      -2.51520094E-09
  0.486200005      -2.71737743E-09
  0.487300009      -2.87094903E-09
  0.488399982      -3.00138270E-09
  0.489499986      -3.14278448E-09
  0.490599990      -3.33327255E-09
  0.491699994      -3.60948804E-09
  0.492799997      -4.00142985E-09
  0.493900001      -4.52828974E-09
  0.495000005      -5.19500087E-09
  0.496100008      -5.99181726E-09
  0.497200012      -6.89530300E-09
  0.498299986      -7.87117127E-09
  0.499399990      -8.87849705E-09
  0.500500023      -9.87449855E-09
  0.501600027      -1.08153388E-08
  0.502699971      -1.16620829E-08
  0.503799975      -1.23811814E-08
  0.504899979      -1.29428397E-08
  0.505999982      -1.33187887E-08
  0.507099986      -1.34815199E-08
  0.508199990      -1.33937217E-08
  0.509299994      -1.30153541E-08
  0.510399997      -1.23043122E-08
  0.511500001      -1.12027019E-08
  0.512600005      -9.64567004E-09
  0.513700008      -7.57103802E-09
  0.514800012      -4.90696195E-09
  0.515900016      -1.59144997E-09
  0.517000020       2.41961495E-09
  0.518100023       7.18671744E-09
  0.519199967       1.27370701E-08
  0.520299971       1.91079668E-08
  0.521399975       2.62919340E-08
  0.522499979       3.43149082E-08
  0.523599982       4.31342428E-08
  0.524699986       5.27016262E-08
  0.525799990       6.29557775E-08
  0.526899993       7.37737835E-08
  0.527999997       8.49925499E-08
  0.529100001       9.64108011E-08
  0.530200005       1.07785240E-07
  0.531300008       1.18771212E-07
  0.532400012       1.29023022E-07
  0.533500016       1.38145509E-07
  0.534600019       1.45739023E-07
  0.535700023       1.51330383E-07
  0.536800027       1.54530682E-07
  0.537899971       1.54779627E-07
  0.538999975       1.51832893E-07
  0.540099978       1.45205860E-07
  0.541199982       1.34639365E-07
  0.542299986       1.19732462E-07
  0.543399990       1.00495591E-07
  0.544499993       7.64830546E-08
  0.545599997       4.77014801E-08
  0.546700001       1.44097596E-08
  0.547800004      -2.35582363E-08
  0.548900008      -6.60810002E-08
