   0.00000000       0.00000000    
   1.09999999E-03   0.00000000    
   2.19999999E-03   0.00000000    
   3.29999998E-03   0.00000000    
   4.39999998E-03   0.00000000    
   5.49999997E-03   0.00000000    
   6.59999996E-03   0.00000000    
   7.69999996E-03   0.00000000    
   8.79999995E-03   0.00000000    
   9.89999995E-03   0.00000000    
   1.09999999E-02   0.00000000    
   1.20999999E-02   0.00000000    
   1.31999999E-02   0.00000000    
   1.42999999E-02   0.00000000    
   1.53999999E-02   0.00000000    
   1.64999999E-02   0.00000000    
   1.75999999E-02   0.00000000    
   1.86999999E-02   0.00000000    
   1.97999999E-02   0.00000000    
   2.08999999E-02   0.00000000    
   2.19999999E-02   0.00000000    
   2.30999999E-02   0.00000000    
   2.41999999E-02   0.00000000    
   2.52999999E-02   0.00000000    
   2.63999999E-02   0.00000000    
   2.74999999E-02   0.00000000    
   2.85999998E-02   0.00000000    
   2.96999998E-02  -0.00000000    
   3.07999998E-02  -1.40129846E-45
   3.18999998E-02   1.40129846E-45
   3.29999998E-02   1.26116862E-44
   3.40999998E-02   1.54142831E-44
   3.51999998E-02  -5.46506401E-44
   3.62999998E-02  -2.45227231E-43
   3.73999998E-02  -2.52233724E-43
   3.84999998E-02   1.04116476E-42
   3.95999998E-02   4.36364342E-42
   4.06999998E-02   4.10580450E-42
   4.17999998E-02  -1.73102399E-41
   4.28999998E-02  -6.51785955E-41
   4.39999998E-02  -5.18340302E-41
   4.50999998E-02   2.33044342E-40
   4.61999997E-02   7.80702611E-40
   4.72999997E-02   5.77395223E-40
   4.83999997E-02  -2.38066736E-39
   4.94999997E-02  -7.76595825E-39
   5.05999997E-02  -6.57984038E-39
   5.16999997E-02   1.83246707E-38
   5.27999997E-02   6.70603207E-38
   5.38999997E-02   7.34955877E-38
   5.49999997E-02  -1.02490185E-37
   5.60999997E-02  -5.08833221E-37
   5.71999997E-02  -7.25851574E-37
   5.82999997E-02   3.09025839E-37
   5.93999997E-02   3.31669957E-36
   6.04999997E-02   6.05658541E-36
   6.15999997E-02   1.42215436E-36
   6.27000034E-02  -1.76408311E-35
   6.37999997E-02  -4.22695945E-35
   6.48999959E-02  -3.19363821E-35
   6.59999996E-02   6.79456857E-35
   6.71000034E-02   2.44262331E-34
   6.81999996E-02   3.06109313E-34
   6.92999959E-02  -9.78065598E-35
   7.03999996E-02  -1.12854355E-33
   7.15000033E-02  -2.09786914E-33
   7.25999996E-02  -1.12371961E-33
   7.36999959E-02   3.71338114E-33
   7.47999996E-02   1.10564324E-32
   7.59000033E-02   1.27635632E-32
   7.69999996E-02  -4.09838677E-33
   7.80999959E-02  -4.37997218E-32
   7.91999996E-02  -8.03881678E-32
   8.03000033E-02  -4.99347003E-32
   8.13999996E-02   1.09448798E-31
   8.24999958E-02   3.58579591E-31
   8.35999995E-02   4.60795008E-31
   8.47000033E-02   3.57482320E-32
   8.57999995E-02  -1.09624741E-30
   8.68999958E-02  -2.35849080E-30
   8.79999995E-02  -2.14423410E-30
   8.91000032E-02   1.38980738E-30
   9.01999995E-02   8.09066769E-30
   9.12999958E-02   1.32598607E-29
   9.23999995E-02   7.84452632E-30
   9.35000032E-02  -1.52933839E-29
   9.45999995E-02  -4.95291675E-29
   9.56999958E-02  -6.54518625E-29
   9.67999995E-02  -1.96316223E-29
   9.79000032E-02   1.08468603E-28
   9.89999995E-02   2.63750039E-28
  0.100099996       2.92442544E-28
  0.101199999       1.00531580E-29
  0.102300003      -6.17602159E-28
  0.103399999      -1.26554311E-27
  0.104499996      -1.22214844E-27
  0.105599999       2.31863091E-28
  0.106700003       3.03454221E-27
  0.107799999       5.59048852E-27
  0.108899996       4.90778488E-27
  0.109999999      -1.64422860E-27
  0.111100003      -1.32331032E-26
  0.112199999      -2.30439952E-26
  0.113299996      -1.94453720E-26
  0.114399999       6.94766901E-27
  0.115500003       5.19557289E-26
  0.116599999       8.95043247E-26
  0.117699996       7.69287109E-26
  0.118799999      -1.93313647E-26
  0.119900003      -1.84461219E-25
  0.120999999      -3.27576931E-25
  0.122099996      -3.00533473E-25
  0.123199999       1.63680272E-26
  0.124300003       5.85513814E-25
  0.125400007       1.11992384E-24
  0.126499996       1.13566585E-24
  0.127599999       2.11400252E-25
  0.128700003      -1.61232017E-24
  0.129799992      -3.52576451E-24
  0.130899996      -4.05198996E-24
  0.131999999      -1.75853977E-24
  0.133100003       3.57784274E-24
  0.134200007       9.97378852E-24
  0.135299996       1.32943036E-23
  0.136399999       8.98077672E-24
  0.137500003      -4.82639696E-24
  0.138599992      -2.42533297E-23
  0.139699996      -3.90057134E-23
  0.140799999      -3.58454672E-23
  0.141900003      -6.08276366E-24
  0.143000007       4.59252037E-23
  0.144099995       9.84959231E-23
  0.145199999       1.17557403E-22
  0.146300003       7.21358772E-23
  0.147399992      -4.44440605E-23
  0.148499995      -1.98252559E-22
  0.149599999      -3.15487842E-22
  0.150700003      -3.07204550E-22
  0.151800007      -1.13856067E-22
  0.152899995       2.47225600E-22
  0.153999999       6.56157184E-22
  0.155100003       9.09074522E-22
  0.156199992       7.89141513E-22
  0.157299995       1.75232475E-22
  0.158399999      -8.50463142E-22
  0.159500003      -1.94948315E-21
  0.160600007      -2.57857097E-21
  0.161699995      -2.16782127E-21
  0.162799999      -3.98478331E-22
  0.163900003       2.50696997E-21
  0.164999992       5.62053636E-21
  0.166099995       7.42040786E-21
  0.167199999       6.27102223E-21
  0.168300003       1.22217884E-21
  0.169400007      -7.12230457E-21
  0.170499995      -1.60950041E-20
  0.171599999      -2.12853686E-20
  0.172700003      -1.79648055E-20
  0.173799992      -3.43881882E-21
  0.174899995       2.04453909E-20
  0.175999999       4.58941550E-20
  0.177100003       6.01890929E-20
  0.178200006       4.98573098E-20
  0.179299995       7.42452519E-21
  0.180399999      -6.14504593E-20
  0.181500003      -1.33985061E-19
  0.182599992      -1.73122311E-19
  0.183699995      -1.39338290E-19
  0.184799999      -1.00985691E-20
  0.185900003       1.98868139E-19
  0.187000006       4.20286282E-19
  0.188099995       5.41166010E-19
  0.189199999       4.35440127E-19
  0.190300003       2.20610426E-20
  0.191399992      -6.66167011E-19
  0.192499995      -1.43135095E-18
  0.193599999      -1.91256421E-18
  0.194700003      -1.67122351E-18
  0.195800006      -3.66413249E-19
  0.196899995       2.01278562E-18
  0.197999999       4.93743570E-18
  0.199100003       7.26598262E-18
  0.200199991       7.42438771E-18
  0.201299995       3.90336564E-18
  0.202399999      -3.97414955E-18
  0.203500003      -1.52128838E-17
  0.204600006      -2.65774454E-17
  0.205699995      -3.27152579E-17
  0.206799999      -2.73201941E-17
  0.207900003      -5.42526629E-18
  0.208999991       3.35322013E-17
  0.210099995       8.27663355E-17
  0.211199999       1.26666935E-16
  0.212300003       1.42276415E-16
  0.213400006       1.04790661E-16
  0.214499995      -2.92403445E-18
  0.215599999      -1.78475202E-16
  0.216700003      -3.89319107E-16
  0.217799991      -5.68416653E-16
  0.218899995      -6.21474426E-16
  0.219999999      -4.49360719E-16
  0.221100003       1.47519953E-17
  0.222200006       7.59978342E-16
  0.223299995       1.65720810E-15
  0.224399999       2.44183187E-15
  0.225500003       2.73902143E-15
  0.226599991       2.14505376E-15
  0.227699995       3.64432273E-16
  0.228799999      -2.61828493E-15
  0.229900002      -6.37672830E-15
  0.231000006      -9.95537898E-15
  0.232099995      -1.19274716E-14
  0.233199999      -1.06535442E-14
  0.234300002      -4.75350951E-15
  0.235399991       6.26303319E-15
  0.236499995       2.13460909E-14
  0.237599999       3.74479500E-14
  0.238700002       4.95135854E-14
  0.239800006       5.11481624E-14
  0.240899995       3.60780436E-14
  0.241999999       3.15866183E-16
  0.243100002      -5.53322206E-14
  0.244199991      -1.23063818E-13
  0.245299995      -1.87040799E-13
  0.246399999      -2.24407339E-13
  0.247500002      -2.09036700E-13
  0.248600006      -1.18138748E-13
  0.249699995       5.89532560E-14
  0.250800014       3.11484616E-13
  0.251899987       6.00043561E-13
  0.252999991       8.54517249E-13
  0.254099995       9.80234015E-13
  0.255199999       8.74233086E-13
  0.256300002       4.51520088E-13
  0.257400006      -3.21741223E-13
  0.258500010      -1.39443513E-12
  0.259599984      -2.60533760E-12
  0.260699987      -3.67734966E-12
  0.261799991      -4.24112438E-12
  0.262899995      -3.89430068E-12
  0.263999999      -2.29563287E-12
  0.265100002       7.16206933E-13
  0.266200006       4.99993666E-12
  0.267300010       1.00151320E-11
  0.268400013       1.47871680E-11
  0.269499987       1.79672301E-11
  0.270599991       1.80104716E-11
  0.271699995       1.34752964E-11
  0.272799999       3.41870737E-12
  0.273900002      -1.21693202E-11
  0.275000006      -3.19793289E-11
  0.276100010      -5.31506748E-11
  0.277199984      -7.13038933E-11
  0.278299987      -8.09256342E-11
  0.279399991      -7.61468527E-11
  0.280499995      -5.18834559E-11
  0.281599998      -5.22253855E-12
  0.282700002       6.31518379E-11
  0.283800006       1.47770962E-10
  0.284900010       2.37745740E-10
  0.286000013       3.16981358E-10
  0.287099987       3.65461328E-10
  0.288199991       3.61681268E-10
  0.289299995       2.86124707E-10
  0.290399998       1.25462002E-10
  0.291500002      -1.23043145E-10
  0.292600006      -4.47576004E-10
  0.293700010      -8.18967949E-10
  0.294799984      -1.18968280E-09
  0.295899987      -1.49502111E-09
  0.296999991      -1.65666014E-09
  0.298099995      -1.58823088E-09
  0.299199998      -1.20223198E-09
  0.300300002      -4.17212265E-10
  0.301400006       8.36089531E-10
  0.302500010       2.61101607E-09
  0.303600013       4.94486452E-09
  0.304699987       7.86316612E-09
  0.305799991       1.13886420E-08
  0.306899995       1.55544555E-08
  0.307999998       2.04207691E-08
  0.309100002       2.60931348E-08
  0.310200006       3.27408856E-08
  0.311300009       4.06139975E-08
  0.312399983       5.00569790E-08
  0.313499987       6.15192235E-08
  0.314599991       7.55619993E-08
  0.315699995       9.28629618E-08
  0.316799998       1.14220235E-07
  0.317900002       1.40557944E-07
  0.319000006       1.72936168E-07
  0.320100009       2.12567045E-07
  0.321200013       2.60838277E-07
  0.322299987       3.19344991E-07
  0.323399991       3.89930051E-07
  0.324499995       4.74729944E-07
  0.325599998       5.76225261E-07
  0.326700002       6.97294013E-07
  0.327800006       8.41264125E-07
  0.328900009       1.01196554E-06
  0.329999983       1.21377707E-06
  0.331099987       1.45167257E-06
  0.332199991       1.73126443E-06
  0.333299994       2.05884453E-06
  0.334399998       2.44142484E-06
  0.335500002       2.88677552E-06
  0.336600006       3.40346560E-06
  0.337700009       4.00088857E-06
  0.338800013       4.68929784E-06
  0.339899987       5.47981426E-06
  0.340999991       6.38442862E-06
  0.342099994       7.41597432E-06
  0.343199998       8.58808198E-06
  0.344300002       9.91509205E-06
  0.345400006       1.14119657E-05
  0.346500009       1.30941089E-05
  0.347599983       1.49772077E-05
  0.348699987       1.70770454E-05
  0.349799991       1.94091899E-05
  0.350899994       2.19887224E-05
  0.351999998       2.48299293E-05
  0.353100002       2.79458854E-05
  0.354200006       3.13480487E-05
  0.355300009       3.50458104E-05
  0.356400013       3.90459136E-05
  0.357499987       4.33519490E-05
  0.358599991       4.79637383E-05
  0.359699994       5.28767414E-05
  0.360799998       5.80813467E-05
  0.361900002       6.35622782E-05
  0.363000005       6.92979302E-05
  0.364100009       7.52599008E-05
  0.365199983       8.14122905E-05
  0.366299987       8.77114217E-05
  0.367399991       9.41053731E-05
  0.368499994       1.00533594E-04
  0.369599998       1.06926855E-04
  0.370700002       1.13207338E-04
  0.371800005       1.19288641E-04
  0.372900009       1.25076302E-04
  0.374000013       1.30468004E-04
  0.375099987       1.35354319E-04
  0.376199991       1.39619966E-04
  0.377299994       1.43144702E-04
  0.378399998       1.45804719E-04
  0.379500002       1.47474886E-04
  0.380600005       1.48029794E-04
  0.381700009       1.47346174E-04
  0.382799983       1.45305137E-04
  0.383899987       1.41794910E-04
  0.384999990       1.36713017E-04
  0.386099994       1.29968888E-04
  0.387199998       1.21486861E-04
  0.388300002       1.11207817E-04
  0.389400005       9.90930712E-05
  0.390500009       8.51242876E-05
  0.391600013       6.93078546E-05
  0.392699987       5.16767977E-05
  0.393799990       3.22905507E-05
  0.394899994       1.12368707E-05
  0.395999998      -1.13678025E-05
  0.397100002      -3.53773830E-05
  0.398200005      -6.06168032E-05
  0.399300009      -8.68834395E-05
  0.400399983      -1.13948096E-04
  0.401499987      -1.41557583E-04
  0.402599990      -1.69436244E-04
  0.403699994      -1.97290545E-04
  0.404799998      -2.24812276E-04
  0.405900002      -2.51683115E-04
  0.407000005      -2.77578918E-04
  0.408100009      -3.02174070E-04
  0.409200013      -3.25147092E-04
  0.410299987      -3.46186251E-04
  0.411399990      -3.64994194E-04
  0.412499994      -3.81293561E-04
  0.413599998      -3.94832459E-04
  0.414700001      -4.05388477E-04
  0.415800005      -4.12772759E-04
  0.416900009      -4.16833733E-04
  0.417999983      -4.17460891E-04
  0.419099987      -4.14587965E-04
  0.420199990      -4.08194552E-04
  0.421299994      -3.98306613E-04
  0.422399998      -3.84995306E-04
  0.423500001      -3.68378212E-04
  0.424600005      -3.48617061E-04
  0.425700009      -3.25916510E-04
  0.426800013      -3.00520129E-04
  0.427899987      -2.72706442E-04
  0.428999990      -2.42784110E-04
  0.430099994      -2.11088409E-04
  0.431199998      -1.77975016E-04
  0.432300001      -1.43814497E-04
  0.433400005      -1.08986656E-04
  0.434500009      -7.38735689E-05
  0.435599983      -3.88551271E-05
  0.436699986      -4.30244972E-06
  0.437799990       2.94282436E-05
  0.438899994       6.20005230E-05
  0.439999998       9.31018149E-05
  0.441100001       1.22446712E-04
  0.442200005       1.49782209E-04
  0.443300009       1.74890127E-04
  0.444400012       1.97590169E-04
  0.445499986       2.17738969E-04
  0.446599990       2.35230764E-04
  0.447699994       2.49999546E-04
  0.448799998       2.62017536E-04
  0.449900001       2.71294004E-04
  0.451000005       2.77872779E-04
  0.452100009       2.81828863E-04
  0.453199983       2.83267262E-04
  0.454299986       2.82319757E-04
  0.455399990       2.79141008E-04
  0.456499994       2.73904268E-04
  0.457599998       2.66797375E-04
  0.458700001       2.58020387E-04
  0.459800005       2.47781107E-04
  0.460900009       2.36290682E-04
  0.462000012       2.23760682E-04
  0.463099986       2.10399783E-04
  0.464199990       1.96412104E-04
  0.465299994       1.81993630E-04
  0.466399997       1.67329199E-04
  0.467500001       1.52590335E-04
  0.468600005       1.37935262E-04
  0.469700009       1.23507940E-04
  0.470799983       1.09436754E-04
  0.471899986       9.58331366E-05
  0.472999990       8.27914409E-05
  0.474099994       7.03899350E-05
  0.475199997       5.86916940E-05
  0.476300001       4.77446592E-05
  0.477400005       3.75819764E-05
  0.478500009       2.82232213E-05
  0.479600012       1.96762812E-05
  0.480699986       1.19382003E-05
  0.481799990       4.99607722E-06
  0.482899994      -1.17199079E-06
  0.483999997      -6.59481429E-06
  0.485100001      -1.13065398E-05
  0.486200005      -1.53457750E-05
  0.487300009      -1.87551341E-05
  0.488399982      -2.15803138E-05
  0.489499986      -2.38683897E-05
  0.490599990      -2.56664061E-05
  0.491699994      -2.70210694E-05
  0.492799997      -2.79786909E-05
  0.493900001      -2.85844926E-05
  0.495000005      -2.88815700E-05
  0.496100008      -2.89106465E-05
  0.497200012      -2.87099592E-05
  0.498299986      -2.83154022E-05
  0.499399990      -2.77600411E-05
  0.500500023      -2.70735109E-05
  0.501600027      -2.62824069E-05
  0.502699971      -2.54107345E-05
  0.503799975      -2.44803177E-05
  0.504899979      -2.35102852E-05
  0.505999982      -2.25167423E-05
  0.507099986      -2.15130694E-05
  0.508199990      -2.05108227E-05
  0.509299994      -1.95201301E-05
  0.510399997      -1.85493973E-05
  0.511500001      -1.76049216E-05
  0.512600005      -1.66911959E-05
  0.513700008      -1.58116582E-05
  0.514800012      -1.49690322E-05
  0.515900016      -1.41651399E-05
  0.517000020      -1.34010052E-05
  0.518100023      -1.26768546E-05
  0.519199967      -1.19924671E-05
  0.520299971      -1.13471260E-05
  0.521399975      -1.07396072E-05
  0.522499979      -1.01683690E-05
  0.523599982      -9.63197090E-06
  0.524699986      -9.12907035E-06
  0.525799990      -8.65809307E-06
  0.526899993      -8.21692265E-06
  0.527999997      -7.80328719E-06
  0.529100001      -7.41535996E-06
  0.530200005      -7.05193042E-06
  0.531300008      -6.71188855E-06
  0.532400012      -6.39370137E-06
  0.533500016      -6.09540621E-06
  0.534600019      -5.81514132E-06
  0.535700023      -5.55158886E-06
  0.536800027      -5.30379748E-06
  0.537899971      -5.07077630E-06
  0.538999975      -4.85140572E-06
  0.540099978      -4.64454797E-06
  0.541199982      -4.44922580E-06
  0.542299986      -4.26456290E-06
  0.543399990      -4.08981214E-06
  0.544499993      -3.92439324E-06
  0.545599997      -3.76789058E-06
  0.546700001      -3.61981438E-06
  0.547800004      -3.47943819E-06
  0.548900008      -3.34590368E-06
