   0.00000000       0.00000000    
   1.09999999E-03   0.00000000    
   2.19999999E-03   0.00000000    
   3.29999998E-03   0.00000000    
   4.39999998E-03   0.00000000    
   5.49999997E-03   0.00000000    
   6.59999996E-03   0.00000000    
   7.69999996E-03   0.00000000    
   8.79999995E-03   0.00000000    
   9.89999995E-03   0.00000000    
   1.09999999E-02  -2.76313651E-29
   1.20999999E-02   9.41747017E-30
   1.31999999E-02   7.80003698E-28
   1.42999999E-02   8.07578537E-28
   1.53999999E-02  -9.51843959E-27
   1.64999999E-02  -2.33391632E-26
   1.75999999E-02   4.90410666E-26
   1.86999999E-02   2.61607994E-25
   1.97999999E-02   1.06467219E-25
   2.08999999E-02  -1.41114397E-24
   2.19999999E-02  -3.11838806E-24
   2.30999999E-02   1.38601195E-24
   2.41999999E-02   1.73481431E-23
   2.52999999E-02   2.82559690E-23
   2.63999999E-02  -1.53310573E-23
   2.74999999E-02  -1.48051244E-22
   2.85999998E-02  -2.61383646E-22
   2.96999998E-02   3.31346903E-24
   3.07999998E-02   1.02413482E-21
   3.18999998E-02   2.27479959E-21
   3.29999998E-02   1.21524242E-21
   3.40999998E-02  -5.54662648E-21
   3.51999998E-02  -1.60682661E-20
   3.62999998E-02  -1.53696475E-20
   3.73999998E-02   1.92275710E-20
   3.84999998E-02   8.61824229E-20
   3.95999998E-02   1.18916312E-19
   4.06999998E-02  -1.91109640E-21
   4.17999998E-02  -3.26824488E-19
   4.28999998E-02  -6.54679075E-19
   4.39999998E-02  -4.85134812E-19
   4.50999998E-02   6.61235257E-19
   4.61999997E-02   2.54380455E-18
   4.72999997E-02   3.58107208E-18
   4.83999997E-02   1.21814039E-18
   4.94999997E-02  -5.94614854E-18
   5.05999997E-02  -1.48638235E-17
   5.16999997E-02  -1.65028157E-17
   5.27999997E-02  -1.66375528E-19
   5.38999997E-02   3.53552545E-17
   5.49999997E-02   7.04724662E-17
   5.60999997E-02   6.63425056E-17
   5.71999997E-02  -1.14569114E-17
   5.82999997E-02  -1.54196260E-16
   5.93999997E-02  -2.82530963E-16
   6.04999997E-02  -2.62951902E-16
   6.15999997E-02   1.56492910E-17
   6.27000034E-02   5.26558667E-16
   6.37999997E-02   1.01857321E-15
   6.48999959E-02   1.05459795E-15
   6.59999996E-02   2.40535969E-16
   6.71000034E-02  -1.41159650E-15
   6.81999996E-02  -3.20686801E-15
   6.92999959E-02  -3.86661096E-15
   7.03999996E-02  -2.13886089E-15
   7.15000033E-02   2.28423377E-15
   7.25999996E-02   8.04636153E-15
   7.36999959E-02   1.21443671E-14
   7.47999996E-02   1.09604844E-14
   7.59000033E-02   2.14743731E-15
   7.69999996E-02  -1.33019562E-14
   7.80999959E-02  -2.99173392E-14
   7.91999996E-02  -3.87166190E-14
   8.03000033E-02  -3.06795808E-14
   8.13999996E-02  -1.64438900E-15
   8.24999958E-02   4.36860902E-14
   8.35999995E-02   9.07989436E-14
   8.47000033E-02   1.18231705E-13
   8.57999995E-02   1.03647708E-13
   8.68999958E-02   3.22312299E-14
   8.79999995E-02  -9.36702159E-14
   8.91000032E-02  -2.46320244E-13
   9.01999995E-02  -3.70884340E-13
   9.12999958E-02  -3.95621144E-13
   9.23999995E-02  -2.55410873E-13
   9.35000032E-02   7.63492866E-14
   9.45999995E-02   5.57497896E-13
   9.56999958E-02   1.06067715E-12
   9.67999995E-02   1.38317873E-12
   9.79000032E-02   1.29309562E-12
   9.89999995E-02   6.12202021E-13
  0.100099996      -6.82501202E-13
  0.101199999      -2.37583781E-12
  0.102300003      -3.99326449E-12
  0.103399999      -4.87083030E-12
  0.104499996      -4.31980970E-12
  0.105599999      -1.86300910E-12
  0.106700003       2.50498342E-12
  0.107799999       8.10784773E-12
  0.108899996       1.35232971E-11
  0.109999999       1.67541762E-11
  0.111100003       1.56744392E-11
  0.112199999       8.70194541E-12
  0.113299996      -4.44551600E-12
  0.114399999      -2.21292325E-11
  0.115500003      -4.05533489E-11
  0.116599999      -5.41310573E-11
  0.117699996      -5.65540531E-11
  0.118799999      -4.24708879E-11
  0.119900003      -9.45581547E-12
  0.120999999       4.02281333E-11
  0.122099996       9.86442455E-11
  0.123199999       1.52488591E-10
  0.124300003       1.84992216E-10
  0.125400007       1.79360624E-10
  0.126499996       1.23223640E-10
  0.127599999       1.31281219E-11
  0.128700003      -1.42148751E-10
  0.129799992      -3.20664106E-10
  0.130899996      -4.89629948E-10
  0.131999999      -6.11273476E-10
  0.133100003      -6.51661558E-10
  0.134200007      -5.90930305E-10
  0.135299996      -4.32500397E-10
  0.136399999      -2.08510570E-10
  0.137500003       2.09123118E-11
  0.138599992       1.75876230E-10
  0.139699996       1.72269310E-10
  0.140799999      -5.72454029E-11
  0.141900003      -5.40295308E-10
  0.143000007      -1.24467670E-09
  0.144099995      -2.06622475E-09
  0.145199999      -2.82894241E-09
  0.146300003      -3.29947492E-09
  0.147399992      -3.21486815E-09
  0.148499995      -2.31934827E-09
  0.149599999      -4.02982453E-10
  0.150700003       2.66706945E-09
  0.151800007       6.93083058E-09
  0.152899995       1.23421540E-08
  0.153999999       1.87999536E-08
  0.155100003       2.62013025E-08
  0.156199992       3.45091244E-08
  0.157299995       4.38236221E-08
  0.158399999       5.44445200E-08
  0.159500003       6.69134224E-08
  0.160600007       8.20276398E-08
  0.161699995       1.00827805E-07
  0.162799999       1.24562206E-07
  0.163900003       1.54641157E-07
  0.164999992       1.92594058E-07
  0.166099995       2.40048536E-07
  0.167199999       2.98740645E-07
  0.168300003       3.70564635E-07
  0.169400007       4.57665635E-07
  0.170499995       5.62556693E-07
  0.171599999       6.88252840E-07
  0.172700003       8.38403935E-07
  0.173799992       1.01740250E-06
  0.174899995       1.23046425E-06
  0.175999999       1.48366792E-06
  0.177100003       1.78396112E-06
  0.178200006       2.13916042E-06
  0.179299995       2.55792361E-06
  0.180399999       3.04974469E-06
  0.181500003       3.62500236E-06
  0.182599992       4.29502643E-06
  0.183699995       5.07221512E-06
  0.184799999       5.97015833E-06
  0.185900003       7.00376495E-06
  0.187000006       8.18935223E-06
  0.188099995       9.54474490E-06
  0.189199999       1.10891215E-05
  0.190300003       1.28428928E-05
  0.191399992       1.48276295E-05
  0.192499995       1.70656658E-05
  0.193599999       1.95797511E-05
  0.194700003       2.23927218E-05
  0.195800006       2.55273171E-05
  0.196899995       2.90056869E-05
  0.197999999       3.28490241E-05
  0.199100003       3.70771777E-05
  0.200199991       4.17085175E-05
  0.201299995       4.67591053E-05
  0.202399999       5.22420814E-05
  0.203500003       5.81668319E-05
  0.204600006       6.45382825E-05
  0.205699995       7.13558547E-05
  0.206799999       7.86123346E-05
  0.207900003       8.62929810E-05
  0.208999991       9.43747364E-05
  0.210099995       1.02825063E-04
  0.211199999       1.11601177E-04
  0.212300003       1.20649776E-04
  0.213400006       1.29907217E-04
  0.214499995       1.39297103E-04
  0.215599999       1.48730833E-04
  0.216700003       1.58107199E-04
  0.217799991       1.67314298E-04
  0.218899995       1.76227913E-04
  0.219999999       1.84710996E-04
  0.221100003       1.92615626E-04
  0.222200006       1.99783448E-04
  0.223299995       2.06048397E-04
  0.224399999       2.11237013E-04
  0.225500003       2.15171152E-04
  0.226599991       2.17668872E-04
  0.227699995       2.18550005E-04
  0.228799999       2.17636596E-04
  0.229900002       2.14756656E-04
  0.231000006       2.09749385E-04
  0.232099995       2.02466690E-04
  0.233199999       1.92778418E-04
  0.234300002       1.80574658E-04
  0.235399991       1.65768826E-04
  0.236499995       1.48300722E-04
  0.237599999       1.28142885E-04
  0.238700002       1.05302861E-04
  0.239800006       7.98239635E-05
  0.240899995       5.17878252E-05
  0.241999999       2.13173043E-05
  0.243100002      -1.14247214E-05
  0.244199991      -4.62314238E-05
  0.245299995      -8.28551711E-05
  0.246399999      -1.21006757E-04
  0.247500002      -1.60361931E-04
  0.248600006      -2.00558221E-04
  0.249699995      -2.41201327E-04
  0.250800014      -2.81871413E-04
  0.251899987      -3.22127191E-04
  0.252999991      -3.61512182E-04
  0.254099995      -3.99559969E-04
  0.255199999      -4.35798604E-04
  0.256300002      -4.69761086E-04
  0.257400006      -5.00992464E-04
  0.258500010      -5.29059733E-04
  0.259599984      -5.53557067E-04
  0.260699987      -5.74112113E-04
  0.261799991      -5.90392679E-04
  0.262899995      -6.02115411E-04
  0.263999999      -6.09049806E-04
  0.265100002      -6.11023221E-04
  0.266200006      -6.07926282E-04
  0.267300010      -5.99716266E-04
  0.268400013      -5.86416165E-04
  0.269499987      -5.68113348E-04
  0.270599991      -5.44959155E-04
  0.271699995      -5.17173437E-04
  0.272799999      -4.85038676E-04
  0.273900002      -4.48895822E-04
  0.275000006      -4.09138302E-04
  0.276100010      -3.66202235E-04
  0.277199984      -3.20562744E-04
  0.278299987      -2.72729521E-04
  0.279399991      -2.23236057E-04
  0.280499995      -1.72635395E-04
  0.281599998      -1.21480691E-04
  0.282700002      -7.03231854E-05
  0.283800006      -1.97049703E-05
  0.284900010       2.98478280E-05
  0.286000013       7.78404064E-05
  0.287099987       1.23806109E-04
  0.288199991       1.67320599E-04
  0.289299995       2.07999168E-04
  0.290399998       2.45511474E-04
  0.291500002       2.79579574E-04
  0.292600006       3.09978001E-04
  0.293700010       3.36536352E-04
  0.294799984       3.59141268E-04
  0.295899987       3.77737539E-04
  0.296999991       3.92324931E-04
  0.298099995       4.02952137E-04
  0.299199998       4.09713713E-04
  0.300300002       4.12751484E-04
  0.301400006       4.12248686E-04
  0.302500010       4.08423482E-04
  0.303600013       4.01519006E-04
  0.304699987       3.91799782E-04
  0.305799991       3.79554287E-04
  0.306899995       3.65085551E-04
  0.307999998       3.48702946E-04
  0.309100002       3.30713752E-04
  0.310200006       3.11423355E-04
  0.311300009       2.91134085E-04
  0.312399983       2.70138989E-04
  0.313499987       2.48713506E-04
  0.314599991       2.27112992E-04
  0.315699995       2.05574412E-04
  0.316799998       1.84316668E-04
  0.317900002       1.63535660E-04
  0.319000006       1.43400801E-04
  0.320100009       1.24055907E-04
  0.321200013       1.05623316E-04
  0.322299987       8.82038221E-05
  0.323399991       7.18748124E-05
  0.324499995       5.66893759E-05
  0.325599998       4.26814295E-05
  0.326700002       2.98689065E-05
  0.327800006       1.82530312E-05
  0.328900009       7.81713425E-06
  0.329999983      -1.46963907E-06
  0.331099987      -9.64731407E-06
  0.332199991      -1.67613234E-05
  0.333299994      -2.28656900E-05
  0.334399998      -2.80239492E-05
  0.335500002      -3.23052009E-05
  0.336600006      -3.57784047E-05
  0.337700009      -3.85098610E-05
  0.338800013      -4.05662649E-05
  0.339899987      -4.20178403E-05
  0.340999991      -4.29344254E-05
  0.342099994      -4.33817768E-05
  0.343199998      -4.34203939E-05
  0.344300002      -4.31074150E-05
  0.345400006      -4.24973186E-05
  0.346500009      -4.16391413E-05
  0.347599983      -4.05775863E-05
  0.348699987      -3.93543160E-05
  0.349799991      -3.80084712E-05
  0.350899994      -3.65727465E-05
  0.351999998      -3.50733899E-05
  0.353100002      -3.35329423E-05
  0.354200006      -3.19743194E-05
  0.355300009      -3.04196692E-05
  0.356400013      -2.88865504E-05
  0.357499987      -2.73856331E-05
  0.358599991      -2.59235258E-05
  0.359699994      -2.45068804E-05
  0.360799998      -2.31436425E-05
  0.361900002      -2.18402547E-05
  0.363000005      -2.05998349E-05
  0.364100009      -1.94221648E-05
  0.365199983      -1.83059510E-05
  0.366299987      -1.72504624E-05
  0.367399991      -1.62554643E-05
  0.368499994      -1.53210131E-05
  0.369599998      -1.44465976E-05
  0.370700002      -1.36299805E-05
  0.371800005      -1.28669044E-05
  0.372900009      -1.21522917E-05
  0.374000013      -1.14826917E-05
  0.375099987      -1.08572431E-05
  0.376199991      -1.02751601E-05
  0.377299994      -9.73352599E-06
  0.378399998      -9.22753952E-06
  0.379500002      -8.75309252E-06
  0.380600005      -8.30843328E-06
  0.381700009      -7.89330898E-06
  0.382799983      -7.50670961E-06
  0.383899987      -7.14630914E-06
  0.384999990      -6.80883704E-06
  0.386099994      -6.49144476E-06
  0.387199998      -6.19219873E-06
  0.388300002      -5.91014896E-06
  0.389400005      -5.64489710E-06
  0.390500009      -5.39586017E-06
  0.391600013      -5.16166938E-06
  0.392699987      -4.94056667E-06
  0.393799990      -4.73136106E-06
  0.394899994      -4.53378834E-06
  0.395999998      -4.34788672E-06
  0.397100002      -4.17289357E-06
  0.398200005      -4.00745012E-06
  0.399300009      -3.85036537E-06
  0.400399983      -3.70104863E-06
  0.401499987      -3.55906741E-06
  0.402599990      -3.42375597E-06
  0.403699994      -3.29479599E-06
  0.404799998      -3.17225476E-06
  0.405900002      -3.05637514E-06
  0.407000005      -2.94691495E-06
  0.408100009      -2.84306566E-06
  0.409200013      -2.74408012E-06
  0.410299987      -2.64944561E-06
  0.411399990      -2.55880309E-06
  0.412499994      -2.47167145E-06
  0.413599998      -2.38791495E-06
  0.414700001      -2.30774913E-06
  0.415800005      -2.23122970E-06
  0.416900009      -2.15771888E-06
  0.417999983      -2.08629490E-06
  0.419099987      -2.01695411E-06
  0.420199990      -1.95071584E-06
  0.421299994      -1.88829915E-06
  0.422399998      -1.82908525E-06
  0.423500001      -1.77170614E-06
  0.424600005      -1.71553131E-06
  0.425700009      -1.66101449E-06
  0.426800013      -1.60895775E-06
  0.427899987      -1.55954660E-06
  0.428999990      -1.51248958E-06
  0.430099994      -1.46750222E-06
  0.431199998      -1.42422380E-06
  0.432300001      -1.38201358E-06
  0.433400005      -1.34052368E-06
  0.434500009      -1.30043713E-06
  0.435599983      -1.26313989E-06
  0.436699986      -1.22903441E-06
  0.437799990      -1.19678896E-06
  0.438899994      -1.16460410E-06
  0.439999998      -1.13207545E-06
  0.441100001      -1.10046744E-06
  0.442200005      -1.07114363E-06
  0.443300009      -1.04415130E-06
  0.444400012      -1.01835815E-06
  0.445499986      -9.92728928E-07
  0.446599990      -9.66893253E-07
  0.447699994      -9.41079122E-07
  0.448799998      -9.15892088E-07
  0.449900001      -8.92249716E-07
  0.451000005      -8.70559916E-07
  0.452100009      -8.49933201E-07
  0.453199983      -8.28628913E-07
  0.454299986      -8.05762625E-07
  0.455399990      -7.82560505E-07
  0.456499994      -7.61279296E-07
  0.457599998      -7.42858560E-07
  0.458700001      -7.25928714E-07
  0.459800005      -7.08450443E-07
  0.460900009      -6.89859519E-07
  0.462000012      -6.71386545E-07
  0.463099986      -6.54467954E-07
  0.464199990      -6.39396774E-07
  0.465299994      -6.25398286E-07
  0.466399997      -6.11501150E-07
  0.467500001      -5.97098392E-07
  0.468600005      -5.82167957E-07
  0.469700009      -5.67446932E-07
  0.470799983      -5.54149494E-07
  0.471899986      -5.42940086E-07
  0.472999990      -5.33110779E-07
  0.474099994      -5.23214851E-07
  0.475199997      -5.12537497E-07
  0.476300001      -5.01768000E-07
  0.477400005      -4.91913397E-07
  0.478500009      -4.82956011E-07
  0.479600012      -4.73861292E-07
  0.480699986      -4.63897521E-07
  0.481799990      -4.53412326E-07
  0.482899994      -4.43189151E-07
  0.483999997      -4.33471257E-07
  0.485100001      -4.23953168E-07
  0.486200005      -4.14516251E-07
  0.487300009      -4.05472065E-07
  0.488399982      -3.97046136E-07
  0.489499986      -3.89006544E-07
  0.490599990      -3.80996994E-07
  0.491699994      -3.72905959E-07
  0.492799997      -3.64747279E-07
  0.493900001      -3.56408322E-07
  0.495000005      -3.47887664E-07
  0.496100008      -3.39601399E-07
  0.497200012      -3.32116400E-07
  0.498299986      -3.25447104E-07
  0.499399990      -3.19019392E-07
  0.500500023      -3.12516988E-07
  0.501600027      -3.06421782E-07
  0.502699971      -3.01480412E-07
  0.503799975      -2.97618669E-07
  0.504899979      -2.93848615E-07
  0.505999982      -2.89272151E-07
  0.507099986      -2.83866768E-07
  0.508199990      -2.78259364E-07
  0.509299994      -2.72962097E-07
  0.510399997      -2.68171135E-07
  0.511500001      -2.64014034E-07
  0.512600005      -2.60551047E-07
  0.513700008      -2.57434436E-07
  0.514800012      -2.53948400E-07
  0.515900016      -2.49669057E-07
  0.517000020      -2.44873632E-07
  0.518100023      -2.40118737E-07
  0.519199967      -2.35513497E-07
  0.520299971      -2.30707641E-07
  0.521399975      -2.25546842E-07
  0.522499979      -2.20377032E-07
  0.523599982      -2.15610214E-07
  0.524699986      -2.11259575E-07
  0.525799990      -2.07190197E-07
  0.526899993      -2.03540480E-07
  0.527999997      -2.00451808E-07
  0.529100001      -1.97454980E-07
  0.530200005      -1.93666509E-07
  0.531300008      -1.88786700E-07
  0.532400012      -1.83678367E-07
  0.533500016      -1.79581320E-07
  0.534600019      -1.76887923E-07
  0.535700023      -1.74974019E-07
  0.536800027      -1.73073488E-07
  0.537899971      -1.71047077E-07
  0.538999975      -1.69144627E-07
  0.540099978      -1.67427970E-07
  0.541199982      -1.65826762E-07
  0.542299986      -1.64442199E-07
  0.543399990      -1.63321303E-07
  0.544499993      -1.61957104E-07
  0.545599997      -1.59544740E-07
  0.546700001      -1.55982178E-07
  0.547800004      -1.52307265E-07
  0.548900008      -1.49760297E-07
