   0.00000000       0.00000000    
   1.09999999E-03   9.05869424E-36
   2.19999999E-03   1.54313194E-11
   3.29999998E-03   4.62285375E-12
   4.39999998E-03  -4.30141305E-11
   5.49999997E-03   2.65474552E-11
   6.59999996E-03   2.86632551E-10
   7.69999996E-03   3.54522633E-10
   8.79999995E-03  -2.57663169E-10
   9.89999995E-03  -1.15997723E-09
   1.09999999E-02  -9.53473633E-10
   1.20999999E-02   1.26031519E-09
   1.31999999E-02   4.31608038E-09
   1.42999999E-02   5.52111645E-09
   1.53999999E-02   2.88296409E-09
   1.64999999E-02  -3.64393804E-09
   1.75999999E-02  -1.31878561E-08
   1.86999999E-02  -2.54550994E-08
   1.97999999E-02  -4.05023499E-08
   2.08999999E-02  -5.73114285E-08
   2.19999999E-02  -7.34408800E-08
   2.30999999E-02  -8.65822969E-08
   2.41999999E-02  -9.66820934E-08
   2.52999999E-02  -1.07101350E-07
   2.63999999E-02  -1.24174235E-07
   2.74999999E-02  -1.54825869E-07
   2.85999998E-02  -2.02728657E-07
   2.96999998E-02  -2.65779988E-07
   3.07999998E-02  -3.38368665E-07
   3.18999998E-02  -4.17688824E-07
   3.29999998E-02  -5.07937841E-07
   3.40999998E-02  -6.17443561E-07
   3.51999998E-02  -7.51974426E-07
   3.62999998E-02  -9.12620237E-07
   3.73999998E-02  -1.10108556E-06
   3.84999998E-02  -1.32564855E-06
   3.95999998E-02  -1.60013087E-06
   4.06999998E-02  -1.93720120E-06
   4.17999998E-02  -2.34407412E-06
   4.28999998E-02  -2.82475548E-06
   4.39999998E-02  -3.38502196E-06
   4.50999998E-02  -4.03515014E-06
   4.61999997E-02  -4.79028677E-06
   4.72999997E-02  -5.67032976E-06
   4.83999997E-02  -6.69849351E-06
   4.94999997E-02  -7.89755904E-06
   5.05999997E-02  -9.28712689E-06
   5.16999997E-02  -1.08867052E-05
   5.27999997E-02  -1.27222193E-05
   5.38999997E-02  -1.48276022E-05
   5.49999997E-02  -1.72382697E-05
   5.60999997E-02  -1.99844617E-05
   5.71999997E-02  -2.30934766E-05
   5.82999997E-02  -2.65977014E-05
   5.93999997E-02  -3.05372632E-05
   6.04999997E-02  -3.49543370E-05
   6.15999997E-02  -3.98878947E-05
   6.27000034E-02  -4.53763314E-05
   6.37999997E-02  -5.14623134E-05
   6.48999959E-02  -5.81893328E-05
   6.59999996E-02  -6.55934928E-05
   6.71000034E-02  -7.37002338E-05
   6.81999996E-02  -8.25312163E-05
   6.92999959E-02  -9.21106475E-05
   7.03999996E-02  -1.02462371E-04
   7.15000033E-02  -1.13599177E-04
   7.25999996E-02  -1.25518258E-04
   7.36999959E-02  -1.38204545E-04
   7.47999996E-02  -1.51634187E-04
   7.59000033E-02  -1.65771562E-04
   7.69999996E-02  -1.80564079E-04
   7.80999959E-02  -1.95944347E-04
   7.91999996E-02  -2.11830120E-04
   8.03000033E-02  -2.28118370E-04
   8.13999996E-02  -2.44677853E-04
   8.24999958E-02  -2.61350506E-04
   8.35999995E-02  -2.77965650E-04
   8.47000033E-02  -2.94345256E-04
   8.57999995E-02  -3.10295785E-04
   8.68999958E-02  -3.25587986E-04
   8.79999995E-02  -3.39962251E-04
   8.91000032E-02  -3.53143550E-04
   9.01999995E-02  -3.64855339E-04
   9.12999958E-02  -3.74815776E-04
   9.23999995E-02  -3.82730039E-04
   9.35000032E-02  -3.88290471E-04
   9.45999995E-02  -3.91186622E-04
   9.56999958E-02  -3.91114125E-04
   9.67999995E-02  -3.87782173E-04
   9.79000032E-02  -3.80915531E-04
   9.89999995E-02  -3.70258087E-04
  0.100099996      -3.55590630E-04
  0.101199999      -3.36725003E-04
  0.102300003      -3.13504948E-04
  0.103399999      -2.85809569E-04
  0.104499996      -2.53573933E-04
  0.105599999      -2.16800545E-04
  0.106700003      -1.75550711E-04
  0.107799999      -1.29941720E-04
  0.108899996      -8.01559290E-05
  0.109999999      -2.64447044E-05
  0.111100003       3.08685594E-05
  0.112199999       9.13857439E-05
  0.113299996       1.54653128E-04
  0.114399999       2.20158050E-04
  0.115500003       2.87318369E-04
  0.116599999       3.55494587E-04
  0.117699996       4.24011901E-04
  0.118799999       4.92164050E-04
  0.119900003       5.59215434E-04
  0.120999999       6.24407607E-04
  0.122099996       6.86965650E-04
  0.123199999       7.46124599E-04
  0.124300003       8.01143004E-04
  0.125400007       8.51310440E-04
  0.126499996       8.95954436E-04
  0.127599999       9.34454089E-04
  0.128700003       9.66249907E-04
  0.129799992       9.90859233E-04
  0.130899996       1.00788102E-03
  0.131999999       1.01700390E-03
  0.133100003       1.01801509E-03
  0.134200007       1.01081375E-03
  0.135299996       9.95397801E-04
  0.136399999       9.71865666E-04
  0.137500003       9.40416998E-04
  0.138599992       9.01354535E-04
  0.139699996       8.55091785E-04
  0.140799999       8.02139519E-04
  0.141900003       7.43083074E-04
  0.143000007       6.78579556E-04
  0.144099995       6.09352544E-04
  0.145199999       5.36179112E-04
  0.146300003       4.59877483E-04
  0.147399992       3.81298014E-04
  0.148499995       3.01295368E-04
  0.149599999       2.20740127E-04
  0.150700003       1.40491000E-04
  0.151800007       6.13648153E-05
  0.152899995      -1.58569765E-05
  0.153999999      -9.04388435E-05
  0.155100003      -1.61672986E-04
  0.156199992      -2.28935343E-04
  0.157299995      -2.91690289E-04
  0.158399999      -3.49472713E-04
  0.159500003      -4.01891681E-04
  0.160600007      -4.48638602E-04
  0.161699995      -4.89497965E-04
  0.162799999      -5.24347823E-04
  0.163900003      -5.53134829E-04
  0.164999992      -5.75879007E-04
  0.166099995      -5.92688040E-04
  0.167199999      -6.03740104E-04
  0.168300003      -6.09273091E-04
  0.169400007      -6.09570125E-04
  0.170499995      -6.04964036E-04
  0.171599999      -5.95837540E-04
  0.172700003      -5.82606648E-04
  0.173799992      -5.65703493E-04
  0.174899995      -5.45563526E-04
  0.175999999      -5.22634888E-04
  0.177100003      -4.97383357E-04
  0.178200006      -4.70269879E-04
  0.179299995      -4.41724900E-04
  0.180399999      -4.12149151E-04
  0.181500003      -3.81926657E-04
  0.182599992      -3.51432216E-04
  0.183699995      -3.21016676E-04
  0.184799999      -2.90987082E-04
  0.185900003      -2.61606998E-04
  0.187000006      -2.33108673E-04
  0.188099995      -2.05698190E-04
  0.189199999      -1.79547293E-04
  0.190300003      -1.54789814E-04
  0.191399992      -1.31530760E-04
  0.192499995      -1.09848246E-04
  0.193599999      -8.97920472E-05
  0.194700003      -7.13770787E-05
  0.195800006      -5.45910989E-05
  0.196899995      -3.94113958E-05
  0.197999999      -2.58106538E-05
  0.199100003      -1.37464149E-05
  0.200199991      -3.15129205E-06
  0.201299995       6.06504318E-06
  0.202399999       1.39936610E-05
  0.203500003       2.07171070E-05
  0.204600006       2.63181191E-05
  0.205699995       3.08915769E-05
  0.206799999       3.45391891E-05
  0.207900003       3.73577095E-05
  0.208999991       3.94326780E-05
  0.210099995       4.08459782E-05
  0.211199999       4.16835101E-05
  0.212300003       4.20275901E-05
  0.213400006       4.19453863E-05
  0.214499995       4.14960668E-05
  0.215599999       4.07409971E-05
  0.216700003       3.97448202E-05
  0.217799991       3.85646854E-05
  0.218899995       3.72400282E-05
  0.219999999       3.58011821E-05
  0.221100003       3.42811472E-05
  0.222200006       3.27154703E-05
  0.223299995       3.11321783E-05
  0.224399999       2.95488862E-05
  0.225500003       2.79787782E-05
  0.226599991       2.64381943E-05
  0.227699995       2.49431032E-05
  0.228799999       2.35004336E-05
  0.229900002       2.21097907E-05
  0.231000006       2.07753128E-05
  0.232099995       1.95088633E-05
  0.233199999       1.83184202E-05
  0.234300002       1.71995634E-05
  0.235399991       1.61407024E-05
  0.236499995       1.51381710E-05
  0.237599999       1.41985402E-05
  0.238700002       1.33267849E-05
  0.239800006       1.25176857E-05
  0.240899995       1.17603649E-05
  0.241999999       1.10504407E-05
  0.243100002       1.03906414E-05
  0.244199991       9.78198204E-06
  0.245299995       9.21810806E-06
  0.246399999       8.69184805E-06
  0.247500002       8.20311107E-06
  0.248600006       7.75430544E-06
  0.249699995       7.34106379E-06
  0.250800014       6.95365179E-06
  0.251899987       6.58697491E-06
  0.252999991       6.24542236E-06
  0.254099995       5.93375762E-06
  0.255199999       5.64776292E-06
  0.256300002       5.37825372E-06
  0.257400006       5.12243423E-06
  0.258500010       4.88597925E-06
  0.259599984       4.67183554E-06
  0.260699987       4.47340744E-06
  0.261799991       4.28234034E-06
  0.262899995       4.09922404E-06
  0.263999999       3.93023902E-06
  0.265100002       3.77569177E-06
  0.266200006       3.62767173E-06
  0.267300010       3.48065873E-06
  0.268400013       3.33979301E-06
  0.269499987       3.21340826E-06
  0.270599991       3.10076848E-06
  0.271699995       2.99310250E-06
  0.272799999       2.88577553E-06
  0.273900002       2.78261518E-06
  0.275000006       2.68825693E-06
  0.276100010       2.60008574E-06
  0.277199984       2.51236020E-06
  0.278299987       2.42549345E-06
  0.279399991       2.34559661E-06
  0.280499995       2.27413148E-06
  0.281599998       2.20477727E-06
  0.282700002       2.13302405E-06
  0.283800006       2.06357959E-06
  0.284900010       2.00438217E-06
  0.286000013       1.95440225E-06
  0.287099987       1.90437288E-06
  0.288199991       1.84894020E-06
  0.289299995       1.79339906E-06
  0.290399998       1.74527258E-06
  0.291500002       1.70357134E-06
  0.292600006       1.66117854E-06
  0.293700010       1.61580260E-06
  0.294799984       1.57280931E-06
  0.295899987       1.53604310E-06
  0.296999991       1.50151175E-06
  0.298099995       1.46400180E-06
  0.299199998       1.42571150E-06
  0.300300002       1.39290148E-06
  0.301400006       1.36588801E-06
  0.302500010       1.33715230E-06
  0.303600013       1.30175556E-06
  0.304699987       1.26463237E-06
  0.305799991       1.23364259E-06
  0.306899995       1.20892935E-06
  0.307999998       1.18372316E-06
  0.309100002       1.15498108E-06
  0.310200006       1.12733937E-06
  0.311300009       1.10494545E-06
  0.312399983       1.08434119E-06
  0.313499987       1.05979848E-06
  0.314599991       1.03250909E-06
  0.315699995       1.00919601E-06
  0.316799998       9.91955176E-07
  0.317900002       9.74689215E-07
  0.319000006       9.51954632E-07
  0.320100009       9.27363430E-07
  0.321200013       9.08909101E-07
  0.322299987       8.97846348E-07
  0.323399991       8.87252554E-07
  0.324499995       8.71949112E-07
  0.325599998       8.54520522E-07
  0.326700002       8.39647328E-07
  0.327800006       8.26289579E-07
  0.328900009       8.10137692E-07
  0.329999983       7.91753905E-07
  0.331099987       7.76721663E-07
  0.332199991       7.67064364E-07
  0.333299994       7.57282180E-07
  0.334399998       7.41842086E-07
  0.335500002       7.23659866E-07
  0.336600006       7.10462189E-07
  0.337700009       7.03856585E-07
  0.338800013       6.96868085E-07
  0.339899987       6.83278415E-07
  0.340999991       6.65415087E-07
  0.342099994       6.49756942E-07
  0.343199998       6.38015479E-07
  0.344300002       6.26681640E-07
  0.345400006       6.14177850E-07
  0.346500009       6.03481510E-07
  0.347599983       5.96321684E-07
  0.348699987       5.88880766E-07
  0.349799991       5.77002936E-07
  0.350899994       5.63156902E-07
  0.351999998       5.53982773E-07
  0.353100002       5.50835466E-07
  0.354200006       5.47274567E-07
  0.355300009       5.37497954E-07
  0.356400013       5.23904987E-07
  0.357499987       5.13498776E-07
  0.358599991       5.08675043E-07
  0.359699994       5.05343849E-07
  0.360799998       4.99794851E-07
  0.361900002       4.93177367E-07
  0.363000005       4.87753880E-07
  0.364100009       4.81985410E-07
  0.365199983       4.72993804E-07
  0.366299987       4.62257816E-07
  0.367399991       4.54722993E-07
  0.368499994       4.51682098E-07
  0.369599998       4.48159028E-07
  0.370700002       4.39383683E-07
  0.371800005       4.27463959E-07
  0.372900009       4.18782435E-07
  0.374000013       4.15573112E-07
  0.375099987       4.13522656E-07
  0.376199991       4.07904793E-07
  0.377299994       3.99071070E-07
  0.378399998       3.90207902E-07
  0.379500002       3.82216513E-07
  0.380600005       3.73789845E-07
  0.381700009       3.65622100E-07
  0.382799983       3.60815164E-07
  0.383899987       3.59967885E-07
  0.384999990       3.58950359E-07
  0.386099994       3.53729774E-07
  0.387199998       3.45874412E-07
  0.388300002       3.40633136E-07
  0.389400005       3.39852392E-07
  0.390500009       3.39553623E-07
  0.391600013       3.35348886E-07
  0.392699987       3.27821340E-07
  0.393799990       3.21038016E-07
  0.394899994       3.17023108E-07
  0.395999998       3.14340156E-07
  0.397100002       3.11627588E-07
  0.398200005       3.09631758E-07
  0.399300009       3.08731074E-07
  0.400399983       3.06692385E-07
  0.401499987       3.01158451E-07
  0.402599990       2.93349359E-07
  0.403699994       2.87167353E-07
  0.404799998       2.84296135E-07
  0.405900002       2.82063667E-07
  0.407000005       2.77237660E-07
  0.408100009       2.70277951E-07
  0.409200013       2.64294613E-07
  0.410299987       2.60735078E-07
  0.411399990       2.58068894E-07
  0.412499994       2.54738808E-07
  0.413599998       2.51279573E-07
  0.414700001       2.48490807E-07
  0.415800005       2.45183315E-07
  0.416900009       2.39659244E-07
  0.417999983       2.32957746E-07
  0.419099987       2.28667659E-07
  0.420199990       2.28764833E-07
  0.421299994       2.30978245E-07
  0.422399998       2.31264536E-07
  0.423500001       2.28229027E-07
  0.424600005       2.23873656E-07
  0.425700009       2.20591602E-07
  0.426800013       2.18738748E-07
  0.427899987       2.17381469E-07
  0.428999990       2.15893294E-07
  0.430099994       2.13919108E-07
  0.431199998       2.10766018E-07
  0.432300001       2.06299887E-07
  0.433400005       2.02282834E-07
  0.434500009       2.01201246E-07
  0.435599983       2.03071309E-07
  0.436699986       2.04366899E-07
  0.437799990       2.01282020E-07
  0.438899994       1.93865574E-07
  0.439999998       1.86005906E-07
  0.441100001       1.81351055E-07
  0.442200005       1.79977974E-07
  0.443300009       1.79240359E-07
  0.444400012       1.76951488E-07
  0.445499986       1.73063839E-07
  0.446599990       1.68863892E-07
  0.447699994       1.65684384E-07
  0.448799998       1.64375919E-07
  0.449900001       1.64875274E-07
  0.451000005       1.65700314E-07
  0.452100009       1.64509288E-07
  0.453199983       1.60243388E-07
  0.454299986       1.54665841E-07
  0.455399990       1.51088159E-07
  0.456499994       1.51162439E-07
  0.457599998       1.53346704E-07
  0.458700001       1.54685594E-07
  0.459800005       1.53730511E-07
  0.460900009       1.51345944E-07
  0.462000012       1.49127416E-07
  0.463099986       1.47815669E-07
  0.464199990       1.47217747E-07
  0.465299994       1.46877795E-07
  0.466399997       1.46150441E-07
  0.467500001       1.44194289E-07
  0.468600005       1.40669812E-07
  0.469700009       1.36579558E-07
  0.470799983       1.33755819E-07
  0.471899986       1.33075716E-07
  0.472999990       1.33366470E-07
  0.474099994       1.32512724E-07
  0.475199997       1.29444373E-07
  0.476300001       1.24989356E-07
  0.477400005       1.20809460E-07
  0.478500009       1.18004060E-07
  0.479600012       1.16687723E-07
  0.480699986       1.16257809E-07
  0.481799990       1.15751099E-07
  0.482899994       1.14253837E-07
  0.483999997       1.11649342E-07
  0.485100001       1.09103091E-07
  0.486200005       1.08250589E-07
  0.487300009       1.09472886E-07
  0.488399982       1.11182487E-07
  0.489499986       1.11195639E-07
  0.490599990       1.08873778E-07
  0.491699994       1.05705347E-07
  0.492799997       1.03739957E-07
  0.493900001       1.03768421E-07
  0.495000005       1.04987166E-07
  0.496100008       1.06050877E-07
  0.497200012       1.06084386E-07
  0.498299986       1.04925682E-07
  0.499399990       1.02992907E-07
  0.500500023       1.01128300E-07
  0.501600027       1.00100543E-07
  0.502699971       9.98070462E-08
  0.503799975       9.91125049E-08
  0.504899979       9.68329843E-08
  0.505999982       9.30627522E-08
  0.507099986       8.92677221E-08
  0.508199990       8.69799806E-08
  0.509299994       8.64710614E-08
  0.510399997       8.67941310E-08
  0.511500001       8.67495089E-08
  0.512600005       8.56366498E-08
  0.513700008       8.32930596E-08
  0.514800012       8.01103752E-08
  0.515900016       7.71541337E-08
  0.517000020       7.57630403E-08
  0.518100023       7.64076731E-08
  0.519199967       7.79037279E-08
  0.520299971       7.83143719E-08
  0.521399975       7.68702151E-08
  0.522499979       7.48603881E-08
  0.523599982       7.43015818E-08
  0.524699986       7.58276713E-08
  0.525799990       7.80548746E-08
  0.526899993       7.89454901E-08
  0.527999997       7.75729774E-08
  0.529100001       7.47045021E-08
  0.530200005       7.20881985E-08
  0.531300008       7.12990342E-08
  0.532400012       7.27360359E-08
  0.533500016       7.51326823E-08
  0.534600019       7.61497816E-08
  0.535700023       7.41985602E-08
  0.536800027       7.01142326E-08
  0.537899971       6.66643274E-08
  0.538999975       6.59591848E-08
  0.540099978       6.72360727E-08
  0.541199982       6.75855389E-08
  0.542299986       6.49373106E-08
  0.543399990       6.01225238E-08
  0.544499993       5.59528104E-08
  0.545599997       5.45486891E-08
  0.546700001       5.57881776E-08
  0.547800004       5.78788750E-08
  0.548900008       5.89271352E-08
