   0.00000000       0.00000000    
   1.09999999E-03   0.00000000    
   2.19999999E-03   0.00000000    
   3.29999998E-03   0.00000000    
   4.39999998E-03   0.00000000    
   5.49999997E-03   0.00000000    
   6.59999996E-03   0.00000000    
   7.69999996E-03   0.00000000    
   8.79999995E-03   0.00000000    
   9.89999995E-03   0.00000000    
   1.09999999E-02   0.00000000    
   1.20999999E-02   0.00000000    
   1.31999999E-02   0.00000000    
   1.42999999E-02  -5.80749402E-34
   1.53999999E-02   1.41636931E-33
   1.64999999E-02   1.49867463E-32
   1.75999999E-02  -2.19062247E-32
   1.86999999E-02  -2.27719775E-31
   1.97999999E-02   3.05233448E-32
   2.08999999E-02   2.24291883E-30
   2.19999999E-02   2.71712416E-30
   2.30999999E-02  -1.26300500E-29
   2.41999999E-02  -3.80342245E-29
   2.52999999E-02   1.16373941E-29
   2.63999999E-02   2.34104488E-28
   2.74999999E-02   3.93092341E-28
   2.85999998E-02  -3.76755881E-28
   2.96999998E-02  -2.76355328E-27
   3.07999998E-02  -4.35174464E-27
   3.18999998E-02   3.52262871E-27
   3.29999998E-02   2.89829068E-26
   3.40999998E-02   4.89434358E-26
   3.51999998E-02  -2.28632059E-26
   3.62999998E-02  -2.61730465E-25
   3.73999998E-02  -4.61128396E-25
   3.84999998E-02   6.62628616E-26
   3.95999998E-02   1.86118142E-24
   4.06999998E-02   3.56534245E-24
   4.17999998E-02   8.97224065E-25
   4.28999998E-02  -9.87445831E-24
   4.39999998E-02  -2.29594322E-23
   4.50999998E-02  -1.65997507E-23
   4.61999997E-02   3.47984342E-23
   4.72999997E-02   1.20920954E-22
   4.83999997E-02   1.50662651E-22
   4.94999997E-02  -3.08011340E-23
   5.05999997E-02  -4.87002636E-22
   5.16999997E-02  -9.26625958E-22
   5.27999997E-02  -5.98246514E-22
   5.38999997E-02   1.22327441E-21
   5.49999997E-02   4.04633330E-21
   5.60999997E-02   5.13441831E-21
   5.71999997E-02   4.15449822E-22
   5.82999997E-02  -1.15413667E-20
   5.93999997E-02  -2.42812293E-20
   6.04999997E-02  -2.22840502E-20
   6.15999997E-02   1.03818284E-20
   6.27000034E-02   7.13834832E-20
   6.37999997E-02   1.22060917E-19
   6.48999959E-02   9.08754903E-20
   6.59999996E-02  -8.18947904E-20
   6.71000034E-02  -3.63119209E-19
   6.81999996E-02  -5.61960245E-19
   6.92999959E-02  -3.72505357E-19
   7.03999996E-02   4.13590849E-19
   7.15000033E-02   1.59164067E-18
   7.25999996E-02   2.36307634E-18
   7.36999959E-02   1.58456714E-18
   7.47999996E-02  -1.44515039E-18
   7.59000033E-02  -5.96206143E-18
   7.69999996E-02  -9.19703825E-18
   7.80999959E-02  -7.15685021E-18
   7.91999996E-02   2.90499896E-18
   8.03000033E-02   1.91078308E-17
   8.13999996E-02   3.28656559E-17
   8.24999958E-02   3.09297919E-17
   8.35999995E-02   2.83050390E-18
   8.47000033E-02  -4.88311847E-17
   8.57999995E-02  -1.01755186E-16
   8.68999958E-02  -1.18118533E-16
   8.79999995E-02  -6.20994728E-17
   8.91000032E-02   7.47075913E-17
   9.01999995E-02   2.52472781E-16
   9.12999958E-02   3.81595543E-16
   9.23999995E-02   3.50603878E-16
   9.35000032E-02   8.17970320E-17
   9.45999995E-02  -4.04283002E-16
   9.56999958E-02  -9.49360033E-16
   9.67999995E-02  -1.27688216E-15
   9.79000032E-02  -1.08314603E-15
   9.89999995E-02  -1.79434652E-16
  0.100099996       1.36159710E-15
  0.101199999       3.11136928E-15
  0.102300003       4.29912843E-15
  0.103399999       3.98671557E-15
  0.104499996       1.42827945E-15
  0.105599999      -3.44303583E-15
  0.106700003      -9.57892365E-15
  0.107799999      -1.46899010E-14
  0.108899996      -1.56564892E-14
  0.109999999      -9.54906235E-15
  0.111100003       4.89824330E-15
  0.112199999       2.57630035E-14
  0.113299996       4.70059850E-14
  0.114399999       5.89190291E-14
  0.115500003       5.05468876E-14
  0.116599999       1.40254231E-14
  0.117699996      -5.02096466E-14
  0.118799999      -1.29264614E-13
  0.119900003      -1.96909478E-13
  0.120999999      -2.17772035E-13
  0.122099996      -1.57261438E-13
  0.123199999       3.90200974E-15
  0.124300003       2.53975904E-13
  0.125400007       5.38976470E-13
  0.126499996       7.62655943E-13
  0.127599999       8.03035644E-13
  0.128700003       5.46783539E-13
  0.129799992      -6.33341713E-14
  0.130899996      -9.79348005E-13
  0.131999999      -2.01428067E-12
  0.133100003      -2.84287221E-12
  0.134200007      -3.05259052E-12
  0.135299996      -2.24979345E-12
  0.136399999      -2.08383305E-13
  0.137500003       2.97188554E-12
  0.138599992       6.74713627E-12
  0.139699996       1.01078469E-11
  0.140799999       1.17025122E-11
  0.141900003       1.01280252E-11
  0.143000007       4.36373767E-12
  0.144099995      -5.72831062E-12
  0.145199999      -1.89659018E-11
  0.146300003      -3.26319735E-11
  0.147399992      -4.26387640E-11
  0.148499995      -4.41747958E-11
  0.149599999      -3.28362129E-11
  0.150700003      -6.10070935E-12
  0.151800007       3.51510661E-11
  0.152899995       8.54833426E-11
  0.153999999       1.34580569E-10
  0.155100003       1.68139808E-10
  0.156199992       1.70175707E-10
  0.157299995       1.26626279E-10
  0.158399999       2.97745578E-11
  0.159500003      -1.17367560E-10
  0.160600007      -2.97822655E-10
  0.161699995      -4.79717210E-10
  0.162799999      -6.18592344E-10
  0.163900003      -6.63392785E-10
  0.164999992      -5.65849978E-10
  0.166099995      -2.92155328E-10
  0.167199999       1.64951136E-10
  0.168300003       7.76054221E-10
  0.169400007       1.46936385E-09
  0.170499995       2.13144014E-09
  0.171599999       2.61534816E-09
  0.172700003       2.75582890E-09
  0.173799992       2.38950038E-09
  0.174899995       1.37668910E-09
  0.175999999      -3.79464848E-10
  0.177100003      -2.92116065E-09
  0.178200006      -6.23518970E-09
  0.179299995      -1.02654338E-08
  0.180399999      -1.49384753E-08
  0.181500003      -2.01997103E-08
  0.182599992      -2.60548667E-08
  0.183699995      -3.26104939E-08
  0.184799999      -4.01069471E-08
  0.185900003      -4.89382543E-08
  0.187000006      -5.96561378E-08
  0.188099995      -7.29590326E-08
  0.189199999      -8.96703867E-08
  0.190300003      -1.10713302E-07
  0.191399992      -1.37091078E-07
  0.192499995      -1.69881815E-07
  0.193599999      -2.10255195E-07
  0.194700003      -2.59513399E-07
  0.195800006      -3.19153827E-07
  0.196899995      -3.90949822E-07
  0.197999999      -4.77037418E-07
  0.199100003      -5.79998982E-07
  0.200199991      -7.02933676E-07
  0.201299995      -8.49511309E-07
  0.202399999      -1.02400202E-06
  0.203500003      -1.23129576E-06
  0.204600006      -1.47691208E-06
  0.205699995      -1.76700883E-06
  0.206799999      -2.10841654E-06
  0.207900003      -2.50867879E-06
  0.208999991      -2.97612019E-06
  0.210099995      -3.51994686E-06
  0.211199999      -4.15034401E-06
  0.212300003      -4.87856641E-06
  0.213400006      -5.71701185E-06
  0.214499995      -6.67924951E-06
  0.215599999      -7.78002504E-06
  0.216700003      -9.03520140E-06
  0.217799991      -1.04616065E-05
  0.218899995      -1.20768955E-05
  0.219999999      -1.38993919E-05
  0.221100003      -1.59478441E-05
  0.222200006      -1.82411604E-05
  0.223299995      -2.07981884E-05
  0.224399999      -2.36374690E-05
  0.225500003      -2.67770356E-05
  0.226599991      -3.02340177E-05
  0.227699995      -3.40241677E-05
  0.228799999      -3.81613900E-05
  0.229900002      -4.26572406E-05
  0.231000006      -4.75203233E-05
  0.232099995      -5.27554512E-05
  0.233199999      -5.83626825E-05
  0.234300002      -6.43363310E-05
  0.235399991      -7.06647552E-05
  0.236499995      -7.73293432E-05
  0.237599999      -8.43036396E-05
  0.238700002      -9.15524361E-05
  0.239800006      -9.90319022E-05
  0.240899995      -1.06688662E-04
  0.241999999      -1.14460025E-04
  0.243100002      -1.22272802E-04
  0.244199991      -1.30043030E-04
  0.245299995      -1.37676630E-04
  0.246399999      -1.45069498E-04
  0.247500002      -1.52107299E-04
  0.248600006      -1.58666036E-04
  0.249699995      -1.64612546E-04
  0.250800014      -1.69806299E-04
  0.251899987      -1.74102184E-04
  0.252999991      -1.77349008E-04
  0.254099995      -1.79392999E-04
  0.255199999      -1.80082643E-04
  0.256300002      -1.79269278E-04
  0.257400006      -1.76809204E-04
  0.258500010      -1.72564643E-04
  0.259599984      -1.66411759E-04
  0.260699987      -1.58240029E-04
  0.261799991      -1.47958635E-04
  0.262899995      -1.35493974E-04
  0.263999999      -1.20797500E-04
  0.265100002      -1.03847320E-04
  0.266200006      -8.46499097E-05
  0.267300010      -6.32417868E-05
  0.268400013      -3.96948708E-05
  0.269499987      -1.41157498E-05
  0.270599991       1.33577278E-05
  0.271699995       4.25487924E-05
  0.272799999       7.32466651E-05
  0.273900002       1.05204053E-04
  0.275000006       1.38143616E-04
  0.276100010       1.71760548E-04
  0.277199984       2.05723161E-04
  0.278299987       2.39673594E-04
  0.279399991       2.73237703E-04
  0.280499995       3.06029397E-04
  0.281599998       3.37657606E-04
  0.282700002       3.67726025E-04
  0.283800006       3.95841518E-04
  0.284900010       4.21623001E-04
  0.286000013       4.44707373E-04
  0.287099987       4.64757846E-04
  0.288199991       4.81465133E-04
  0.289299995       4.94553067E-04
  0.290399998       5.03787480E-04
  0.291500002       5.08981990E-04
  0.292600006       5.10000275E-04
  0.293700010       5.06756594E-04
  0.294799984       4.99218702E-04
  0.295899987       4.87412530E-04
  0.296999991       4.71420557E-04
  0.298099995       4.51381464E-04
  0.299199998       4.27483727E-04
  0.300300002       3.99968179E-04
  0.301400006       3.69128713E-04
  0.302500010       3.35302233E-04
  0.303600013       2.98863219E-04
  0.304699987       2.60211295E-04
  0.305799991       2.19774374E-04
  0.306899995       1.78005386E-04
  0.307999998       1.35370807E-04
  0.309100002       9.23365515E-05
  0.310200006       4.93613043E-05
  0.311300009       6.89612489E-06
  0.312399983      -3.46187589E-05
  0.313499987      -7.47691374E-05
  0.314599991      -1.13167254E-04
  0.315699995      -1.49461674E-04
  0.316799998      -1.83332479E-04
  0.317900002      -2.14509651E-04
  0.319000006      -2.42766313E-04
  0.320100009      -2.67920230E-04
  0.321200013      -2.89830932E-04
  0.322299987      -3.08405637E-04
  0.323399991      -3.23601038E-04
  0.324499995      -3.35424411E-04
  0.325599998      -3.43925640E-04
  0.326700002      -3.49185342E-04
  0.327800006      -3.51321680E-04
  0.328900009      -3.50488088E-04
  0.329999983      -3.46872461E-04
  0.331099987      -3.40682775E-04
  0.332199991      -3.32143274E-04
  0.333299994      -3.21493862E-04
  0.334399998      -3.08987597E-04
  0.335500002      -2.94883706E-04
  0.336600006      -2.79441359E-04
  0.337700009      -2.62916641E-04
  0.338800013      -2.45563424E-04
  0.339899987      -2.27627708E-04
  0.340999991      -2.09340738E-04
  0.342099994      -1.90914987E-04
  0.343199998      -1.72548302E-04
  0.344300002      -1.54425506E-04
  0.345400006      -1.36713119E-04
  0.346500009      -1.19553835E-04
  0.347599983      -1.03066021E-04
  0.348699987      -8.73494137E-05
  0.349799991      -7.24910351E-05
  0.350899994      -5.85602284E-05
  0.351999998      -4.56045491E-05
  0.353100002      -3.36510311E-05
  0.354200006      -2.27118526E-05
  0.355300009      -1.27891599E-05
  0.356400013      -3.87265163E-06
  0.357499987       4.06003073E-06
  0.358599991       1.10428791E-05
  0.359699994       1.71164047E-05
  0.360799998       2.23270799E-05
  0.361900002       2.67269352E-05
  0.363000005       3.03734232E-05
  0.364100009       3.33236821E-05
  0.365199983       3.56330856E-05
  0.366299987       3.73584116E-05
  0.367399991       3.85601670E-05
  0.368499994       3.93001828E-05
  0.369599998       3.96343858E-05
  0.370700002       3.96118157E-05
  0.371800005       3.92794900E-05
  0.372900009       3.86852844E-05
  0.374000013       3.78757613E-05
  0.375099987       3.68909896E-05
  0.376199991       3.57643403E-05
  0.377299994       3.45263797E-05
  0.378399998       3.32067393E-05
  0.379500002       3.18327729E-05
  0.380600005       3.04267251E-05
  0.381700009       2.90060179E-05
  0.382799983       2.75866551E-05
  0.383899987       2.61836358E-05
  0.384999990       2.48089673E-05
  0.386099994       2.34710351E-05
  0.387199998       2.21761766E-05
  0.388300002       2.09304599E-05
  0.389400005       1.97385216E-05
  0.390500009       1.86015222E-05
  0.391600013       1.75194236E-05
  0.392699987       1.64932953E-05
  0.393799990       1.55260041E-05
  0.394899994       1.46178490E-05
  0.395999998       1.37647176E-05
  0.397100002       1.29610980E-05
  0.398200005       1.22054980E-05
  0.399300009       1.14999912E-05
  0.400399983       1.08453251E-05
  0.401499987       1.02374534E-05
  0.402599990       9.66941298E-06
  0.403699994       9.13626991E-06
  0.404799998       8.63680634E-06
  0.405900002       8.17132513E-06
  0.407000005       7.73889224E-06
  0.408100009       7.33701154E-06
  0.409200013       6.96249845E-06
  0.410299987       6.61208878E-06
  0.411399990       6.28351063E-06
  0.412499994       5.97588223E-06
  0.413599998       5.69001122E-06
  0.414700001       5.42583302E-06
  0.415800005       5.18034130E-06
  0.416900009       4.94849746E-06
  0.417999983       4.72716556E-06
  0.419099987       4.51723918E-06
  0.420199990       4.32148863E-06
  0.421299994       4.14044234E-06
  0.422399998       3.97112626E-06
  0.423500001       3.81008067E-06
  0.424600005       3.65640130E-06
  0.425700009       3.51141989E-06
  0.426800013       3.37578467E-06
  0.427899987       3.24813072E-06
  0.428999990       3.12630777E-06
  0.430099994       3.00929878E-06
  0.431199998       2.89757941E-06
  0.432300001       2.79201572E-06
  0.433400005       2.69256248E-06
  0.434500009       2.59802073E-06
  0.435599983       2.50687867E-06
  0.436699986       2.41841212E-06
  0.437799990       2.33327114E-06
  0.438899994       2.25283043E-06
  0.439999998       2.17770025E-06
  0.441100001       2.10667804E-06
  0.442200005       2.03759669E-06
  0.443300009       1.96947326E-06
  0.444400012       1.90353751E-06
  0.445499986       1.84176668E-06
  0.446599990       1.78466985E-06
  0.447699994       1.73042872E-06
  0.448799998       1.67655412E-06
  0.449900001       1.62231561E-06
  0.451000005       1.56966144E-06
  0.452100009       1.52153700E-06
  0.453199983       1.47909498E-06
  0.454299986       1.44037233E-06
  0.455399990       1.40185523E-06
  0.456499994       1.36154756E-06
  0.457599998       1.32059654E-06
  0.458700001       1.28180443E-06
  0.459800005       1.24651285E-06
  0.460900009       1.21346488E-06
  0.462000012       1.18050048E-06
  0.463099986       1.14708030E-06
  0.464199990       1.11466511E-06
  0.465299994       1.08474751E-06
  0.466399997       1.05737627E-06
  0.467500001       1.03144032E-06
  0.468600005       1.00590171E-06
  0.469700009       9.80161758E-07
  0.470799983       9.53683980E-07
  0.471899986       9.26399252E-07
  0.472999990       8.99235431E-07
  0.474099994       8.73796182E-07
  0.475199997       8.50881918E-07
  0.476300001       8.29788917E-07
  0.477400005       8.09317612E-07
  0.478500009       7.89014507E-07
  0.479600012       7.69176324E-07
  0.480699986       7.49848084E-07
  0.481799990       7.30862439E-07
  0.482899994       7.12667998E-07
  0.483999997       6.96152199E-07
  0.485100001       6.80993651E-07
  0.486200005       6.65241259E-07
  0.487300009       6.47641968E-07
  0.488399982       6.29998112E-07
  0.489499986       6.15811814E-07
  0.490599990       6.06024230E-07
  0.491699994       5.97203211E-07
  0.492799997       5.85054920E-07
  0.493900001       5.69254780E-07
  0.495000005       5.53656037E-07
  0.496100008       5.41792531E-07
  0.497200012       5.33151592E-07
  0.498299986       5.24432551E-07
  0.499399990       5.13252758E-07
  0.500500023       4.99957991E-07
  0.501600027       4.86399756E-07
  0.502699971       4.74288953E-07
  0.503799975       4.64587089E-07
  0.504899979       4.57011538E-07
  0.505999982       4.49487231E-07
  0.507099986       4.39276477E-07
  0.508199990       4.25920888E-07
  0.509299994       4.12558165E-07
  0.510399997       4.02935541E-07
  0.511500001       3.96996086E-07
  0.512600005       3.90775114E-07
  0.513700008       3.81143678E-07
  0.514800012       3.69628680E-07
  0.515900016       3.60333672E-07
  0.517000020       3.54760004E-07
  0.518100023       3.50383914E-07
  0.519199967       3.44424990E-07
  0.520299971       3.37233359E-07
  0.521399975       3.30915697E-07
  0.522499979       3.25855495E-07
  0.523599982       3.20406741E-07
  0.524699986       3.13795709E-07
  0.525799990       3.07481571E-07
  0.526899993       3.02935291E-07
  0.527999997       2.99334516E-07
  0.529100001       2.94702573E-07
  0.530200005       2.88688710E-07
  0.531300008       2.82792683E-07
  0.532400012       2.78015278E-07
  0.533500016       2.73695036E-07
  0.534600019       2.69059768E-07
  0.535700023       2.64497373E-07
  0.536800027       2.60233890E-07
  0.537899971       2.54837886E-07
  0.538999975       2.46826801E-07
  0.540099978       2.37701329E-07
  0.541199982       2.31367125E-07
  0.542299986       2.29512096E-07
  0.543399990       2.28881618E-07
  0.544499993       2.24798242E-07
  0.545599997       2.16855156E-07
  0.546700001       2.09425991E-07
  0.547800004       2.06185049E-07
  0.548900008       2.05787018E-07
