   0.00000000       0.00000000    
   1.09999999E-03   0.00000000    
   2.19999999E-03   0.00000000    
   3.29999998E-03   0.00000000    
   4.39999998E-03   0.00000000    
   5.49999997E-03   0.00000000    
   6.59999996E-03   0.00000000    
   7.69999996E-03   0.00000000    
   8.79999995E-03   0.00000000    
   9.89999995E-03   0.00000000    
   1.09999999E-02   0.00000000    
   1.20999999E-02   0.00000000    
   1.31999999E-02   6.85731793E-34
   1.42999999E-02  -1.19873677E-34
   1.53999999E-02  -1.20686550E-32
   1.64999999E-02  -2.84159229E-33
   1.75999999E-02   1.11376997E-31
   1.86999999E-02   7.28767941E-32
   1.97999999E-02  -7.07227007E-31
   2.08999999E-02  -8.09138371E-31
   2.19999999E-02   3.40079167E-30
   2.30999999E-02   6.43089374E-30
   2.41999999E-02  -1.15875983E-29
   2.52999999E-02  -4.14682298E-29
   2.63999999E-02   5.14359916E-30
   2.74999999E-02   1.95406634E-28
   2.85999998E-02   3.01541263E-28
   2.96999998E-02  -3.43595821E-28
   3.07999998E-02  -2.21977678E-27
   3.18999998E-02  -3.15980219E-27
   3.29999998E-02   4.59056226E-27
   3.40999998E-02   2.64323932E-26
   3.51999998E-02   3.35546916E-26
   3.62999998E-02  -5.51469671E-26
   3.73999998E-02  -2.61308203E-25
   3.84999998E-02  -2.90326254E-25
   3.95999998E-02   4.61080916E-25
   4.06999998E-02   1.99527437E-24
   4.17999998E-02   2.27652300E-24
   4.28999998E-02  -2.31302695E-24
   4.39999998E-02  -1.20461237E-23
   4.50999998E-02  -1.67682451E-23
   4.61999997E-02   3.26193057E-24
   4.72999997E-02   5.72091395E-23
   4.83999997E-02   1.07982726E-22
   4.94999997E-02   5.65334643E-23
   5.05999997E-02  -1.92964995E-22
   5.16999997E-02  -5.60019299E-22
   5.27999997E-02  -6.22244748E-22
   5.38999997E-02   2.42396787E-22
   5.49999997E-02   2.14994864E-21
   5.60999997E-02   3.74669479E-21
   5.71999997E-02   2.14729928E-21
   5.82999997E-02  -4.92714009E-21
   5.93999997E-02  -1.51327232E-20
   6.04999997E-02  -1.88534689E-20
   6.15999997E-02  -2.84264071E-21
   6.27000034E-02   3.75210257E-20
   6.37999997E-02   8.26169061E-20
   6.48999959E-02   8.39539079E-20
   6.59999996E-02  -1.22255614E-20
   6.71000034E-02  -2.08849741E-19
   6.81999996E-02  -3.97798705E-19
   6.92999959E-02  -3.60219553E-19
   7.03999996E-02   1.08918258E-19
   7.15000033E-02   9.65425447E-19
   7.25999996E-02   1.71831304E-18
   7.36999959E-02   1.50919609E-18
   7.47999996E-02  -3.76238578E-19
   7.59000033E-02  -3.70360069E-18
   7.69999996E-02  -6.69893129E-18
   7.80999959E-02  -6.35899563E-18
   7.91999996E-02  -8.76905864E-20
   8.03000033E-02   1.17190987E-17
   8.13999996E-02   2.36225693E-17
   8.24999958E-02   2.57973612E-17
   8.35999995E-02   8.85498252E-18
   8.47000033E-02  -2.82650461E-17
   8.57999995E-02  -7.17512742E-17
   8.68999958E-02  -9.36715538E-17
   8.79999995E-02  -6.35151891E-17
   8.91000032E-02   3.20810751E-17
   9.01999995E-02   1.70590093E-16
   9.12999958E-02   2.88062697E-16
   9.23999995E-02   2.96255544E-16
   9.35000032E-02   1.23118634E-16
   9.45999995E-02  -2.35492418E-16
   9.56999958E-02  -6.77204324E-16
   9.67999995E-02  -9.95628043E-16
   9.79000032E-02  -9.40540938E-16
   9.89999995E-02  -3.27643144E-16
  0.100099996       8.36145874E-16
  0.101199999       2.26069684E-15
  0.102300003       3.36433482E-15
  0.103399999       3.39180685E-15
  0.104499996       1.67915663E-15
  0.105599999      -1.96635861E-15
  0.106700003      -6.88825785E-15
  0.107799999      -1.14015497E-14
  0.108899996      -1.30202474E-14
  0.109999999      -9.20212698E-15
  0.111100003       1.46964843E-15
  0.112199999       1.79791247E-14
  0.113299996       3.59667774E-14
  0.114399999       4.78500940E-14
  0.115500003       4.45023657E-14
  0.116599999       1.85737012E-14
  0.117699996      -3.12068012E-14
  0.118799999      -9.61960953E-14
  0.119900003      -1.56364518E-13
  0.120999999      -1.82898577E-13
  0.122099996      -1.45709589E-13
  0.123199999      -2.51825521E-14
  0.124300003       1.74405751E-13
  0.125400007       4.14263160E-13
  0.126499996       6.18820587E-13
  0.127599999       6.86797028E-13
  0.128700003       5.17684691E-13
  0.129799992       5.08294782E-14
  0.130899996      -6.91617065E-13
  0.131999999      -1.57187295E-12
  0.133100003      -2.33047739E-12
  0.134200007      -2.62162037E-12
  0.135299996      -2.09624917E-12
  0.136399999      -5.25192357E-13
  0.137500003       2.06280761E-12
  0.138599992       5.26894067E-12
  0.139699996       8.28714614E-12
  0.140799999       9.98662177E-12
  0.141900003       9.13829429E-12
  0.143000007       4.77334968E-12
  0.144099995      -3.38493773E-12
  0.145199999      -1.45213780E-11
  0.146300003      -2.64982498E-11
  0.147399992      -3.59335582E-11
  0.148499995      -3.86898534E-11
  0.149599999      -3.07929203E-11
  0.150700003      -9.68056017E-12
  0.151800007       2.44523915E-11
  0.152899995       6.75609499E-11
  0.153999999       1.11310933E-10
  0.155100003       1.43656198E-10
  0.156199992       1.50642748E-10
  0.157299995       1.19397145E-10
  0.158399999       4.19324193E-11
  0.159500003      -8.09205619E-11
  0.160600007      -2.36402398E-10
  0.161699995      -3.98564820E-10
  0.162799999      -5.29750521E-10
  0.163900003      -5.85304916E-10
  0.164999992      -5.21402921E-10
  0.166099995      -3.05147713E-10
  0.167199999       7.46107273E-11
  0.168300003       5.97794148E-10
  0.169400007       1.20716104E-09
  0.170499995       1.80780146E-09
  0.171599999       2.27314323E-09
  0.172700003       2.45734366E-09
  0.173799992       2.21254570E-09
  0.174899995       1.40816370E-09
  0.175999999      -5.15541325E-11
  0.177100003      -2.21579177E-09
  0.178200006      -5.08476727E-09
  0.179299995      -8.61886740E-09
  0.180399999      -1.27595898E-08
  0.181500003      -1.74602341E-08
  0.182599992      -2.27223378E-08
  0.183699995      -2.86322575E-08
  0.184799999      -3.53920413E-08
  0.185900003      -4.33395790E-08
  0.187000006      -5.29550128E-08
  0.188099995      -6.48539284E-08
  0.189199999      -7.97700608E-08
  0.190300003      -9.85337252E-08
  0.191399992      -1.22054360E-07
  0.192499995      -1.51314310E-07
  0.193599999      -1.87381588E-07
  0.194700003      -2.31443209E-07
  0.195800006      -2.84860022E-07
  0.196899995      -3.49237609E-07
  0.197999999      -4.26504442E-07
  0.199100003      -5.18991101E-07
  0.200199991      -6.29498345E-07
  0.201299995      -7.61348076E-07
  0.202399999      -9.18417300E-07
  0.203500003      -1.10515862E-06
  0.204600006      -1.32660796E-06
  0.205699995      -1.58840464E-06
  0.206799999      -1.89681111E-06
  0.207900003      -2.25875920E-06
  0.208999991      -2.68190820E-06
  0.210099995      -3.17474041E-06
  0.211199999      -3.74665410E-06
  0.212300003      -4.40805206E-06
  0.213400006      -5.17042372E-06
  0.214499995      -6.04636762E-06
  0.215599999      -7.04961940E-06
  0.216700003      -8.19498291E-06
  0.217799991      -9.49824334E-06
  0.218899995      -1.09760440E-05
  0.219999999      -1.26456980E-05
  0.221100003      -1.45250133E-05
  0.222200006      -1.66320970E-05
  0.223299995      -1.89851526E-05
  0.224399999      -2.16022418E-05
  0.225500003      -2.45010997E-05
  0.226599991      -2.76987612E-05
  0.227699995      -3.12111442E-05
  0.228799999      -3.50527698E-05
  0.229900002      -3.92362417E-05
  0.231000006      -4.37713934E-05
  0.232099995      -4.86647514E-05
  0.233199999      -5.39188732E-05
  0.234300002      -5.95314850E-05
  0.235399991      -6.54948453E-05
  0.236499995      -7.17947914E-05
  0.237599999      -7.84098229E-05
  0.238700002      -8.53111269E-05
  0.239800006      -9.24618871E-05
  0.240899995      -9.98166288E-05
  0.241999999      -1.07320484E-04
  0.243100002      -1.14908617E-04
  0.244199991      -1.22507379E-04
  0.245299995      -1.30033470E-04
  0.246399999      -1.37393232E-04
  0.247500002      -1.44482969E-04
  0.248600006      -1.51188797E-04
  0.249699995      -1.57389790E-04
  0.250800014      -1.62957906E-04
  0.251899987      -1.67756676E-04
  0.252999991      -1.71644671E-04
  0.254099995      -1.74478482E-04
  0.255199999      -1.76114088E-04
  0.256300002      -1.76407018E-04
  0.257400006      -1.75217079E-04
  0.258500010      -1.72410655E-04
  0.259599984      -1.67864622E-04
  0.260699987      -1.61467076E-04
  0.261799991      -1.53116431E-04
  0.262899995      -1.42732577E-04
  0.263999999      -1.30256143E-04
  0.265100002      -1.15652496E-04
  0.266200006      -9.89076289E-05
  0.267300010      -8.00360431E-05
  0.268400013      -5.90832860E-05
  0.269499987      -3.61272942E-05
  0.270599991      -1.12811358E-05
  0.271699995       1.53121346E-05
  0.272799999       4.34799585E-05
  0.273900002       7.30145039E-05
  0.275000006       1.03674531E-04
  0.276100010       1.35191018E-04
  0.277199984       1.67270511E-04
  0.278299987       1.99597125E-04
  0.279399991       2.31832819E-04
  0.280499995       2.63625436E-04
  0.281599998       2.94613128E-04
  0.282700002       3.24430584E-04
  0.283800006       3.52711446E-04
  0.284900010       3.79091769E-04
  0.286000013       4.03221347E-04
  0.287099987       4.24770464E-04
  0.288199991       4.43434546E-04
  0.289299995       4.58936032E-04
  0.290399998       4.71029052E-04
  0.291500002       4.79507144E-04
  0.292600006       4.84209508E-04
  0.293700010       4.85021854E-04
  0.294799984       4.81876545E-04
  0.295899987       4.74755245E-04
  0.296999991       4.63693403E-04
  0.298099995       4.48776933E-04
  0.299199998       4.30142973E-04
  0.300300002       4.07973654E-04
  0.301400006       3.82497703E-04
  0.302500010       3.53990268E-04
  0.303600013       3.22766165E-04
  0.304699987       2.89170799E-04
  0.305799991       2.53573002E-04
  0.306899995       2.16363653E-04
  0.307999998       1.77952898E-04
  0.309100002       1.38763426E-04
  0.310200006       9.92183632E-05
  0.311300009       5.97324979E-05
  0.312399983       2.07127814E-05
  0.313499987      -1.74534016E-05
  0.314599991      -5.43939532E-05
  0.315699995      -8.97608406E-05
  0.316799998      -1.23240636E-04
  0.317900002      -1.54554175E-04
  0.319000006      -1.83462340E-04
  0.320100009      -2.09761769E-04
  0.321200013      -2.33287719E-04
  0.322299987      -2.53923354E-04
  0.323399991      -2.71592202E-04
  0.324499995      -2.86256516E-04
  0.325599998      -2.97916646E-04
  0.326700002      -3.06611066E-04
  0.327800006      -3.12418502E-04
  0.328900009      -3.15446698E-04
  0.329999983      -3.15828511E-04
  0.331099987      -3.13718250E-04
  0.332199991      -3.09295370E-04
  0.333299994      -3.02760367E-04
  0.334399998      -2.94325815E-04
  0.335500002      -2.84207665E-04
  0.336600006      -2.72625970E-04
  0.337700009      -2.59807770E-04
  0.338800013      -2.45980627E-04
  0.339899987      -2.31362385E-04
  0.340999991      -2.16159824E-04
  0.342099994      -2.00570619E-04
  0.343199998      -1.84785502E-04
  0.344300002      -1.68981380E-04
  0.345400006      -1.53315355E-04
  0.346500009      -1.37925847E-04
  0.347599983      -1.22937112E-04
  0.348699987      -1.08460627E-04
  0.349799991      -9.45914144E-05
  0.350899994      -8.14044834E-05
  0.351999998      -6.89571461E-05
  0.353100002      -5.72936224E-05
  0.354200006      -4.64458171E-05
  0.355300009      -3.64315747E-05
  0.356400013      -2.72544003E-05
  0.357499987      -1.89078655E-05
  0.358599991      -1.13785873E-05
  0.359699994      -4.64581035E-06
  0.360799998       1.32107698E-06
  0.361900002       6.56008979E-06
  0.363000005       1.11113541E-05
  0.364100009       1.50147553E-05
  0.365199983       1.83121720E-05
  0.366299987       2.10504477E-05
  0.367399991       2.32795301E-05
  0.368499994       2.50474423E-05
  0.369599998       2.63986149E-05
  0.370700002       2.73758815E-05
  0.371800005       2.80222703E-05
  0.372900009       2.83797435E-05
  0.374000013       2.84870184E-05
  0.375099987       2.83787504E-05
  0.376199991       2.80868098E-05
  0.377299994       2.76414448E-05
  0.378399998       2.70697456E-05
  0.379500002       2.63953589E-05
  0.380600005       2.56397070E-05
  0.381700009       2.48239721E-05
  0.382799983       2.39667443E-05
  0.383899987       2.30829992E-05
  0.384999990       2.21834889E-05
  0.386099994       2.12776486E-05
  0.387199998       2.03751661E-05
  0.388300002       1.94849126E-05
  0.389400005       1.86130565E-05
  0.390500009       1.77633065E-05
  0.391600013       1.69379618E-05
  0.392699987       1.61397184E-05
  0.393799990       1.53715755E-05
  0.394899994       1.46357979E-05
  0.395999998       1.39330905E-05
  0.397100002       1.32629175E-05
  0.398200005       1.26246132E-05
  0.399300009       1.20174100E-05
  0.400399983       1.14410432E-05
  0.401499987       1.08949780E-05
  0.402599990       1.03782995E-05
  0.403699994       9.88971897E-06
  0.404799998       9.42732095E-06
  0.405900002       8.98940652E-06
  0.407000005       8.57450505E-06
  0.408100009       8.18153512E-06
  0.409200013       7.80985010E-06
  0.410299987       7.45873331E-06
  0.411399990       7.12734891E-06
  0.412499994       6.81412303E-06
  0.413599998       6.51760638E-06
  0.414700001       6.23689630E-06
  0.415800005       5.97124244E-06
  0.416900009       5.71963437E-06
  0.417999983       5.48091384E-06
  0.419099987       5.25405267E-06
  0.420199990       5.03867614E-06
  0.421299994       4.83477743E-06
  0.422399998       4.64167670E-06
  0.423500001       4.45801106E-06
  0.424600005       4.28268459E-06
  0.425700009       4.11575820E-06
  0.426800013       3.95772713E-06
  0.427899987       3.80796928E-06
  0.428999990       3.66466111E-06
  0.430099994       3.52643019E-06
  0.431199998       3.39350004E-06
  0.432300001       3.26699706E-06
  0.433400005       3.14731187E-06
  0.434500009       3.03362708E-06
  0.435599983       2.92478467E-06
  0.436699986       2.82029941E-06
  0.437799990       2.71992894E-06
  0.438899994       2.62338813E-06
  0.439999998       2.53056805E-06
  0.441100001       2.44197031E-06
  0.442200005       2.35800417E-06
  0.443300009       2.27796659E-06
  0.444400012       2.20032325E-06
  0.445499986       2.12442069E-06
  0.446599990       2.05144534E-06
  0.447699994       1.98297948E-06
  0.448799998       1.91900335E-06
  0.449900001       1.85790418E-06
  0.451000005       1.79840458E-06
  0.452100009       1.74090746E-06
  0.453199983       1.68638462E-06
  0.454299986       1.63479672E-06
  0.455399990       1.58514979E-06
  0.456499994       1.53685698E-06
  0.457599998       1.49029563E-06
  0.458700001       1.44575074E-06
  0.459800005       1.40276063E-06
  0.460900009       1.36080496E-06
  0.462000012       1.32032812E-06
  0.463099986       1.28224781E-06
  0.464199990       1.24662756E-06
  0.465299994       1.21240112E-06
  0.466399997       1.17858622E-06
  0.467500001       1.14521367E-06
  0.468600005       1.11277143E-06
  0.469700009       1.08120025E-06
  0.470799983       1.05011918E-06
  0.471899986       1.01973410E-06
  0.472999990       9.90973831E-07
  0.474099994       9.64134529E-07
  0.475199997       9.38309483E-07
  0.476300001       9.12420148E-07
  0.477400005       8.86683949E-07
  0.478500009       8.62354511E-07
  0.479600012       8.40101450E-07
  0.480699986       8.19120032E-07
  0.481799990       7.98179315E-07
  0.482899994       7.77046807E-07
  0.483999997       7.56507575E-07
  0.485100001       7.37243340E-07
  0.486200005       7.19237050E-07
  0.487300009       7.02208240E-07
  0.488399982       6.86103363E-07
  0.489499986       6.70760926E-07
  0.490599990       6.55639383E-07
  0.491699994       6.40291375E-07
  0.492799997       6.25062114E-07
  0.493900001       6.10792767E-07
  0.495000005       5.97793758E-07
  0.496100008       5.85349653E-07
  0.497200012       5.72471720E-07
  0.498299986       5.58958618E-07
  0.499399990       5.45430680E-07
  0.500500023       5.32575200E-07
  0.501600027       5.20615970E-07
  0.502699971       5.09434813E-07
  0.503799975       4.98786449E-07
  0.504899979       4.88269791E-07
  0.505999982       4.77341644E-07
  0.507099986       4.65736150E-07
  0.508199990       4.53877220E-07
  0.509299994       4.42596047E-07
  0.510399997       4.32339391E-07
  0.511500001       4.22783103E-07
  0.512600005       4.13289911E-07
  0.513700008       4.03666149E-07
  0.514800012       3.94418464E-07
  0.515900016       3.86250520E-07
  0.517000020       3.79385369E-07
  0.518100023       3.73314350E-07
  0.519199967       3.67110715E-07
  0.520299971       3.60086943E-07
  0.521399975       3.52261111E-07
  0.522499979       3.44284757E-07
  0.523599982       3.36958493E-07
  0.524699986       3.30675391E-07
  0.525799990       3.25278648E-07
  0.526899993       3.20371583E-07
  0.527999997       3.15648805E-07
  0.529100001       3.10889391E-07
  0.530200005       3.05885237E-07
  0.531300008       3.00560657E-07
  0.532400012       2.95078308E-07
  0.533500016       2.89677246E-07
  0.534600019       2.84296874E-07
  0.535700023       2.78550061E-07
  0.536800027       2.72211906E-07
  0.537899971       2.65626852E-07
  0.538999975       2.59494271E-07
  0.540099978       2.54312340E-07
  0.541199982       2.50051755E-07
  0.542299986       2.46263738E-07
  0.543399990       2.42258949E-07
  0.544499993       2.37363537E-07
  0.545599997       2.31372496E-07
  0.546700001       2.25055786E-07
  0.547800004       2.19828038E-07
  0.548900008       2.16499942E-07
