   0.00000000       0.00000000    
   1.09999999E-03   0.00000000    
   2.19999999E-03   0.00000000    
   3.29999998E-03   0.00000000    
   4.39999998E-03   0.00000000    
   5.49999997E-03   0.00000000    
   6.59999996E-03   0.00000000    
   7.69999996E-03   0.00000000    
   8.79999995E-03   0.00000000    
   9.89999995E-03   0.00000000    
   1.09999999E-02   0.00000000    
   1.20999999E-02   0.00000000    
   1.31999999E-02   0.00000000    
   1.42999999E-02   0.00000000    
   1.53999999E-02   0.00000000    
   1.64999999E-02   0.00000000    
   1.75999999E-02   0.00000000    
   1.86999999E-02   0.00000000    
   1.97999999E-02   0.00000000    
   2.08999999E-02   0.00000000    
   2.19999999E-02   0.00000000    
   2.30999999E-02   0.00000000    
   2.41999999E-02   0.00000000    
   2.52999999E-02   0.00000000    
   2.63999999E-02   0.00000000    
   2.74999999E-02   0.00000000    
   2.85999998E-02   0.00000000    
   2.96999998E-02   0.00000000    
   3.07999998E-02   0.00000000    
   3.18999998E-02   0.00000000    
   3.29999998E-02   0.00000000    
   3.40999998E-02   0.00000000    
   3.51999998E-02   0.00000000    
   3.62999998E-02   0.00000000    
   3.73999998E-02   0.00000000    
   3.84999998E-02   0.00000000    
   3.95999998E-02   0.00000000    
   4.06999998E-02  -0.00000000    
   4.17999998E-02  -0.00000000    
   4.28999998E-02   0.00000000    
   4.39999998E-02  -0.00000000    
   4.50999998E-02  -0.00000000    
   4.61999997E-02  -0.00000000    
   4.72999997E-02  -0.00000000    
   4.83999997E-02   0.00000000    
   4.94999997E-02   0.00000000    
   5.05999997E-02   1.40129846E-45
   5.16999997E-02   1.40129846E-45
   5.27999997E-02  -2.80259693E-45
   5.38999997E-02  -1.26116862E-44
   5.49999997E-02  -1.26116862E-44
   5.60999997E-02   3.50324616E-44
   5.71999997E-02   1.34524653E-43
   5.82999997E-02   1.20511668E-43
   5.93999997E-02  -3.64337601E-43
   6.04999997E-02  -1.33964133E-42
   6.15999997E-02  -1.25836602E-42
   6.27000034E-02   3.16273063E-42
   6.37999997E-02   1.20918044E-41
   6.48999959E-02   1.25149966E-41
   6.59999996E-02  -2.23016651E-41
   6.71000034E-02  -9.60996474E-41
   6.81999996E-02  -1.17248044E-40
   6.92999959E-02   1.12025404E-40
   7.03999996E-02   6.67773369E-40
   7.15000033E-02   1.01660280E-39
   7.25999996E-02  -2.02078449E-40
   7.36999959E-02  -3.99729776E-39
   7.47999996E-02  -7.88200398E-39
   7.59000033E-02  -3.26696062E-39
   7.69999996E-02   1.95994207E-38
   7.80999959E-02   5.29428721E-38
   7.91999996E-02   4.89649837E-38
   8.03000033E-02  -6.69000010E-38
   8.13999996E-02  -2.99021263E-37
   8.24999958E-02  -4.25981370E-37
   8.35999995E-02   2.22653168E-38
   8.47000033E-02   1.35108543E-36
   8.57999995E-02   2.80011845E-36
   8.68999958E-02   1.90714667E-36
   8.79999995E-02  -4.21935963E-36
   8.91000032E-02  -1.45126931E-35
   9.01999995E-02  -1.85584299E-35
   9.12999958E-02   2.20617650E-36
   9.23999995E-02   5.71617820E-35
   9.35000032E-02   1.14470317E-34
   9.45999995E-02   8.29115368E-35
   9.56999958E-02  -1.39123855E-34
   9.67999995E-02  -5.16653920E-34
   9.79000032E-02  -7.10063102E-34
   9.89999995E-02  -1.16452368E-34
  0.100099996       1.61912463E-33
  0.101199999       3.68222063E-33
  0.102300003       3.51575042E-33
  0.103399999      -2.05259515E-33
  0.104499996      -1.31416771E-32
  0.105599999      -2.21923033E-32
  0.106700003      -1.35354677E-32
  0.107799999       2.64070398E-32
  0.108899996       8.76626852E-32
  0.109999999       1.17765514E-31
  0.111100003       3.39150251E-32
  0.112199999      -2.09058050E-31
  0.113299996      -5.11070478E-31
  0.114399999      -5.66485539E-31
  0.115500003       1.42157675E-32
  0.116599999       1.32801145E-30
  0.117699996       2.69920944E-30
  0.118799999       2.55008566E-30
  0.119900003      -8.09853542E-31
  0.120999999      -7.33310766E-30
  0.122099996      -1.32505319E-29
  0.123199999      -1.10819882E-29
  0.124300003       6.13553170E-30
  0.125400007       3.64821296E-29
  0.126499996       6.14093596E-29
  0.127599999       4.77517087E-29
  0.128700003      -3.23511001E-29
  0.129799992      -1.66174026E-28
  0.130899996      -2.71117131E-28
  0.131999999      -2.07962541E-28
  0.133100003       1.34308889E-28
  0.134200007       6.97555889E-28
  0.135299996       1.14420384E-27
  0.136399999       9.16749394E-28
  0.137500003      -4.30227857E-28
  0.138599992      -2.69280848E-27
  0.139699996      -4.60115796E-27
  0.140799999      -4.02745347E-27
  0.141900003       8.18419885E-28
  0.143000007       9.44039783E-27
  0.144099995       1.74780777E-26
  0.145199999       1.72332612E-26
  0.146300003       1.60007752E-27
  0.147399992      -2.92317986E-26
  0.148499995      -6.18420542E-26
  0.149599999      -7.00945377E-26
  0.150700003      -2.67508711E-26
  0.151800007       7.48680213E-26
  0.152899995       1.99270591E-25
  0.153999999       2.64729616E-25
  0.155100003       1.72911753E-25
  0.156199992      -1.26665534E-25
  0.157299995      -5.62369325E-25
  0.158399999      -9.06006947E-25
  0.159500003      -8.31388397E-25
  0.160600007      -8.56523909E-26
  0.161699995       1.27590609E-24
  0.162799999       2.71766822E-24
  0.163900003       3.27569146E-24
  0.164999992       1.94042309E-24
  0.166099995      -1.68303198E-24
  0.167199999      -6.70727644E-24
  0.168300003      -1.07222353E-23
  0.169400007      -1.03952611E-23
  0.170499995      -3.03208786E-24
  0.171599999       1.13090886E-23
  0.172700003       2.81285332E-23
  0.173799992       3.84971127E-23
  0.174899995       3.17582368E-23
  0.175999999       8.91306820E-25
  0.177100003      -5.10463751E-23
  0.178200006      -1.06497585E-22
  0.179299995      -1.34721337E-22
  0.180399999      -1.01474977E-22
  0.181500003       1.34539502E-23
  0.182599992       1.96024299E-22
  0.183699995       3.84677254E-22
  0.184799999       4.75534441E-22
  0.185900003       3.54264180E-22
  0.187000006      -4.68398879E-23
  0.188099995      -6.82559715E-22
  0.189199999      -1.34968239E-21
  0.190300003      -1.70024026E-21
  0.191399992      -1.34088815E-21
  0.192499995      -1.68738389E-23
  0.193599999       2.16658555E-21
  0.194700003       4.57998313E-21
  0.195800006       6.08210637E-21
  0.196899995       5.30732733E-21
  0.197999999       1.24055887E-21
  0.199100003      -6.04656224E-21
  0.200199991      -1.47789048E-20
  0.201299995      -2.13610944E-20
  0.202399999      -2.11082566E-20
  0.203500003      -9.94921289E-21
  0.204600006       1.31801085E-20
  0.205699995       4.40304686E-20
  0.206799999       7.19922494E-20
  0.207900003       8.15312316E-20
  0.208999991       5.68296927E-20
  0.210099995      -1.07624203E-20
  0.211199999      -1.14405360E-19
  0.212300003      -2.26002597E-19
  0.213400006      -2.97125654E-19
  0.214499995      -2.69960965E-19
  0.215599999      -9.88419117E-20
  0.216700003       2.21605667E-19
  0.217799991       6.30859531E-19
  0.218899995       9.92462673E-19
  0.219999999       1.11270030E-18
  0.221100003       7.95487084E-19
  0.222200006      -7.10197305E-20
  0.223299995      -1.41696484E-18
  0.224399999      -2.91937598E-18
  0.225500003      -4.00213141E-18
  0.226599991      -3.94612591E-18
  0.227699995      -2.12181195E-18
  0.228799999       1.68935800E-18
  0.229900002       6.97349570E-18
  0.231000006       1.22986777E-17
  0.232099995       1.54156258E-17
  0.233199999       1.37551525E-17
  0.234300002       5.32663700E-18
  0.235399991      -1.01403881E-17
  0.236499995      -3.01506969E-17
  0.237599999      -4.89693272E-17
  0.238700002      -5.82095931E-17
  0.239800006      -4.88007015E-17
  0.240899995      -1.42669101E-17
  0.241999999       4.53024653E-17
  0.243100002       1.19798781E-16
  0.244199991       1.87771455E-16
  0.245299995       2.18841484E-16
  0.246399999       1.80824077E-16
  0.247500002       5.12190765E-17
  0.248600006      -1.69098269E-16
  0.249699995      -4.44059696E-16
  0.250800014      -6.97842811E-16
  0.251899987      -8.22896108E-16
  0.252999991      -7.03838586E-16
  0.254099995      -2.56294197E-16
  0.255199999       5.26179143E-16
  0.256300002       1.53015782E-15
  0.257400006       2.50300438E-15
  0.258500010       3.07405600E-15
  0.259599984       2.82847552E-15
  0.260699987       1.43307514E-15
  0.261799991      -1.20511210E-15
  0.262899995      -4.78716976E-15
  0.263999999      -8.53343004E-15
  0.265100002      -1.12177528E-14
  0.266200006      -1.13714249E-14
  0.267300010      -7.66716097E-15
  0.268400013       5.61904928E-16
  0.269499987       1.27790971E-14
  0.270599991       2.68461570E-14
  0.271699995       3.89683199E-14
  0.272799999       4.41578469E-14
  0.273900002       3.73017182E-14
  0.275000006       1.47631913E-14
  0.276100010      -2.37544732E-14
  0.277199984      -7.35567071E-14
  0.278299987      -1.24133857E-13
  0.279399991      -1.59789770E-13
  0.280499995      -1.62168293E-13
  0.281599998      -1.14731372E-13
  0.282700002      -8.67149302E-15
  0.283800006       1.50912784E-13
  0.284900010       3.40320112E-13
  0.286000013       5.16062724E-13
  0.287099987       6.19037265E-13
  0.288199991       5.85088239E-13
  0.289299995       3.61571016E-13
  0.290399998      -7.23599715E-14
  0.291500002      -6.85997862E-13
  0.292600006      -1.38367627E-12
  0.293700010      -2.00406228E-12
  0.294799984      -2.33747180E-12
  0.295899987      -2.16366812E-12
  0.296999991      -1.30796513E-12
  0.298099995       2.92316654E-13
  0.299199998       2.52479591E-12
  0.300300002       5.06042734E-12
  0.301400006       7.35251617E-12
  0.302500010       8.69206963E-12
  0.303600013       8.32648620E-12
  0.304699987       5.63494910E-12
  0.305799991       3.37374768E-13
  0.306899995      -7.30300629E-12
  0.307999998      -1.63355440E-11
  0.309100002      -2.50925860E-11
  0.310200006      -3.13219867E-11
  0.311300009      -3.25065946E-11
  0.312399983      -2.63599715E-11
  0.313499987      -1.14430548E-11
  0.314599991       1.21992711E-11
  0.315699995       4.25189987E-11
  0.316799998       7.52173671E-11
  0.317900002       1.03909950E-10
  0.319000006       1.20798205E-10
  0.320100009       1.17859930E-10
  0.321200013       8.84649992E-11
  0.322299987       2.92071922E-11
  0.323399991      -5.83584986E-11
  0.324499995      -1.66446829E-10
  0.325599998      -2.80619444E-10
  0.326700002      -3.80515314E-10
  0.327800006      -4.41892523E-10
  0.328900009      -4.39929621E-10
  0.329999983      -3.53488461E-10
  0.331099987      -1.69804448E-10
  0.332199991       1.11111897E-10
  0.333299994       4.73153960E-10
  0.334399998       8.82612650E-10
  0.335500002       1.28900524E-09
  0.336600006       1.62842717E-09
  0.337700009       1.82916848E-09
  0.338800013       1.81889681E-09
  0.339899987       1.53230206E-09
  0.340999991       9.17850074E-10
  0.342099994      -5.77264590E-11
  0.343199998      -1.40840695E-09
  0.344300002      -3.13205417E-09
  0.345400006      -5.21793675E-09
  0.346500009      -7.65808927E-09
  0.347599983      -1.04612976E-08
  0.348699987      -1.36680818E-08
  0.349799991      -1.73649433E-08
  0.350899994      -2.16961489E-08
  0.351999998      -2.68720335E-08
  0.353100002      -3.31732508E-08
  0.354200006      -4.09517718E-08
  0.355300009      -5.06298434E-08
  0.356400013      -6.26991579E-08
  0.357499987      -7.77220848E-08
  0.358599991      -9.63379776E-08
  0.359699994      -1.19275910E-07
  0.360799998      -1.47374735E-07
  0.361900002      -1.81609607E-07
  0.363000005      -2.23125014E-07
  0.364100009      -2.73271269E-07
  0.365199983      -3.33642959E-07
  0.366299987      -4.06116499E-07
  0.367399991      -4.92884340E-07
  0.368499994      -5.96488803E-07
  0.369599998      -7.19852153E-07
  0.370700002      -8.66305072E-07
  0.371800005      -1.03961861E-06
  0.372900009      -1.24404062E-06
  0.374000013      -1.48432878E-06
  0.375099987      -1.76579590E-06
  0.376199991      -2.09435916E-06
  0.377299994      -2.47659023E-06
  0.378399998      -2.91975493E-06
  0.379500002      -3.43184183E-06
  0.380600005      -4.02159594E-06
  0.381700009      -4.69850511E-06
  0.382799983      -5.47279433E-06
  0.383899987      -6.35538527E-06
  0.384999990      -7.35783397E-06
  0.386099994      -8.49222306E-06
  0.387199998      -9.77107720E-06
  0.388300002      -1.12072239E-05
  0.389400005      -1.28136771E-05
  0.390500009      -1.46034317E-05
  0.391600013      -1.65892689E-05
  0.392699987      -1.87835740E-05
  0.393799990      -2.11979568E-05
  0.394899994      -2.38430639E-05
  0.395999998      -2.67281575E-05
  0.397100002      -2.98606574E-05
  0.398200005      -3.32457494E-05
  0.399300009      -3.68857836E-05
  0.400399983      -4.07799344E-05
  0.401499987      -4.49235886E-05
  0.402599990      -4.93076877E-05
  0.403699994      -5.39183347E-05
  0.404799998      -5.87364812E-05
  0.405900002      -6.37374178E-05
  0.407000005      -6.88900400E-05
  0.408100009      -7.41566546E-05
  0.409200013      -7.94931475E-05
  0.410299987      -8.48483687E-05
  0.411399990      -9.01641688E-05
  0.412499994      -9.53755662E-05
  0.413599998      -1.00410260E-04
  0.414700001      -1.05189472E-04
  0.415800005      -1.09628381E-04
  0.416900009      -1.13636241E-04
  0.417999983      -1.17117997E-04
  0.419099987      -1.19974859E-04
  0.420199990      -1.22106125E-04
  0.421299994      -1.23408943E-04
  0.422399998      -1.23780774E-04
  0.423500001      -1.23122009E-04
  0.424600005      -1.21338730E-04
  0.425700009      -1.18342097E-04
  0.426800013      -1.14050628E-04
  0.427899987      -1.08392931E-04
  0.428999990      -1.01309277E-04
  0.430099994      -9.27567016E-05
  0.431199998      -8.27075492E-05
  0.432300001      -7.11505709E-05
  0.433400005      -5.80951746E-05
  0.434500009      -4.35696056E-05
  0.435599983      -2.76271621E-05
  0.436699986      -1.03417324E-05
  0.437799990       8.18916487E-06
  0.438899994       2.78435200E-05
  0.439999998       4.84761222E-05
  0.441100001       6.99215379E-05
  0.442200005       9.19951053E-05
  0.443300009       1.14491086E-04
  0.444400012       1.37187220E-04
  0.445499986       1.59845236E-04
  0.446599990       1.82219126E-04
  0.447699994       2.04056283E-04
  0.448799998       2.25100346E-04
  0.449900001       2.45092815E-04
  0.451000005       2.63778260E-04
  0.452100009       2.80910492E-04
  0.453199983       2.96257640E-04
  0.454299986       3.09603405E-04
  0.455399990       3.20749998E-04
  0.456499994       3.29522707E-04
  0.457599998       3.35774530E-04
  0.458700001       3.39390332E-04
  0.459800005       3.40286148E-04
  0.460900009       3.38411337E-04
  0.462000012       3.33750591E-04
  0.463099986       3.26325709E-04
  0.464199990       3.16195190E-04
  0.465299994       3.03450855E-04
  0.466399997       2.88218493E-04
  0.467500001       2.70656805E-04
  0.468600005       2.50956102E-04
  0.469700009       2.29332931E-04
  0.470799983       2.06022742E-04
  0.471899986       1.81283816E-04
  0.472999990       1.55391390E-04
  0.474099994       1.28632615E-04
  0.475199997       1.01299018E-04
  0.476300001       7.36830480E-05
  0.477400005       4.60740266E-05
  0.478500009       1.87597070E-05
  0.479600012      -7.98345627E-06
  0.480699986      -3.38963728E-05
  0.481799990      -5.87389804E-05
  0.482899994      -8.22922157E-05
  0.483999997      -1.04359497E-04
  0.485100001      -1.24768485E-04
  0.486200005      -1.43375117E-04
  0.487300009      -1.60066338E-04
  0.488399982      -1.74757050E-04
  0.489499986      -1.87390935E-04
  0.490599990      -1.97937086E-04
  0.491699994      -2.06394630E-04
  0.492799997      -2.12790255E-04
  0.493900001      -2.17172856E-04
  0.495000005      -2.19613983E-04
  0.496100008      -2.20203947E-04
  0.497200012      -2.19052279E-04
  0.498299986      -2.16284432E-04
  0.499399990      -2.12033585E-04
  0.500500023      -2.06443292E-04
  0.501600027      -1.99663569E-04
  0.502699971      -1.91851097E-04
  0.503799975      -1.83162672E-04
  0.504899979      -1.73751658E-04
  0.505999982      -1.63766672E-04
  0.507099986      -1.53353772E-04
  0.508199990      -1.42653284E-04
  0.509299994      -1.31796915E-04
  0.510399997      -1.20904777E-04
  0.511500001      -1.10086061E-04
  0.512600005      -9.94402799E-05
  0.513700008      -8.90568044E-05
  0.514800012      -7.90119593E-05
  0.515900016      -6.93694092E-05
  0.517000020      -6.01822358E-05
  0.518100023      -5.14941676E-05
  0.519199967      -4.33380083E-05
  0.520299971      -3.57350036E-05
  0.521399975      -2.86966624E-05
  0.522499979      -2.22279305E-05
  0.523599982      -1.63280420E-05
  0.524699986      -1.09890098E-05
  0.525799990      -6.19550337E-06
  0.526899993      -1.92737411E-06
  0.527999997       1.83861459E-06
  0.529100001       5.12844417E-06
  0.530200005       7.97098164E-06
  0.531300008       1.03977336E-05
  0.532400012       1.24395228E-05
  0.533500016       1.41265655E-05
  0.534600019       1.54899517E-05
  0.535700023       1.65622678E-05
  0.536800027       1.73750141E-05
  0.537899971       1.79567287E-05
  0.538999975       1.83333705E-05
  0.540099978       1.85298941E-05
  0.541199982       1.85713925E-05
  0.542299986       1.84815435E-05
  0.543399990       1.82815929E-05
  0.544499993       1.79902745E-05
  0.545599997       1.76241574E-05
  0.546700001       1.71982465E-05
  0.547800004       1.67251401E-05
  0.548900008       1.62160868E-05
