   0.00000000       0.00000000    
   1.09999999E-03   0.00000000    
   2.19999999E-03   0.00000000    
   3.29999998E-03   0.00000000    
   4.39999998E-03   0.00000000    
   5.49999997E-03   0.00000000    
   6.59999996E-03   0.00000000    
   7.69999996E-03   0.00000000    
   8.79999995E-03   0.00000000    
   9.89999995E-03   0.00000000    
   1.09999999E-02   0.00000000    
   1.20999999E-02   0.00000000    
   1.31999999E-02   0.00000000    
   1.42999999E-02   0.00000000    
   1.53999999E-02   0.00000000    
   1.64999999E-02   0.00000000    
   1.75999999E-02   0.00000000    
   1.86999999E-02   0.00000000    
   1.97999999E-02   0.00000000    
   2.08999999E-02   0.00000000    
   2.19999999E-02   0.00000000    
   2.30999999E-02   0.00000000    
   2.41999999E-02   0.00000000    
   2.52999999E-02   0.00000000    
   2.63999999E-02   0.00000000    
   2.74999999E-02   0.00000000    
   2.85999998E-02   0.00000000    
   2.96999998E-02   0.00000000    
   3.07999998E-02   0.00000000    
   3.18999998E-02   0.00000000    
   3.29999998E-02   0.00000000    
   3.40999998E-02   0.00000000    
   3.51999998E-02   0.00000000    
   3.62999998E-02   0.00000000    
   3.73999998E-02   0.00000000    
   3.84999998E-02   0.00000000    
   3.95999998E-02   0.00000000    
   4.06999998E-02   0.00000000    
   4.17999998E-02   0.00000000    
   4.28999998E-02   0.00000000    
   4.39999998E-02   0.00000000    
   4.50999998E-02   0.00000000    
   4.61999997E-02   0.00000000    
   4.72999997E-02   0.00000000    
   4.83999997E-02   0.00000000    
   4.94999997E-02   0.00000000    
   5.05999997E-02   0.00000000    
   5.16999997E-02   0.00000000    
   5.27999997E-02   0.00000000    
   5.38999997E-02   0.00000000    
   5.49999997E-02   0.00000000    
   5.60999997E-02   0.00000000    
   5.71999997E-02   0.00000000    
   5.82999997E-02   0.00000000    
   5.93999997E-02   0.00000000    
   6.04999997E-02   0.00000000    
   6.15999997E-02   0.00000000    
   6.27000034E-02   0.00000000    
   6.37999997E-02   0.00000000    
   6.48999959E-02   0.00000000    
   6.59999996E-02   0.00000000    
   6.71000034E-02   0.00000000    
   6.81999996E-02   0.00000000    
   6.92999959E-02   0.00000000    
   7.03999996E-02   0.00000000    
   7.15000033E-02   0.00000000    
   7.25999996E-02   0.00000000    
   7.36999959E-02   0.00000000    
   7.47999996E-02   0.00000000    
   7.59000033E-02   0.00000000    
   7.69999996E-02   0.00000000    
   7.80999959E-02   0.00000000    
   7.91999996E-02   0.00000000    
   8.03000033E-02   0.00000000    
   8.13999996E-02   0.00000000    
   8.24999958E-02   0.00000000    
   8.35999995E-02   0.00000000    
   8.47000033E-02   0.00000000    
   8.57999995E-02   0.00000000    
   8.68999958E-02   0.00000000    
   8.79999995E-02   0.00000000    
   8.91000032E-02   0.00000000    
   9.01999995E-02   0.00000000    
   9.12999958E-02   0.00000000    
   9.23999995E-02   0.00000000    
   9.35000032E-02   0.00000000    
   9.45999995E-02   0.00000000    
   9.56999958E-02   0.00000000    
   9.67999995E-02   0.00000000    
   9.79000032E-02   0.00000000    
   9.89999995E-02   0.00000000    
  0.100099996       0.00000000    
  0.101199999       0.00000000    
  0.102300003       0.00000000    
  0.103399999       0.00000000    
  0.104499996       0.00000000    
  0.105599999       0.00000000    
  0.106700003       0.00000000    
  0.107799999       0.00000000    
  0.108899996       0.00000000    
  0.109999999       0.00000000    
  0.111100003       0.00000000    
  0.112199999       0.00000000    
  0.113299996       0.00000000    
  0.114399999       0.00000000    
  0.115500003       0.00000000    
  0.116599999       0.00000000    
  0.117699996       0.00000000    
  0.118799999       0.00000000    
  0.119900003       0.00000000    
  0.120999999       0.00000000    
  0.122099996       0.00000000    
  0.123199999       0.00000000    
  0.124300003       0.00000000    
  0.125400007       0.00000000    
  0.126499996       0.00000000    
  0.127599999       0.00000000    
  0.128700003       0.00000000    
  0.129799992       0.00000000    
  0.130899996       0.00000000    
  0.131999999       0.00000000    
  0.133100003       0.00000000    
  0.134200007       0.00000000    
  0.135299996       0.00000000    
  0.136399999       0.00000000    
  0.137500003       1.40129846E-45
  0.138599992       1.40129846E-45
  0.139699996       0.00000000    
  0.140799999      -2.80259693E-45
  0.141900003      -5.60519386E-45
  0.143000007      -5.60519386E-45
  0.144099995       2.80259693E-45
  0.145199999       2.24207754E-44
  0.146300003       4.06376555E-44
  0.147399992       2.80259693E-44
  0.148499995      -4.34402524E-44
  0.149599999      -1.61149323E-43
  0.150700003      -2.25609053E-43
  0.151800007      -7.14662217E-44
  0.152899995       4.03573958E-43
  0.153999999       1.01173749E-42
  0.155100003       1.12103877E-42
  0.156199992      -1.13505176E-43
  0.157299995      -2.92731249E-42
  0.158399999      -5.79296785E-42
  0.159500003      -5.05168096E-42
  0.160600007       3.20897348E-42
  0.161699995       1.84649099E-41
  0.162799999       3.06365883E-41
  0.163900003       2.04099121E-41
  0.164999992      -2.84954043E-41
  0.166099995      -1.05388855E-40
  0.167199999      -1.51879734E-40
  0.168300003      -7.35247291E-41
  0.169400007       1.90929718E-40
  0.170499995       5.56266445E-40
  0.171599999       7.15165283E-40
  0.172700003       2.33197084E-40
  0.173799992      -1.09739186E-39
  0.174899995      -2.75452118E-39
  0.175999999      -3.23784864E-39
  0.177100003      -6.43486064E-40
  0.178200006       5.66342341E-39
  0.179299995       1.29236152E-38
  0.180399999       1.42516566E-38
  0.181500003       1.60377348E-39
  0.182599992      -2.68011896E-38
  0.183699995      -5.78420749E-38
  0.184799999      -6.15385097E-38
  0.185900003      -4.77939606E-39
  0.187000006       1.17466669E-37
  0.188099995       2.47960391E-37
  0.189199999       2.62079471E-37
  0.190300003       2.59698973E-38
  0.191399992      -4.78197069E-37
  0.192499995      -1.01939921E-36
  0.193599999      -1.10150292E-36
  0.194700003      -1.91028930E-37
  0.195800006       1.80144725E-36
  0.196899995       4.01245713E-36
  0.197999999       4.54987450E-36
  0.199100003       1.31937170E-36
  0.200199991      -6.20278465E-36
  0.201299995      -1.50482275E-35
  0.202399999      -1.83243268E-35
  0.203500003      -7.97648179E-36
  0.204600006       1.89735392E-35
  0.205699995       5.33116248E-35
  0.206799999       7.12108738E-35
  0.207900003       4.25938599E-35
  0.208999991      -4.80242420E-35
  0.210099995      -1.75920846E-34
  0.211199999      -2.63800264E-34
  0.212300003      -2.03836713E-34
  0.213400006       7.69287125E-35
  0.214499995       5.27983803E-34
  0.215599999       9.18330717E-34
  0.216700003       8.81845301E-34
  0.217799991       1.06475544E-34
  0.218899995      -1.37528073E-33
  0.219999999      -2.94855658E-33
  0.221100003      -3.45561433E-33
  0.222200006      -1.68416198E-33
  0.223299995       2.74568003E-33
  0.224399999       8.48289253E-33
  0.225500003       1.22000048E-32
  0.226599991       9.63764970E-33
  0.227699995      -1.93512819E-33
  0.228799999      -2.06589782E-32
  0.229900002      -3.82061378E-32
  0.231000006      -4.12088588E-32
  0.232099995      -1.71902766E-32
  0.233199999       3.61439827E-32
  0.234300002       1.02419342E-31
  0.235399991       1.45178995E-31
  0.236499995       1.19043665E-31
  0.237599999      -5.90450959E-33
  0.238700002      -2.14085992E-31
  0.239800006      -4.24648087E-31
  0.240899995      -5.01131203E-31
  0.241999999      -3.02942221E-31
  0.243100002       2.27606763E-31
  0.244199991       9.74842167E-31
  0.245299995       1.60981864E-30
  0.246399999       1.65711376E-30
  0.247500002       6.94227638E-31
  0.248600006      -1.35449496E-30
  0.249699995      -3.94751353E-30
  0.250800014      -5.85610935E-30
  0.251899987      -5.46205431E-30
  0.252999991      -1.47696389E-30
  0.254099995       6.07648464E-30
  0.255199999       1.50331922E-29
  0.256300002       2.09840043E-29
  0.257400006       1.84210625E-29
  0.258500010       3.24938311E-30
  0.259599984      -2.39261061E-29
  0.260699987      -5.51380924E-29
  0.261799991      -7.49298693E-29
  0.262899995      -6.44193835E-29
  0.263999999      -9.86951301E-30
  0.265100002       8.62536573E-29
  0.266200006       1.96379806E-28
  0.267300010       2.67384943E-28
  0.268400013       2.34067511E-28
  0.269499987       4.77131750E-29
  0.270599991      -2.86628907E-28
  0.271699995      -6.79136487E-28
  0.272799999      -9.51138125E-28
  0.273900002      -8.76636799E-28
  0.275000006      -2.74968557E-28
  0.276100010       8.63758010E-28
  0.277199984       2.26716621E-27
  0.278299987       3.35048909E-27
  0.279399991       3.33294464E-27
  0.280499995       1.52827337E-27
  0.281599998      -2.23683474E-27
  0.282700002      -7.21634472E-27
  0.283800006      -1.15674218E-26
  0.284900010      -1.26306076E-26
  0.286000013      -7.79862421E-27
  0.287099987       4.11601582E-27
  0.288199991       2.14095324E-26
  0.289299995       3.85914206E-26
  0.290399998       4.68570990E-26
  0.291500002       3.65050438E-26
  0.292600006       1.24873349E-27
  0.293700010      -5.65899169E-26
  0.294799984      -1.22044202E-25
  0.295899987      -1.67284106E-25
  0.296999991      -1.57567151E-25
  0.298099995      -6.40849460E-26
  0.299199998       1.18469504E-25
  0.300300002       3.55316683E-25
  0.301400006       5.64506053E-25
  0.302500010       6.28242070E-25
  0.303600013       4.27930318E-25
  0.304699987      -9.98855801E-26
  0.305799991      -9.00941375E-25
  0.306899995      -1.75951027E-24
  0.307999998      -2.30476304E-24
  0.309100002      -2.09304283E-24
  0.310200006      -7.71567546E-25
  0.311300009       1.70520114E-24
  0.312399983       4.87558993E-24
  0.313499987       7.68769722E-24
  0.314599991       8.63750548E-24
  0.315699995       6.19110029E-24
  0.316799998      -5.38214108E-25
  0.317900002      -1.10173663E-23
  0.319000006      -2.27164236E-23
  0.320100009      -3.10931293E-23
  0.321200013      -3.04610434E-23
  0.322299987      -1.58534505E-23
  0.323399991       1.43772803E-23
  0.324499995       5.59498082E-23
  0.325599998       9.71609117E-23
  0.326700002       1.19775301E-22
  0.327800006       1.03233077E-22
  0.328900009       3.22032838E-23
  0.329999983      -9.38968072E-23
  0.331099987      -2.52383109E-22
  0.332199991      -3.93936462E-22
  0.333299994      -4.48624970E-22
  0.334399998      -3.43912330E-22
  0.335500002      -3.36604645E-23
  0.336600006       4.67954864E-22
  0.337700009       1.05899545E-21
  0.338800013       1.54358153E-21
  0.339899987       1.66097928E-21
  0.340999991       1.15705493E-21
  0.342099994      -1.08226516E-22
  0.343199998      -2.04148579E-21
  0.344300002      -4.22656133E-21
  0.345400006      -5.91691299E-21
  0.346500009      -6.15623476E-21
  0.347599983      -4.04732123E-21
  0.348699987       8.58982839E-22
  0.349799991       8.14468123E-21
  0.350899994       1.62239845E-20
  0.351999998       2.23406636E-20
  0.353100002       2.30203654E-20
  0.354200006       1.50402422E-20
  0.355300009      -3.18897554E-21
  0.356400013      -3.01441740E-20
  0.357499987      -6.01294066E-20
  0.358599991      -8.32530080E-20
  0.359699994      -8.69848333E-20
  0.360799998      -5.95182946E-20
  0.361900002       5.39989683E-21
  0.363000005       1.03226286E-19
  0.364100009       2.14701733E-19
  0.365199983       3.05379262E-19
  0.366299987       3.30517902E-19
  0.367399991       2.46257045E-19
  0.368499994       2.61565189E-20
  0.369599998      -3.20213945E-19
  0.370700002      -7.32329259E-19
  0.371800005      -1.09460728E-18
  0.372900009      -1.25000949E-18
  0.374000013      -1.03528199E-18
  0.375099987      -3.36032327E-19
  0.376199991       8.48027115E-19
  0.377299994       2.34561580E-18
  0.378399998       3.78809305E-18
  0.379500002       4.63981239E-18
  0.380600005       4.30144465E-18
  0.381700009       2.28603687E-18
  0.382799983      -1.55738505E-18
  0.383899987      -6.82611114E-18
  0.384999990      -1.24288230E-17
  0.386099994      -1.66186425E-17
  0.387199998      -1.72633620E-17
  0.388300002      -1.23751944E-17
  0.389400005      -8.46587459E-19
  0.390500009       1.67542885E-17
  0.391600013       3.75631021E-17
  0.392699987       5.62592997E-17
  0.393799990       6.56347170E-17
  0.394899994       5.80452753E-17
  0.395999998       2.76868766E-17
  0.397100002      -2.66551888E-17
  0.398200005      -9.90449390E-17
  0.399300009      -1.74924149E-16
  0.400399983      -2.31695540E-16
  0.401499987      -2.42113727E-16
  0.402599990      -1.80697552E-16
  0.403699994      -3.25296816E-17
  0.404799998       1.97205800E-16
  0.405900002       4.75561354E-16
  0.407000005       7.39225770E-16
  0.408100009       9.00034128E-16
  0.409200013       8.60513847E-16
  0.410299987       5.39203757E-16
  0.411399990      -9.75508919E-17
  0.412499994      -1.00397407E-15
  0.413599998      -2.03287674E-15
  0.414700001      -2.93396924E-15
  0.415800005      -3.38174643E-15
  0.416900009      -3.03751499E-15
  0.417999983      -1.64223055E-15
  0.419099987       8.73542802E-16
  0.420199990       4.28675201E-15
  0.421299994       8.01835608E-15
  0.422399998       1.11437416E-14
  0.423500001       1.25049609E-14
  0.424600005       1.09358357E-14
  0.425700009       5.58390970E-15
  0.426800013      -3.71971766E-15
  0.427899987      -1.61246833E-14
  0.428999990      -2.95652175E-14
  0.430099994      -4.08131204E-14
  0.431199998      -4.58659329E-14
  0.432300001      -4.07007124E-14
  0.433400005      -2.23385526E-14
  0.434500009       9.93842985E-15
  0.435599983       5.34764121E-14
  0.436699986       1.01576279E-13
  0.437799990       1.43601114E-13
  0.438899994       1.66138262E-13
  0.439999998       1.55323630E-13
  0.441100001       1.00182483E-13
  0.442200005      -3.46881824E-15
  0.443300009      -1.49322246E-13
  0.444400012      -3.18069925E-13
  0.445499986      -4.77145775E-13
  0.446599990      -5.83605538E-13
  0.447699994      -5.90590185E-13
  0.448799998      -4.57114869E-13
  0.449900001      -1.60045507E-13
  0.451000005       2.93790220E-13
  0.452100009       8.58146236E-13
  0.453199983       1.44367970E-12
  0.454299986       1.92289457E-12
  0.455399990       2.14552356E-12
  0.456499994       1.96442168E-12
  0.457599998       1.26965441E-12
  0.458700001       2.59608534E-14
  0.459800005      -1.69358342E-12
  0.460900009      -3.68627177E-12
  0.462000012      -5.61942463E-12
  0.463099986      -7.05768560E-12
  0.464199990      -7.52086501E-12
  0.465299994      -6.56956173E-12
  0.466399997      -3.90928392E-12
  0.467500001       5.02881103E-13
  0.468600005       6.36985300E-12
  0.469700009       1.30077069E-11
  0.470799983       1.93614239E-11
  0.471899986       2.40978990E-11
  0.472999990       2.57792728E-11
  0.474099994       2.31050942E-11
  0.475199997       1.51953155E-11
  0.476300001       1.87156996E-12
  0.477400005      -1.61161848E-11
  0.478500009      -3.69726645E-11
  0.479600012      -5.78974646E-11
  0.480699986      -7.53120066E-11
  0.481799990      -8.52755852E-11
  0.482899994      -8.40581077E-11
  0.483999997      -6.88030188E-11
  0.485100001      -3.81840670E-11
  0.486200005       7.05863493E-12
  0.487300009       6.38191097E-11
  0.488399982       1.26657226E-10
  0.489499986       1.88220370E-10
  0.490599990       2.40051451E-10
  0.491699994       2.73718881E-10
  0.492799997       2.82135953E-10
  0.493900001       2.60887811E-10
  0.495000005       2.09351758E-10
  0.496100008       1.31403569E-10
  0.497200012       3.55458163E-11
  0.498299986      -6.56418878E-11
  0.499399990      -1.56719179E-10
  0.500500023      -2.21157953E-10
  0.501600027      -2.43455173E-10
  0.502699971      -2.11271556E-10
  0.503799975      -1.17302390E-10
  0.504899979       3.94808700E-11
  0.505999982       2.53402743E-10
  0.507099986       5.12672127E-10
  0.508199990       8.00883027E-10
  0.509299994       1.09931209E-09
  0.510399997       1.38974066E-09
  0.511500001       1.65723069E-09
  0.512600005       1.89263316E-09
  0.513700008       2.09417328E-09
  0.514800012       2.26823693E-09
  0.515900016       2.42874920E-09
  0.517000020       2.59547739E-09
  0.518100023       2.79177126E-09
  0.519199967       3.04117309E-09
  0.520299971       3.36430972E-09
  0.521399975       3.77638809E-09
  0.522499979       4.28503499E-09
  0.523599982       4.88965091E-09
  0.524699986       5.58071056E-09
  0.525799990       6.34139674E-09
  0.526899993       7.14992199E-09
  0.527999997       7.97876254E-09
  0.529100001       8.79920403E-09
  0.530200005       9.58053548E-09
  0.531300008       1.02950626E-08
  0.532400012       1.09119176E-08
  0.533500016       1.13994494E-08
  0.534600019       1.17234098E-08
  0.535700023       1.18518830E-08
  0.536800027       1.17472085E-08
  0.537899971       1.13667467E-08
  0.538999975       1.06643681E-08
  0.540099978       9.59356328E-09
  0.541199982       8.10989320E-09
  0.542299986       6.16984508E-09
  0.543399990       3.71543263E-09
  0.544499993       7.10947301E-10
  0.545599997      -2.88694091E-09
  0.546700001      -7.10648429E-09
  0.547800004      -1.19866739E-08
  0.548900008      -1.75574844E-08
