#
# number of interfaces
#
 3
#
# for each interface below, we give the number of points and then x,y for each point
#
#
# interface number 1 (bottom of the mesh)
#
 2
 0 -10000
 10000 -10000
#
# interface number 2 (shape of the ocean bottom, "middle" of the mesh)
#
 200
  0.000000000000000E+000  -3000.00000000000     
   50.2512562814070       -3000.00000000000     
   100.502512562814       -3000.00000000000     
   150.753768844221       -3000.00000000000     
   201.005025125628       -3000.00000000000     
   251.256281407035       -3000.00000000000     
   301.507537688442       -3000.00000000000     
   351.758793969849       -3000.00000000000     
   402.010050251256       -3000.00000000000     
   452.261306532663       -3000.00000000000     
   502.512562814070       -3000.00000000000     
   552.763819095477       -3000.00000000000     
   603.015075376884       -3000.00000000000     
   653.266331658292       -3000.00000000000     
   703.517587939699       -3000.00000000000     
   753.768844221106       -3000.00000000000     
   804.020100502513       -3000.00000000000     
   854.271356783920       -3000.00000000000     
   904.522613065327       -3000.00000000000     
   954.773869346734       -3000.00000000000     
   1005.02512562814       -2999.99999999999     
   1055.27638190955       -2999.99999999999     
   1105.52763819095       -2999.99999999997     
   1155.77889447236       -2999.99999999994     
   1206.03015075377       -2999.99999999987     
   1256.28140703518       -2999.99999999973     
   1306.53266331658       -2999.99999999943     
   1356.78391959799       -2999.99999999882     
   1407.03517587940       -2999.99999999755     
   1457.28643216080       -2999.99999999498     
   1507.53768844221       -2999.99999998982     
   1557.78894472362       -2999.99999997957     
   1608.04020100503       -2999.99999995939     
   1658.29145728643       -2999.99999992011     
   1708.54271356784       -2999.99999984439     
   1758.79396984925       -2999.99999969997     
   1809.04522613065       -2999.99999942731     
   1859.29648241206       -2999.99999891786     
   1909.54773869347       -2999.99999797578     
   1959.79899497487       -2999.99999625159     
   2010.05025125628       -2999.99999312854     
   2060.30150753769       -2999.99998753006     
   2110.55276381910       -2999.99997759768     
   2160.80402010050       -2999.99996015856     
   2211.05527638191       -2999.99992985604     
   2261.30653266332       -2999.99987774717     
   2311.55778894472       -2999.99978906879     
   2361.80904522613       -2999.99963972340     
   2412.06030150754       -2999.99939082149     
   2462.31155778894       -2999.99898031417     
   2512.56281407035       -2999.99831033156     
   2562.81407035176       -2999.99722827654     
   2613.06532663317       -2999.99549897317     
   2663.31658291457       -2999.99276419917     
   2713.56783919598       -2999.98848470935     
   2763.81909547739       -2999.98185836178     
   2814.07035175879       -2999.97170619229     
   2864.32160804020       -2999.95631628237     
   2914.57286432161       -2999.93323311997     
   2964.82412060302       -2999.89897802111     
   3015.07537688442       -2999.84868431144     
   3065.32663316583       -2999.77562971313     
   3115.57788944724       -2999.67064821178     
   3165.82914572864       -2999.52140516632     
   3216.08040201005       -2999.31152324080     
   3266.33165829146       -2999.01955359034     
   3316.58291457286       -2998.61779730828     
   3366.83417085427       -2998.07099698650     
   3417.08542713568       -2997.33493763956     
   3467.33668341709       -2996.35502005601     
   3517.58793969849       -2995.06489714776     
   3567.83919597990       -2993.38529361747     
   3618.09045226131       -2991.22315897430     
   3668.34170854271       -2988.47133045741     
   3718.59296482412       -2985.00890186138     
   3768.84422110553       -2980.70250213323     
   3819.09547738693       -2975.40867928914     
   3869.34673366834       -2968.97755639549     
   3919.59798994975       -2961.25787379407     
   3969.84924623116       -2952.10345386256     
   4020.10050251256       -2941.38102223754     
   4070.35175879397       -2928.97919641565     
   4120.60301507538       -2914.81831610901     
   4170.85427135678       -2898.86065004476     
   4221.10552763819       -2881.12038422109     
   4271.35678391960       -2861.67269193906     
   4321.60804020101       -2840.66112160371     
   4371.85929648241       -2818.30252836067     
   4422.11055276382       -2794.88883085730     
   4472.36180904523       -2770.78500039549     
   4522.61306532663       -2746.42288541601     
   4572.86432160804       -2722.29073097341     
   4623.11557788945       -2698.91855430598     
   4673.36683417085       -2676.85986065549     
   4723.61809045226       -2656.67050006428     
   4773.86934673367       -2638.88574560987     
   4824.12060301508       -2623.99688702652     
   4874.37185929648       -2612.42875590047     
   4924.62311557789       -2604.51961216496     
   4974.87437185930       -2600.50471905680     
   5025.12562814070       -2600.50471905680     
   5075.37688442211       -2604.51961216496     
   5125.62814070352       -2612.42875590047     
   5175.87939698492       -2623.99688702652     
   5226.13065326633       -2638.88574560987     
   5276.38190954774       -2656.67050006428     
   5326.63316582915       -2676.85986065549     
   5376.88442211055       -2698.91855430598     
   5427.13567839196       -2722.29073097341     
   5477.38693467337       -2746.42288541601     
   5527.63819095477       -2770.78500039549     
   5577.88944723618       -2794.88883085730     
   5628.14070351759       -2818.30252836067     
   5678.39195979900       -2840.66112160371     
   5728.64321608040       -2861.67269193906     
   5778.89447236181       -2881.12038422109     
   5829.14572864322       -2898.86065004476     
   5879.39698492462       -2914.81831610901     
   5929.64824120603       -2928.97919641565     
   5979.89949748744       -2941.38102223754     
   6030.15075376884       -2952.10345386256     
   6080.40201005025       -2961.25787379407     
   6130.65326633166       -2968.97755639549     
   6180.90452261307       -2975.40867928914     
   6231.15577889447       -2980.70250213323     
   6281.40703517588       -2985.00890186138     
   6331.65829145729       -2988.47133045741     
   6381.90954773869       -2991.22315897430     
   6432.16080402010       -2993.38529361747     
   6482.41206030151       -2995.06489714776     
   6532.66331658292       -2996.35502005601     
   6582.91457286432       -2997.33493763956     
   6633.16582914573       -2998.07099698650     
   6683.41708542714       -2998.61779730828     
   6733.66834170854       -2999.01955359034     
   6783.91959798995       -2999.31152324080     
   6834.17085427136       -2999.52140516632     
   6884.42211055276       -2999.67064821178     
   6934.67336683417       -2999.77562971313     
   6984.92462311558       -2999.84868431144     
   7035.17587939699       -2999.89897802111     
   7085.42713567839       -2999.93323311997     
   7135.67839195980       -2999.95631628237     
   7185.92964824121       -2999.97170619229     
   7236.18090452261       -2999.98185836178     
   7286.43216080402       -2999.98848470935     
   7336.68341708543       -2999.99276419917     
   7386.93467336683       -2999.99549897317     
   7437.18592964824       -2999.99722827654     
   7487.43718592965       -2999.99831033156     
   7537.68844221106       -2999.99898031417     
   7587.93969849246       -2999.99939082149     
   7638.19095477387       -2999.99963972340     
   7688.44221105528       -2999.99978906879     
   7738.69346733668       -2999.99987774717     
   7788.94472361809       -2999.99992985604     
   7839.19597989950       -2999.99996015856     
   7889.44723618090       -2999.99997759768     
   7939.69849246231       -2999.99998753006     
   7989.94974874372       -2999.99999312854     
   8040.20100502513       -2999.99999625159     
   8090.45226130653       -2999.99999797578     
   8140.70351758794       -2999.99999891786     
   8190.95477386935       -2999.99999942731     
   8241.20603015075       -2999.99999969997     
   8291.45728643216       -2999.99999984439     
   8341.70854271357       -2999.99999992011     
   8391.95979899498       -2999.99999995939     
   8442.21105527638       -2999.99999997957     
   8492.46231155779       -2999.99999998982     
   8542.71356783920       -2999.99999999498     
   8592.96482412060       -2999.99999999755     
   8643.21608040201       -2999.99999999882     
   8693.46733668342       -2999.99999999943     
   8743.71859296482       -2999.99999999973     
   8793.96984924623       -2999.99999999987     
   8844.22110552764       -2999.99999999994     
   8894.47236180905       -2999.99999999997     
   8944.72361809045       -2999.99999999999     
   8994.97487437186       -2999.99999999999     
   9045.22613065327       -3000.00000000000     
   9095.47738693467       -3000.00000000000     
   9145.72864321608       -3000.00000000000     
   9195.97989949749       -3000.00000000000     
   9246.23115577889       -3000.00000000000     
   9296.48241206030       -3000.00000000000     
   9346.73366834171       -3000.00000000000     
   9396.98492462312       -3000.00000000000     
   9447.23618090452       -3000.00000000000     
   9497.48743718593       -3000.00000000000     
   9547.73869346734       -3000.00000000000     
   9597.98994974874       -3000.00000000000     
   9648.24120603015       -3000.00000000000     
   9698.49246231156       -3000.00000000000     
   9748.74371859296       -3000.00000000000     
   9798.99497487437       -3000.00000000000     
   9849.24623115578       -3000.00000000000     
   9899.49748743719       -3000.00000000000     
   9949.74874371859       -3000.00000000000     
   10000.0000000000       -3000.00000000000     
#
# interface number 3 (ocean surface, top of the mesh)
#
 2
    0 0
 10000 0
#
# for each layer, we give the number of spectral elements in the vertical direction
#
#
# layer number 1 (bottom layer)
#
 44
#
# layer number 2 (top layer)
#
 40
