334
12087 2 12311 12312 2
12088 2 12312 12313 2
12089 2 12313 12314 2
12090 2 12314 12315 2
12091 2 12315 12316 2
12092 2 12316 12317 2
12093 2 12317 12318 2
12094 2 12318 12319 2
12095 2 12319 12320 2
12096 2 12320 12321 2
12097 2 12321 12322 2
12098 2 12322 12323 2
12099 2 12323 12324 2
12100 2 12324 12325 2
12101 2 12325 12326 2
12102 2 12326 12327 2
12103 2 12327 12328 2
12104 2 12328 12329 2
12105 2 12329 12330 2
12106 2 12330 12331 2
12107 2 12331 12332 2
12108 2 12332 12333 2
12109 2 12333 12334 2
12110 2 12334 12335 2
12111 2 12335 12336 2
12112 2 12336 12337 2
12113 2 12337 12338 2
12114 2 12338 12339 2
12115 2 12339 12340 2
12116 2 12340 12341 2
12117 2 12341 12342 2
12118 2 12342 12343 2
12119 2 12343 12344 2
12120 2 12344 12345 2
12121 2 12345 12346 2
12122 2 12346 12347 2
12123 2 12347 12348 2
12124 2 12348 12349 2
12125 2 12349 12350 2
12126 2 12350 12351 2
12127 2 12351 12352 2
12128 2 12352 12353 2
12129 2 12353 12354 2
12130 2 12354 12355 2
12131 2 12355 12356 2
12132 2 12356 12357 2
12133 2 12357 12358 2
12134 2 12358 12359 2
12135 2 12359 12360 2
12136 2 12360 12361 2
12137 2 12361 12362 2
12138 2 12362 12363 2
12139 2 12363 12364 2
12140 2 12364 12365 2
12141 2 12365 12366 2
12142 2 12366 12367 2
12143 2 12367 12368 2
12144 2 12368 12369 2
12145 2 12369 12370 2
12146 2 12370 12371 2
12147 2 12371 12372 2
12148 2 12372 12373 2
12149 2 12373 12374 2
12150 2 12374 12375 2
12151 2 12375 12376 2
12152 2 12376 12377 2
12153 2 12377 12378 2
12154 2 12378 12379 2
12155 2 12379 12380 2
12156 2 12380 12381 2
12157 2 12381 12382 2
12158 2 12382 12383 2
12159 2 12383 12384 2
12160 2 12384 12385 2
12161 2 12385 12386 2
12162 2 12386 12387 2
12163 2 12387 12388 2
12164 2 12388 12389 2
12165 2 12389 12390 2
12166 2 12390 12391 2
12167 2 12391 12392 2
12168 2 12392 12393 2
12169 2 12393 12394 2
12170 2 12394 12395 2
12171 2 12395 12396 2
12172 2 12396 12397 2
12173 2 12397 12398 2
12174 2 12398 12399 2
12175 2 12399 12400 2
12176 2 12400 12401 2
12177 2 12401 12402 2
12178 2 12402 12403 2
12179 2 12403 12404 2
12180 2 12404 12405 2
12181 2 12405 12406 2
12182 2 12406 12407 2
12183 2 12407 12408 2
12184 2 12408 12409 2
12185 2 12409 12410 2
12186 2 12410 12411 2
12187 2 12411 12412 2
12388 2 12615 12616 4
12389 2 12616 12617 4
12390 2 12617 12618 4
12391 2 12618 12619 4
12392 2 12619 12620 4
12393 2 12620 12621 4
12394 2 12621 12622 4
12395 2 12622 12623 4
12396 2 12623 12624 4
12397 2 12624 12625 4
12398 2 12625 12626 4
12399 2 12626 12627 4
12400 2 12627 12628 4
12401 2 12628 12629 4
12402 2 12629 12630 4
12403 2 12630 12631 4
12404 2 12631 12632 4
12405 2 12632 12633 4
12406 2 12633 12634 4
12407 2 12634 12635 4
12408 2 12635 12636 4
12409 2 12636 12637 4
12410 2 12637 12638 4
12411 2 12638 12639 4
12412 2 12639 12640 4
12413 2 12640 12641 4
12414 2 12641 12642 4
12415 2 12642 12643 4
12416 2 12643 12644 4
12417 2 12644 12645 4
12418 2 12645 12646 4
12419 2 12646 12647 4
12420 2 12647 12648 4
12421 2 12648 12649 4
12422 2 12649 12650 4
12423 2 12650 12651 4
12424 2 12651 12652 4
12425 2 12652 12653 4
12426 2 12653 12654 4
12427 2 12654 12655 4
12428 2 12655 12656 4
12429 2 12656 12657 4
12430 2 12657 12658 4
12431 2 12658 12659 4
12432 2 12659 12660 4
12433 2 12660 12661 4
12434 2 12661 12662 4
12435 2 12662 12663 4
12436 2 12663 12664 4
12437 2 12664 12665 4
12438 2 12665 12666 4
12439 2 12666 12667 4
12440 2 12667 12668 4
12441 2 12668 12669 4
12442 2 12669 12670 4
12443 2 12670 12671 4
12444 2 12671 12672 4
12445 2 12672 12673 4
12446 2 12673 12674 4
12447 2 12674 12675 4
12448 2 12675 12676 4
12449 2 12676 12677 4
12450 2 12677 12678 4
12451 2 12678 12679 4
12452 2 12679 12680 4
12453 2 12680 12681 4
12454 2 12681 12682 4
12455 2 12682 12683 4
12456 2 12683 12684 4
12457 2 12684 12685 4
12458 2 12685 12686 4
12459 2 12686 12687 4
12460 2 12687 12688 4
12461 2 12688 12689 4
12462 2 12689 12690 4
12463 2 12690 12691 4
12464 2 12691 12692 4
12465 2 12692 12693 4
12466 2 12693 12694 4
12467 2 12694 12695 4
12468 2 12695 12696 4
12469 2 12696 12697 4
12470 2 12697 12698 4
12471 2 12698 12699 4
12472 2 12699 12700 4
12473 2 12700 12701 4
12474 2 12701 12702 4
12475 2 12702 12703 4
12476 2 12703 12704 4
12477 2 12704 12705 4
12478 2 12705 12706 4
12479 2 12706 12707 4
12480 2 12707 12708 4
12481 2 12708 12709 4
12482 2 12709 12710 4
12483 2 12710 12711 4
12484 2 12711 12712 4
12485 2 12712 12713 4
12486 2 12713 12714 4
12487 2 12714 12715 4
12742 2 12972 12973 1
12743 2 12973 12974 1
12744 2 12974 12975 1
12745 2 12975 12976 1
12746 2 12976 12977 1
12747 2 12977 12978 1
12748 2 12978 12979 1
12749 2 12979 12980 1
12750 2 12980 12981 1
12751 2 12981 12982 1
12752 2 12982 12983 1
12753 2 12983 12984 1
12754 2 12984 12985 1
12755 2 12985 12986 1
12756 2 12986 12987 1
12757 2 12987 12988 1
12758 2 12988 12989 1
12759 2 12989 12990 1
12760 2 12990 12991 1
12761 2 12991 12992 1
12762 2 12992 12993 1
12763 2 12993 12994 1
12764 2 12994 12995 1
12765 2 12995 12996 1
12766 2 12996 12997 1
12767 2 12997 12998 1
12768 2 12998 12999 1
12769 2 12999 13000 1
12770 2 13000 13001 1
12771 2 13001 13002 1
12772 2 13002 13003 1
12773 2 13003 13004 1
12774 2 13004 13005 1
12775 2 13005 13006 1
12776 2 13006 13007 1
12777 2 13007 13008 1
12778 2 13008 13009 1
12779 2 13009 13010 1
12780 2 13010 13011 1
12781 2 13011 13012 1
12782 2 13012 13013 1
12783 2 13013 13014 1
12784 2 13014 13015 1
12785 2 13015 13016 1
12786 2 13016 13017 1
12787 2 13017 13018 1
12788 2 13018 13019 1
12789 2 13019 13020 1
12790 2 13020 13021 1
12791 2 13021 13022 1
12792 2 13022 13023 1
12793 2 13023 13024 1
12794 2 13024 13025 1
12795 2 13025 13026 1
12796 2 13026 13027 1
12797 2 13027 13028 1
12798 2 13028 13029 1
12799 2 13029 13030 1
12800 2 13030 13031 1
12801 2 13031 13032 1
12802 2 13032 13033 1
12803 2 13033 13034 1
12804 2 13034 13035 1
12805 2 13035 13036 1
12806 2 13036 13037 1
12807 2 13037 13038 1
12808 2 13038 13039 1
12809 2 13039 13040 1
12810 2 13040 13041 1
12811 2 13041 13042 1
12812 2 13042 13043 1
12813 2 13043 13044 1
12814 2 13044 13045 1
12815 2 13045 13046 1
12816 2 13046 13047 1
12817 2 13047 13048 1
12818 2 13048 13049 1
12819 2 13049 13050 1
12820 2 13050 13051 1
12821 2 13051 13052 1
12822 2 13052 13053 1
12823 2 13053 13054 1
12824 2 13054 13055 1
12825 2 13055 13056 1
12826 2 13056 13057 1
12827 2 13057 13058 1
12828 2 13058 13059 1
12829 2 13059 13060 1
12830 2 13060 13061 1
12831 2 13061 13062 1
12832 2 13062 13063 1
12833 2 13063 13064 1
12834 2 13064 13065 1
12835 2 13065 13066 1
12836 2 13066 13067 1
12837 2 13067 13068 1
12838 2 13068 13069 1
12839 2 13069 13070 1
12840 2 13070 13071 1
12841 2 13071 13072 1
12842 2 13072 13073 1
12843 2 13073 13074 1
12844 2 13074 13075 1
12845 2 13075 13076 1
12846 2 13076 13077 1
12847 2 13077 13078 1
12848 2 13078 13079 1
12849 2 13079 13080 1
12850 2 13080 13081 1
12851 2 13081 13082 1
12852 2 13082 13083 1
12853 2 13083 13084 1
12854 2 13084 13085 1
12855 2 13085 13086 1
12856 2 13086 13087 1
12857 2 13087 13088 1
12858 2 13088 13089 1
12859 2 13089 13090 1
12860 2 13090 13091 1
12861 2 13091 13092 1
12862 2 13092 13093 1
12863 2 13093 13094 1
12864 2 13094 13095 1
12865 2 13095 13096 1
12866 2 13096 13097 1
12867 2 13097 13098 1
12868 2 13098 13099 1
12614 2 12843 12311 2
12741 2 12971 12843 2
12868 2 13099 12971 2
12488 2 12615 12716 4
12615 2 12716 12844 4
12742 2 12844 12972 4
