  -6.6666666666666666E-002     1.8443564840708859E-005
  -6.6266666666666668E-002     2.1590920368907973E-005
  -6.5866666666666671E-002     2.5247467419831082E-005
  -6.5466666666666659E-002     2.9490649467334151E-005
  -6.5066666666666662E-002     3.4408854844514281E-005
  -6.4666666666666664E-002     4.0102833736455068E-005
  -6.4266666666666666E-002     4.6687244321219623E-005
  -6.3866666666666669E-002     5.4292431741487235E-005
  -6.3466666666666671E-002     6.3066348957363516E-005
  -6.3066666666666660E-002     7.3176714067813009E-005
  -6.2666666666666662E-002     8.4813378634862602E-005
  -6.2266666666666665E-002     9.8190954304300249E-005
  -6.1866666666666667E-002     1.1355172318872064E-004
  -6.1466666666666663E-002     1.3116878108121455E-004
  -6.1066666666666665E-002     1.5134955174289644E-004
  -6.0666666666666667E-002     1.7443959950469434E-004
  -6.0266666666666663E-002     2.0082680566702038E-004
  -5.9866666666666665E-002     2.3094592324923724E-004
  -5.9466666666666668E-002     2.6528351008892059E-004
  -5.9066666666666663E-002     3.0438334215432405E-004
  -5.8666666666666666E-002     3.4885224886238575E-004
  -5.8266666666666661E-002     3.9936628309078515E-004
  -5.7866666666666663E-002     4.5667772064916790E-004
  -5.7466666666666666E-002     5.2162213250994682E-004
  -5.7066666666666668E-002     5.9512647567316890E-004
  -5.6666666666666664E-002     6.7821715492755175E-004
  -5.6266666666666666E-002     7.7202910324558616E-004
  -5.5866666666666662E-002     8.7781547335907817E-004
  -5.5466666666666664E-002     9.9695730023086071E-004
  -5.5066666666666667E-002     1.1309743858873844E-003
  -5.4666666666666669E-002     1.2815366499125957E-003
  -5.4266666666666664E-002     1.4504754217341542E-003
  -5.3866666666666667E-002     1.6397961881011724E-003
  -5.3466666666666662E-002     1.8516912823542953E-003
  -5.3066666666666665E-002     2.0885530393570662E-003
  -5.2666666666666667E-002     2.3529876489192247E-003
  -5.2266666666666663E-002     2.6478287763893604E-003
  -5.1866666666666665E-002     2.9761530458927155E-003
  -5.1466666666666668E-002     3.3412931952625513E-003
  -5.1066666666666663E-002     3.7468539085239172E-003
  -5.0666666666666665E-002     4.1967257857322693E-003
  -5.0266666666666668E-002     4.6951007097959518E-003
  -4.9866666666666663E-002     5.2464851178228855E-003
  -4.9466666666666666E-002     5.8557149022817612E-003
  -4.9066666666666661E-002     6.5279682166874409E-003
  -4.8666666666666664E-002     7.2687785141170025E-003
  -4.8266666666666666E-002     8.0840447917580605E-003
  -4.7866666666666668E-002     8.9800432324409485E-003
  -4.7466666666666664E-002     9.9634360522031784E-003
  -4.7066666666666666E-002     1.1041275225579739E-002
  -4.6666666666666662E-002     1.2221012264490128E-002
  -4.6266666666666664E-002     1.3510497286915779E-002
  -4.5866666666666667E-002     1.4917979948222637E-002
  -4.5466666666666669E-002     1.6452103853225708E-002
  -4.5066666666666665E-002     1.8121903762221336E-002
  -4.4666666666666660E-002     1.9936794415116310E-002
  -4.4266666666666662E-002     2.1906547248363495E-002
  -4.3866666666666665E-002     2.4041287600994110E-002
  -4.3466666666666667E-002     2.6351453736424446E-002
  -4.3066666666666670E-002     2.8847778216004372E-002
  -4.2666666666666665E-002     3.1541246920824051E-002
  -4.2266666666666661E-002     3.4443058073520660E-002
  -4.1866666666666663E-002     3.7564579397439957E-002
  -4.1466666666666666E-002     4.0917288511991501E-002
  -4.1066666666666668E-002     4.4512715190649033E-002
  -4.0666666666666663E-002     4.8362359404563904E-002
  -4.0266666666666666E-002     5.2477639168500900E-002
  -3.9866666666666661E-002     5.6869778782129288E-002
  -3.9466666666666664E-002     6.1549745500087738E-002
  -3.9066666666666666E-002     6.6528119146823883E-002
  -3.8666666666666669E-002     7.1815006434917450E-002
  -3.8266666666666664E-002     7.7419914305210114E-002
  -3.7866666666666660E-002     8.3351626992225647E-002
  -3.7466666666666662E-002     8.9618086814880371E-002
  -3.7066666666666664E-002     9.6226230263710022E-002
  -3.6666666666666667E-002    0.10318187624216080
  -3.6266666666666669E-002    0.11048953980207443
  -3.5866666666666665E-002    0.11815231293439865
  -3.5466666666666660E-002    0.12617166340351105
  -3.5066666666666663E-002    0.13454732298851013
  -3.4666666666666665E-002    0.14327704906463623
  -3.4266666666666667E-002    0.15235652029514313
  -3.3866666666666663E-002    0.16177915036678314
  -3.3466666666666665E-002    0.17153592407703400
  -3.3066666666666661E-002    0.18161517381668091
  -3.2666666666666663E-002    0.19200251996517181
  -3.2266666666666666E-002    0.20268066227436066
  -3.1866666666666661E-002    0.21362921595573425
  -3.1466666666666664E-002    0.22482465207576752
  -3.1066666666666666E-002    0.23624005913734436
  -3.0666666666666662E-002    0.24784515798091888
  -3.0266666666666664E-002    0.25960612297058105
  -2.9866666666666666E-002    0.27148556709289551
  -2.9466666666666662E-002    0.28344243764877319
  -2.9066666666666664E-002    0.29543200135231018
  -2.8666666666666667E-002    0.30740591883659363
  -2.8266666666666662E-002    0.31931212544441223
  -2.7866666666666665E-002    0.33109501004219055
  -2.7466666666666667E-002    0.34269538521766663
  -2.7066666666666662E-002    0.35405072569847107
  -2.6666666666666665E-002    0.36509519815444946
  -2.6266666666666660E-002    0.37575995922088623
  -2.5866666666666663E-002    0.38597324490547180
  -2.5466666666666665E-002    0.39566072821617126
  -2.5066666666666661E-002    0.40474575757980347
  -2.4666666666666663E-002    0.41314977407455444
  -2.4266666666666666E-002    0.42079252004623413
  -2.3866666666666661E-002    0.42759257555007935
  -2.3466666666666663E-002    0.43346774578094482
  -2.3066666666666666E-002    0.43833556771278381
  -2.2666666666666661E-002    0.44211372733116150
  -2.2266666666666664E-002    0.44472065567970276
  -2.1866666666666666E-002    0.44607615470886230
  -2.1466666666666662E-002    0.44610181450843811
  -2.1066666666666664E-002    0.44472175836563110
  -2.0666666666666667E-002    0.44186323881149292
  -2.0266666666666662E-002    0.43745714426040649
  -1.9866666666666664E-002    0.43143889307975769
  -1.9466666666666667E-002    0.42374876141548157
  -1.9066666666666662E-002    0.41433280706405640
  -1.8666666666666665E-002    0.40314334630966187
  -1.8266666666666660E-002    0.39013954997062683
  -1.7866666666666663E-002    0.37528815865516663
  -1.7466666666666665E-002    0.35856395959854126
  -1.7066666666666661E-002    0.33995038270950317
  -1.6666666666666663E-002    0.31943994760513306
  -1.6266666666666665E-002    0.29703480005264282
  -1.5866666666666661E-002    0.27274698019027710
  -1.5466666666666663E-002    0.24659898877143860
  -1.5066666666666666E-002    0.21862389147281647
  -1.4666666666666661E-002    0.18886563181877136
  -1.4266666666666664E-002    0.15737918019294739
  -1.3866666666666666E-002    0.12423057854175568
  -1.3466666666666662E-002     8.9497037231922150E-002
  -1.3066666666666664E-002     5.3266748785972595E-002
  -1.2666666666666666E-002     1.5638811513781548E-002
  -1.2266666666666662E-002    -2.3277051746845245E-002
  -1.1866666666666664E-002    -6.3360817730426788E-002
  -1.1466666666666660E-002   -0.10448256134986877
  -1.1066666666666662E-002   -0.14650298655033112
  -1.0666666666666665E-002   -0.18927395343780518
  -1.0266666666666660E-002   -0.23263920843601227
  -9.8666666666666625E-003   -0.27643510699272156
  -9.4666666666666649E-003   -0.32049137353897095
  -9.0666666666666604E-003   -0.36463204026222229
  -8.6666666666666628E-003   -0.40867647528648376
  -8.2666666666666652E-003   -0.45244017243385315
  -7.8666666666666607E-003   -0.49573606252670288
  -7.4666666666666631E-003   -0.53837543725967407
  -7.0666666666666655E-003   -0.58016908168792725
  -6.6666666666666610E-003   -0.62092864513397217
  -6.2666666666666634E-003   -0.66046756505966187
  -5.8666666666666659E-003   -0.69860243797302246
  -5.4666666666666613E-003   -0.73515403270721436
  -5.0666666666666638E-003   -0.76994866132736206
  -4.6666666666666662E-003   -0.80281913280487061
  -4.2666666666666617E-003   -0.83360618352890015
  -3.8666666666666571E-003   -0.86215907335281372
  -3.4666666666666596E-003   -0.88833713531494141
  -3.0666666666666620E-003   -0.91201031208038330
  -2.6666666666666644E-003   -0.93306040763854980
  -2.2666666666666668E-003   -0.95138162374496460
  -1.8666666666666692E-003   -0.96688163280487061
  -1.4666666666666578E-003   -0.97948175668716431
  -1.0666666666666602E-003   -0.98911803960800171
  -6.6666666666666263E-004   -0.99574136734008789
  -2.6666666666666505E-004   -0.99931794404983521
   1.3333333333333253E-004   -0.99982947111129761
   5.3333333333334398E-004   -0.99727332592010498
   9.3333333333334156E-004   -0.99166256189346313
   1.3333333333333391E-003   -0.98302590847015381
   1.7333333333333367E-003   -0.97140729427337646
   2.1333333333333343E-003   -0.95686596632003784
   2.5333333333333319E-003   -0.93947553634643555
   2.9333333333333433E-003   -0.91932392120361328
   3.3333333333333409E-003   -0.89651256799697876
   3.7333333333333385E-003   -0.87115561962127686
   4.1333333333333361E-003   -0.84337919950485229
   4.5333333333333337E-003   -0.81332063674926758
   4.9333333333333312E-003   -0.78112733364105225
   5.3333333333333427E-003   -0.74695587158203125
   5.7333333333333403E-003   -0.71097093820571899
   6.1333333333333379E-003   -0.67334413528442383
   6.5333333333333354E-003   -0.63425302505493164
   6.9333333333333330E-003   -0.59387975931167603
   7.3333333333333445E-003   -0.55240994691848755
   7.7333333333333421E-003   -0.51003146171569824
   8.1333333333333396E-003   -0.46693342924118042
   8.5333333333333372E-003   -0.42330476641654968
   8.9333333333333348E-003   -0.37933325767517090
   9.3333333333333324E-003   -0.33520436286926270
   9.7333333333333438E-003   -0.29110017418861389
   1.0133333333333341E-002   -0.24719826877117157
   1.0533333333333339E-002   -0.20367094874382019
   1.0933333333333337E-002   -0.16068413853645325
   1.1333333333333334E-002   -0.11839665472507477
   1.1733333333333332E-002    -7.6959423720836639E-002
   1.2133333333333343E-002    -3.6514759063720703E-002
   1.2533333333333341E-002     2.8042416088283062E-003
   1.2933333333333338E-002     4.0874194353818893E-002
   1.3333333333333336E-002     7.7581904828548431E-002
   1.3733333333333334E-002    0.11282470822334290
   1.4133333333333345E-002    0.14651073515415192
   1.4533333333333343E-002    0.17855913937091827
   1.4933333333333340E-002    0.20890012383460999
   1.5333333333333338E-002    0.23747502267360687
   1.5733333333333335E-002    0.26423627138137817
   1.6133333333333333E-002    0.28914713859558105
   1.6533333333333344E-002    0.31218171119689941
   1.6933333333333342E-002    0.33332443237304688
   1.7333333333333339E-002    0.35256993770599365
   1.7733333333333337E-002    0.36992251873016357
   1.8133333333333335E-002    0.38539579510688782
   1.8533333333333332E-002    0.39901214838027954
   1.8933333333333344E-002    0.41080221533775330
   1.9333333333333341E-002    0.42080438137054443
   1.9733333333333339E-002    0.42906406521797180
   2.0133333333333336E-002    0.43563324213027954
   2.0533333333333334E-002    0.44056978821754456
   2.0933333333333332E-002    0.44393667578697205
   2.1333333333333343E-002    0.44580164551734924
   2.1733333333333341E-002    0.44623625278472900
   2.2133333333333338E-002    0.44531545042991638
   2.2533333333333336E-002    0.44311681389808655
   2.2933333333333333E-002    0.43972006440162659
   2.3333333333333345E-002    0.43520635366439819
   2.3733333333333342E-002    0.42965781688690186
   2.4133333333333340E-002    0.42315688729286194
   2.4533333333333338E-002    0.41578593850135803
   2.4933333333333335E-002    0.40762671828269958
   2.5333333333333333E-002    0.39875984191894531
   2.5733333333333344E-002    0.38926455378532410
   2.6133333333333342E-002    0.37921816110610962
   2.6533333333333339E-002    0.36869579553604126
   2.6933333333333337E-002    0.35777011513710022
   2.7333333333333334E-002    0.34651091694831848
   2.7733333333333332E-002    0.33498510718345642
   2.8133333333333344E-002    0.32325631380081177
   2.8533333333333341E-002    0.31138485670089722
   2.8933333333333339E-002    0.29942753911018372
   2.9333333333333336E-002    0.28743761777877808
   2.9733333333333334E-002    0.27546471357345581
   3.0133333333333345E-002    0.26355472207069397
   3.0533333333333343E-002    0.25174993276596069
   3.0933333333333340E-002    0.24008893966674805
   3.1333333333333338E-002    0.22860676050186157
   3.1733333333333336E-002    0.21733486652374268
   3.2133333333333333E-002    0.20630122721195221
   3.2533333333333345E-002    0.19553053379058838
   3.2933333333333342E-002    0.18504418432712555
   3.3333333333333340E-002    0.17486049234867096
   3.3733333333333337E-002    0.16499480605125427
   3.4133333333333335E-002    0.15545967221260071
   3.4533333333333333E-002    0.14626495540142059
   3.4933333333333344E-002    0.13741804659366608
   3.5333333333333342E-002    0.12892402708530426
   3.5733333333333339E-002    0.12078578770160675
   3.6133333333333337E-002    0.11300423741340637
   3.6533333333333334E-002    0.10557846724987030
   3.6933333333333346E-002     9.8505921661853790E-002
   3.7333333333333343E-002     9.1782525181770325E-002
   3.7733333333333341E-002     8.5402891039848328E-002
   3.8133333333333339E-002     7.9360432922840118E-002
   3.8533333333333336E-002     7.3647521436214447E-002
   3.8933333333333334E-002     6.8255655467510223E-002
   3.9333333333333345E-002     6.3175536692142487E-002
   3.9733333333333343E-002     5.8397255837917328E-002
   4.0133333333333340E-002     5.3910374641418457E-002
   4.0533333333333338E-002     4.9704045057296753E-002
   4.0933333333333335E-002     4.5767117291688919E-002
   4.1333333333333333E-002     4.2088225483894348E-002
   4.1733333333333344E-002     3.8655895739793777E-002
   4.2133333333333342E-002     3.5458587110042572E-002
   4.2533333333333340E-002     3.2484810799360275E-002
   4.2933333333333337E-002     2.9723146930336952E-002
   4.3333333333333335E-002     2.7162341400980949E-002
   4.3733333333333346E-002     2.4791328236460686E-002
   4.4133333333333344E-002     2.2599287331104279E-002
   4.4533333333333341E-002     2.0575677976012230E-002
   4.4933333333333339E-002     1.8710270524024963E-002
   4.5333333333333337E-002     1.6993172466754913E-002
   4.5733333333333334E-002     1.5414845198392868E-002
   4.6133333333333346E-002     1.3966128230094910E-002
   4.6533333333333343E-002     1.2638247571885586E-002
   4.6933333333333341E-002     1.1422819457948208E-002
   4.7333333333333338E-002     1.0311861522495747E-002
   4.7733333333333336E-002     9.2977900058031082E-003
   4.8133333333333334E-002     8.3734197542071342E-003
   4.8533333333333345E-002     7.5319590978324413E-003
   4.8933333333333343E-002     6.7670037969946861E-003
   4.9333333333333340E-002     6.0725309886038303E-003
   4.9733333333333338E-002     5.4428856819868088E-003
   5.0133333333333335E-002     4.8727733083069324E-003
   5.0533333333333347E-002     4.3572457507252693E-003
   5.0933333333333344E-002     3.8916871417313814E-003
   5.1333333333333342E-002     3.4718029201030731E-003
   5.1733333333333339E-002     3.0936035327613354E-003
   5.2133333333333337E-002     2.7533906977623701E-003
   5.2533333333333335E-002     2.4477427359670401E-003
   5.2933333333333346E-002     2.1734992042183876E-003
   5.3333333333333344E-002     1.9277469255030155E-003
   5.3733333333333341E-002     1.7078057862818241E-003
   5.4133333333333339E-002     1.5112133696675301E-003
   5.4533333333333336E-002     1.3357123825699091E-003
   5.4933333333333334E-002     1.1792364530265331E-003
   5.5333333333333345E-002     1.0398975573480129E-003
   5.5733333333333343E-002     9.1597338905557990E-004
   5.6133333333333341E-002     8.0589530989527702E-004
   5.6533333333333338E-002     7.0823717396706343E-004
   5.6933333333333336E-002     6.2170450109988451E-004
   5.7333333333333333E-002     5.4512394126504660E-004
   5.7733333333333345E-002     4.7743393224664032E-004
   5.8133333333333342E-002     4.1767535731196404E-004
   5.8533333333333340E-002     3.6498304689303041E-004
   5.8933333333333351E-002     3.1857786234468222E-004
   5.9333333333333335E-002     2.7775904163718224E-004
   5.9733333333333347E-002     2.4189744726754725E-004
   6.0133333333333330E-002     2.1042894513811916E-004
   6.0533333333333342E-002     1.8284852558281273E-004
   6.0933333333333353E-002     1.5870472998358309E-004
   6.1333333333333337E-002     1.3759460125584155E-004
   6.1733333333333348E-002     1.1915893264813349E-004
   6.2133333333333332E-002     1.0307803313480690E-004
   6.2533333333333344E-002     8.9067769295070320E-005
   6.2933333333333327E-002     7.6875949162058532E-005
   6.3333333333333339E-002     6.6279084421694279E-005
   6.3733333333333350E-002     5.7079359976341948E-005
   6.4133333333333334E-002     4.9101963668363169E-005
   6.4533333333333345E-002     4.2192601540591568E-005
   6.4933333333333329E-002     3.6215293221175671E-005
   6.5333333333333340E-002     3.1050341931404546E-005
   6.5733333333333352E-002     2.6592551876092330E-005
   6.6133333333333336E-002     2.2749578420189209E-005
   6.6533333333333347E-002     1.9440476535237394E-005
   6.6933333333333331E-002     1.6594383851042949E-005
   6.7333333333333342E-002     1.4149349226499908E-005
   6.7733333333333354E-002     1.2051285011693835E-005
   6.8133333333333337E-002     1.0253032087348402E-005
   6.8533333333333349E-002     8.7135213107103482E-006
   6.8933333333333333E-002     7.3970400080725085E-006
   6.9333333333333344E-002     6.2725703173782676E-006
   6.9733333333333328E-002     5.3132075663597789E-006
   7.0133333333333339E-002     4.4956464080314618E-006
   7.0533333333333351E-002     3.7997237996023614E-006
   7.0933333333333334E-002     3.2080176879389910E-006
   7.1333333333333346E-002     2.7054952624894213E-006
   7.1733333333333330E-002     2.2791998617321951E-006
   7.2133333333333341E-002     1.9179797163815238E-006
   7.2533333333333352E-002     1.6122486385938828E-006
   7.2933333333333336E-002     1.3537755876313895E-006
   7.3333333333333348E-002     1.1355033393556369E-006
   7.3733333333333331E-002     9.5138767619573628E-007
   7.4133333333333343E-002     7.9625903026681044E-007
   7.4533333333333354E-002     6.6570100898388773E-007
   7.4933333333333338E-002     5.5594580317119835E-007
   7.5333333333333349E-002     4.6378252704926126E-007
   7.5733333333333333E-002     3.8647843325634312E-007
   7.6133333333333345E-002     3.2171064390240645E-007
   7.6533333333333328E-002     2.6750703341349436E-007
   7.6933333333333340E-002     2.2219529682843131E-007
   7.7333333333333351E-002     1.8435913773373613E-007
   7.7733333333333335E-002     1.5280056686606258E-007
   7.8133333333333346E-002     1.2650740188746568E-007
   7.8533333333333330E-002     1.0462559885127121E-007
   7.8933333333333341E-002     8.6435314017307974E-008
   7.9333333333333353E-002     7.1330624962229194E-008
   7.9733333333333337E-002     5.8802072544494877E-008
   8.0133333333333348E-002     4.8421842535617543E-008
   8.0533333333333332E-002     3.9831096643183628E-008
   8.0933333333333343E-002     3.2729229104688784E-008
   8.1333333333333355E-002     2.6864706015317097E-008
   8.1733333333333338E-002     2.2027309753980262E-008
   8.2133333333333350E-002     1.8041559357584447E-008
   8.2533333333333334E-002     1.4761149635944548E-008
   8.2933333333333345E-002     1.2064242049802942E-008
   8.3333333333333329E-002     9.8494927769365859E-009
   8.3733333333333340E-002     8.0327051676931660E-009
   8.4133333333333352E-002     6.5440142194006512E-009
   8.4533333333333335E-002     5.3255102550053834E-009
   8.4933333333333347E-002     4.3292538443040485E-009
   8.5333333333333330E-002     3.5156035860239854E-009
   8.5733333333333342E-002     2.8518192252136032E-009
   8.6133333333333353E-002     2.3108912561298212E-009
   8.6533333333333337E-002     1.8705643700656083E-009
   8.6933333333333349E-002     1.5125217744937913E-009
   8.7333333333333332E-002     1.2217058475982867E-009
   8.7733333333333344E-002     9.8575247964305390E-010
   8.8133333333333355E-002     7.9452122658807411E-010
   8.8533333333333339E-002     6.3970495567389207E-010
   8.8933333333333350E-002     5.1450627092108903E-010
   8.9333333333333334E-002     4.1336967182559192E-010
   8.9733333333333345E-002     3.3175970304277769E-010
   9.0133333333333329E-002     2.6597815616646869E-010
   9.0533333333333341E-002     2.1301284347519100E-010
   9.0933333333333352E-002     1.7041319744226513E-010
   9.1333333333333336E-002     1.3618788041735996E-010
   9.1733333333333347E-002     1.0872056727118107E-010
   9.2133333333333331E-002     8.6700785439930428E-011
   9.2533333333333342E-002     6.9067328245520088E-011
   9.2933333333333354E-002     5.4961774714756828E-011
   9.3333333333333338E-002     4.3690544238028650E-011
   9.3733333333333349E-002     3.4693879713554310E-011
   9.4133333333333333E-002     2.7520557013827052E-011
   9.4533333333333344E-002     2.1807236572080058E-011
   9.4933333333333356E-002     1.7261686871550275E-011
   9.5333333333333339E-002     1.3649137375892906E-011
   9.5733333333333351E-002     1.0781188441999490E-011
   9.6133333333333335E-002     8.5068289218392934E-012
   9.6533333333333346E-002     6.7051507575410785E-012
   9.6933333333333330E-002     5.2794578604686837E-012
   9.7333333333333341E-002     4.1525047289603378E-012
   9.7733333333333353E-002     3.2626546863506745E-012
   9.8133333333333336E-002     2.5607807974808994E-012
   9.8533333333333348E-002     2.0077706858190325E-012
   9.8933333333333331E-002     1.5725208678610270E-012
   9.9333333333333343E-002     1.2303237855587623E-012
   9.9733333333333354E-002     9.6157522049000743E-013
  0.10013333333333334          7.5073730869054667E-013
  0.10053333333333335          5.8550934283266298E-013
  0.10093333333333333          4.5616386102481643E-013
  0.10133333333333334          3.5501704115543931E-013
  0.10173333333333336          2.7600629572653579E-013
  0.10213333333333334          2.1435335602858208E-013
  0.10253333333333335          1.6629655551908540E-013
  0.10293333333333334          1.2887775699063631E-013
  0.10333333333333335          9.9773359333536066E-014
  0.10373333333333333          7.7160174950796634E-014
  0.10413333333333334          5.9609286365454317E-014
  0.10453333333333335          4.6002010387806783E-014
  0.10493333333333334          3.5463538166193367E-014
  0.10533333333333335          2.7310503847560036E-014
  0.10573333333333333          2.1009703579741995E-014
  0.10613333333333334          1.6145545729366606E-014
  0.10653333333333335          1.2394478957175777E-014
  0.10693333333333334          9.5048802677263552E-015
  0.10733333333333335          7.2812841029452034E-015
  0.10773333333333333          5.5720156610992826E-015
  0.10813333333333335          4.2595114277909057E-015
  0.10853333333333333          3.2527483954751784E-015
  0.10893333333333334          2.4813296559057958E-015
  0.10933333333333335          1.8908710351878220E-015
  0.10973333333333334          1.4394043801254112E-015
  0.11013333333333335          1.0945794907596721E-015
  0.11053333333333333          8.3148708687554615E-016
  0.11093333333333334          6.3096823611820678E-016
  0.11133333333333335          4.7830325286982796E-016
  0.11173333333333334          3.6219554988045470E-016
  0.11213333333333335          2.7398508876713863E-016
  0.11253333333333333          2.0704028976714823E-016
  0.11293333333333334          1.5628849755250411E-016
  0.11333333333333336          1.1785375553101959E-016
  0.11373333333333334          8.8777774664629435E-017
  0.11413333333333335          6.6805084885807742E-017
  0.11453333333333333          5.0217986095584051E-017
  0.11493333333333335          3.7709754610528741E-017
  0.11533333333333333          2.8287383266329056E-017
  0.11573333333333334          2.1197110347240948E-017
  0.11613333333333335          1.5867385482853553E-017
  0.11653333333333334          1.1865308662670919E-017
  0.11693333333333335          8.8633453154434858E-018
  0.11733333333333333          6.6139575069616978E-018
  0.11773333333333334          4.9302648709248184E-018
  0.11813333333333335          3.6713377512400442E-018
  0.11853333333333334          2.7310128929601757E-018
  0.11893333333333335          2.0294038808618324E-018
  0.11933333333333333          1.5064638131234117E-018
  0.11973333333333334          1.1171060730843685E-018
  0.12013333333333336          8.2751463842413424E-019
  0.12053333333333334          6.1235405265476370E-019
  0.12093333333333335          4.5266326818501008E-019
  0.12133333333333333          3.3426712350209941E-019
  0.12173333333333335          2.4658005906021989E-019
  0.12213333333333333          1.8170552438860476E-019
  0.12253333333333334          1.3375939604925219E-019
  0.12293333333333335          9.8361810859830732E-020
  0.12333333333333334          7.2256152286370567E-020
  0.12373333333333335          5.3023611739621669E-020
  0.12413333333333333          3.8869598262430369E-020
  0.12453333333333334          2.8464073284471022E-020
  0.12493333333333335          2.0822383299662951E-020
  0.12533333333333335          1.5216341181495267E-020
  0.12573333333333336          1.1108016191105675E-020
  0.12613333333333332          8.1004537229353564E-021
  0.12653333333333333          5.9010426742615107E-021
  0.12693333333333334          4.2943239020435986E-021
  0.12733333333333335          3.1218182039179481E-021
  0.12773333333333337          2.2670815313640725E-021
  0.12813333333333332          1.6446502337668143E-021
  0.12853333333333333          1.1918642690091272E-021
  0.12893333333333334          8.6283349039796615E-022
  0.12933333333333336          6.2398508852327941E-022
  0.12973333333333337          4.5078399986330448E-022
  0.13013333333333332          3.2531929533717932E-022
  0.13053333333333333          2.3452996270934070E-022
  0.13093333333333335          1.6890172099587352E-022
  0.13133333333333336          1.2151141329658782E-022
  0.13173333333333337          8.7326763368446688E-023
  0.13213333333333332          6.2693862161775033E-023
  0.13253333333333334          4.4962465201166823E-023
  0.13293333333333335          3.2212371447343763E-023
  0.13333333333333336          2.3053813089141789E-023
  0.13373333333333337          1.6482017991580897E-023
  0.13413333333333333          1.1771333518331814E-023
  0.13453333333333334          8.3982463291409110E-024
  0.13493333333333335          5.9854833016557849E-024
  0.13533333333333336          4.2614522479833255E-024
  0.13573333333333332          3.0308458019175567E-024
  0.13613333333333333          2.1533664319715058E-024
  0.13653333333333334          1.5283397094208672E-024
  0.13693333333333335          1.0836020191626069E-024
  0.13733333333333336          7.6748119696771194E-025
  0.13773333333333332          5.4301733448954111E-025
  0.13813333333333333          3.8380245010920596E-025
  0.13853333333333334          2.7098792043971153E-025
  0.13893333333333335          1.9113501924850378E-025
  0.13933333333333336          1.3467247252063288E-025
  0.13973333333333332          9.4790685010811322E-026
  0.14013333333333333          6.6650099836097177E-026
  0.14053333333333334          4.6814916523973924E-026
  0.14093333333333335          3.2848544034928076E-026
  0.14133333333333337          2.3024829908075661E-026
  0.14173333333333332          1.6122233816889632E-026
  0.14213333333333333          1.1277231174436950E-026
  0.14253333333333335          7.8800378935856171E-027
  0.14293333333333336          5.5005071509064663E-027
  0.14333333333333337          3.8355337806359011E-027
  0.14373333333333332          2.6717605672327814E-027
  0.14413333333333334          1.8591652717491191E-027
  0.14453333333333335          1.2923710224637553E-027
  0.14493333333333336          8.9743953917821710E-028
  0.14533333333333337          6.2254683968746318E-028
  0.14573333333333333          4.3140753717076308E-028
  0.14613333333333334          2.9864297867544566E-028
  0.14653333333333335          2.0652177720489387E-028
  0.14693333333333336          1.4266858101195587E-028
  0.14733333333333337          9.8455482742613113E-029
  0.14773333333333333          6.7873538840659899E-029
  0.14813333333333334          4.6742307713216062E-029
  0.14853333333333335          3.2156512002111303E-029
  0.14893333333333336          2.2099218563820553E-029
  0.14933333333333332          1.5171693692842737E-029
  0.14973333333333333          1.0404960656755489E-029
  0.15013333333333334          7.1284663203356273E-030
  0.15053333333333335          4.8786656770426039E-030
  0.15093333333333336          3.3354567568989149E-030
  0.15133333333333332          2.2780275540404489E-030
  0.15173333333333333          1.5542183181148463E-030
  0.15213333333333334          1.0592891170401111E-030
  0.15253333333333335          7.2121788213910183E-031
  0.15293333333333337          4.9053266412356379E-031
  0.15333333333333332          3.3328741958101583E-031
  0.15373333333333333          2.2621399015331531E-031
  0.15413333333333334          1.5338031315659234E-031
  0.15453333333333336          1.0388895645660541E-031
  0.15493333333333337          7.0294091981432464E-032
  0.15533333333333332          4.7513599209671943E-032
  0.15573333333333333          3.2082394097536307E-032
  0.15613333333333335          2.1640404310785001E-032
  0.15653333333333336          1.4581888403147456E-032
  0.15693333333333337          9.8154895013294288E-033
  0.15733333333333333          6.6002442921816911E-033
  0.15773333333333334          4.4336142470483296E-033
  0.15813333333333335          2.9751284474732075E-033
  0.15853333333333336          1.9943596949814245E-033
  0.15893333333333337          1.3355223864878913E-033
  0.15933333333333333          8.9340601233867064E-034
  0.15973333333333334          5.9703059612901469E-034
  0.16013333333333335          3.9856058911366046E-034
  0.16053333333333336          2.6579217560812940E-034
  0.16093333333333337          1.7706802014222286E-034
  0.16133333333333333          1.1783877429231152E-034
  0.16173333333333334          7.8340516805470328E-035
  0.16213333333333335          5.2027730090223547E-035
  0.16253333333333336          3.4517034168468887E-035
  0.16293333333333332          2.2876118778022433E-035
  0.16333333333333333          1.5145425365527890E-035
  0.16373333333333334          1.0016844101457135E-035
  0.16413333333333335          6.6180597413275868E-036
  0.16453333333333336          4.3679810308051145E-036
  0.16493333333333332          2.8799252862739177E-036
  0.16533333333333333          1.8968460301849995E-036
  0.16573333333333334          1.2480539888789843E-036
  0.16613333333333336          8.2032343929051143E-037
  0.16653333333333337          5.3862599178037533E-037
  0.16693333333333332          3.5329705038373007E-037
  0.16733333333333333          2.3149587397376096E-037
  0.16773333333333335          1.5152943186053952E-037
  0.16813333333333336          9.9083505072538608E-038
  0.16853333333333337          6.4722652187205922E-038
  0.16893333333333332          4.2233967031830740E-038
  0.16933333333333334          2.7530750409203951E-038
  0.16973333333333335          1.7927715091616874E-038
  0.17013333333333336          0.0000000000000000
  0.17053333333333337          0.0000000000000000
  0.17093333333333333          0.0000000000000000
  0.17133333333333334          0.0000000000000000
  0.17173333333333335          0.0000000000000000
  0.17213333333333336          0.0000000000000000
  0.17253333333333337          0.0000000000000000
  0.17293333333333333          0.0000000000000000
  0.17333333333333334          0.0000000000000000
  0.17373333333333335          0.0000000000000000
  0.17413333333333336          0.0000000000000000
  0.17453333333333332          0.0000000000000000
  0.17493333333333333          0.0000000000000000
  0.17533333333333334          0.0000000000000000
  0.17573333333333335          0.0000000000000000
  0.17613333333333336          0.0000000000000000
  0.17653333333333332          0.0000000000000000
  0.17693333333333333          0.0000000000000000
  0.17733333333333334          0.0000000000000000
  0.17773333333333335          0.0000000000000000
  0.17813333333333337          0.0000000000000000
  0.17853333333333332          0.0000000000000000
  0.17893333333333333          0.0000000000000000
  0.17933333333333334          0.0000000000000000
  0.17973333333333336          0.0000000000000000
  0.18013333333333337          0.0000000000000000
  0.18053333333333332          0.0000000000000000
  0.18093333333333333          0.0000000000000000
  0.18133333333333335          0.0000000000000000
  0.18173333333333336          0.0000000000000000
  0.18213333333333337          0.0000000000000000
  0.18253333333333333          0.0000000000000000
  0.18293333333333334          0.0000000000000000
  0.18333333333333335          0.0000000000000000
  0.18373333333333336          0.0000000000000000
  0.18413333333333337          0.0000000000000000
  0.18453333333333338          0.0000000000000000
  0.18493333333333334          0.0000000000000000
  0.18533333333333335          0.0000000000000000
  0.18573333333333336          0.0000000000000000
  0.18613333333333337          0.0000000000000000
  0.18653333333333338          0.0000000000000000
  0.18693333333333334          0.0000000000000000
  0.18733333333333335          0.0000000000000000
  0.18773333333333336          0.0000000000000000
  0.18813333333333337          0.0000000000000000
  0.18853333333333339          0.0000000000000000
  0.18893333333333334          0.0000000000000000
  0.18933333333333335          0.0000000000000000
  0.18973333333333336          0.0000000000000000
  0.19013333333333338          0.0000000000000000
  0.19053333333333339          0.0000000000000000
  0.19093333333333334          0.0000000000000000
  0.19133333333333336          0.0000000000000000
  0.19173333333333337          0.0000000000000000
  0.19213333333333338          0.0000000000000000
  0.19253333333333333          0.0000000000000000
  0.19293333333333335          0.0000000000000000
  0.19333333333333336          0.0000000000000000
  0.19373333333333337          0.0000000000000000
  0.19413333333333338          0.0000000000000000
  0.19453333333333334          0.0000000000000000
  0.19493333333333335          0.0000000000000000
  0.19533333333333336          0.0000000000000000
  0.19573333333333337          0.0000000000000000
  0.19613333333333338          0.0000000000000000
  0.19653333333333334          0.0000000000000000
  0.19693333333333335          0.0000000000000000
  0.19733333333333336          0.0000000000000000
  0.19773333333333337          0.0000000000000000
  0.19813333333333338          0.0000000000000000
  0.19853333333333334          0.0000000000000000
  0.19893333333333335          0.0000000000000000
  0.19933333333333336          0.0000000000000000
  0.19973333333333337          0.0000000000000000
  0.20013333333333339          0.0000000000000000
  0.20053333333333334          0.0000000000000000
  0.20093333333333335          0.0000000000000000
  0.20133333333333336          0.0000000000000000
  0.20173333333333338          0.0000000000000000
  0.20213333333333339          0.0000000000000000
  0.20253333333333334          0.0000000000000000
  0.20293333333333335          0.0000000000000000
  0.20333333333333337          0.0000000000000000
  0.20373333333333338          0.0000000000000000
  0.20413333333333339          0.0000000000000000
  0.20453333333333334          0.0000000000000000
  0.20493333333333336          0.0000000000000000
  0.20533333333333337          0.0000000000000000
  0.20573333333333338          0.0000000000000000
  0.20613333333333334          0.0000000000000000
  0.20653333333333335          0.0000000000000000
  0.20693333333333336          0.0000000000000000
  0.20733333333333337          0.0000000000000000
  0.20773333333333338          0.0000000000000000
  0.20813333333333334          0.0000000000000000
  0.20853333333333335          0.0000000000000000
  0.20893333333333336          0.0000000000000000
  0.20933333333333337          0.0000000000000000
  0.20973333333333338          0.0000000000000000
  0.21013333333333334          0.0000000000000000
  0.21053333333333335          0.0000000000000000
  0.21093333333333336          0.0000000000000000
  0.21133333333333337          0.0000000000000000
  0.21173333333333338          0.0000000000000000
  0.21213333333333334          0.0000000000000000
  0.21253333333333335          0.0000000000000000
  0.21293333333333336          0.0000000000000000
  0.21333333333333337          0.0000000000000000
  0.21373333333333339          0.0000000000000000
  0.21413333333333334          0.0000000000000000
  0.21453333333333335          0.0000000000000000
  0.21493333333333337          0.0000000000000000
  0.21533333333333338          0.0000000000000000
  0.21573333333333339          0.0000000000000000
  0.21613333333333334          0.0000000000000000
  0.21653333333333336          0.0000000000000000
  0.21693333333333337          0.0000000000000000
  0.21733333333333338          0.0000000000000000
  0.21773333333333333          0.0000000000000000
  0.21813333333333335          0.0000000000000000
  0.21853333333333336          0.0000000000000000
  0.21893333333333337          0.0000000000000000
  0.21933333333333338          0.0000000000000000
  0.21973333333333334          0.0000000000000000
  0.22013333333333335          0.0000000000000000
  0.22053333333333336          0.0000000000000000
  0.22093333333333337          0.0000000000000000
  0.22133333333333338          0.0000000000000000
  0.22173333333333334          0.0000000000000000
  0.22213333333333335          0.0000000000000000
  0.22253333333333336          0.0000000000000000
  0.22293333333333337          0.0000000000000000
  0.22333333333333338          0.0000000000000000
  0.22373333333333334          0.0000000000000000
  0.22413333333333335          0.0000000000000000
  0.22453333333333336          0.0000000000000000
  0.22493333333333337          0.0000000000000000
  0.22533333333333339          0.0000000000000000
  0.22573333333333334          0.0000000000000000
  0.22613333333333335          0.0000000000000000
  0.22653333333333336          0.0000000000000000
  0.22693333333333338          0.0000000000000000
  0.22733333333333339          0.0000000000000000
  0.22773333333333334          0.0000000000000000
  0.22813333333333335          0.0000000000000000
  0.22853333333333337          0.0000000000000000
  0.22893333333333338          0.0000000000000000
  0.22933333333333339          0.0000000000000000
  0.22973333333333334          0.0000000000000000
  0.23013333333333336          0.0000000000000000
  0.23053333333333337          0.0000000000000000
  0.23093333333333338          0.0000000000000000
  0.23133333333333334          0.0000000000000000
  0.23173333333333335          0.0000000000000000
  0.23213333333333336          0.0000000000000000
  0.23253333333333337          0.0000000000000000
  0.23293333333333338          0.0000000000000000
  0.23333333333333334          0.0000000000000000
  0.23373333333333335          0.0000000000000000
  0.23413333333333336          0.0000000000000000
  0.23453333333333337          0.0000000000000000
  0.23493333333333338          0.0000000000000000
  0.23533333333333334          0.0000000000000000
  0.23573333333333335          0.0000000000000000
  0.23613333333333336          0.0000000000000000
  0.23653333333333337          0.0000000000000000
  0.23693333333333338          0.0000000000000000
  0.23733333333333334          0.0000000000000000
  0.23773333333333335          0.0000000000000000
  0.23813333333333336          0.0000000000000000
  0.23853333333333337          0.0000000000000000
  0.23893333333333339          0.0000000000000000
  0.23933333333333334          0.0000000000000000
  0.23973333333333335          0.0000000000000000
  0.24013333333333337          0.0000000000000000
  0.24053333333333338          0.0000000000000000
  0.24093333333333339          0.0000000000000000
  0.24133333333333334          0.0000000000000000
  0.24173333333333336          0.0000000000000000
  0.24213333333333337          0.0000000000000000
  0.24253333333333338          0.0000000000000000
  0.24293333333333339          0.0000000000000000
  0.24333333333333335          0.0000000000000000
  0.24373333333333336          0.0000000000000000
  0.24413333333333337          0.0000000000000000
  0.24453333333333338          0.0000000000000000
  0.24493333333333334          0.0000000000000000
  0.24533333333333335          0.0000000000000000
  0.24573333333333336          0.0000000000000000
  0.24613333333333337          0.0000000000000000
  0.24653333333333338          0.0000000000000000
  0.24693333333333334          0.0000000000000000
  0.24733333333333335          0.0000000000000000
  0.24773333333333336          0.0000000000000000
  0.24813333333333337          0.0000000000000000
  0.24853333333333338          0.0000000000000000
  0.24893333333333334          0.0000000000000000
  0.24933333333333335          0.0000000000000000
  0.24973333333333336          0.0000000000000000
  0.25013333333333337          0.0000000000000000
  0.25053333333333339          0.0000000000000000
  0.25093333333333334          0.0000000000000000
  0.25133333333333335          0.0000000000000000
  0.25173333333333336          0.0000000000000000
  0.25213333333333338          0.0000000000000000
  0.25253333333333339          0.0000000000000000
  0.25293333333333334          0.0000000000000000
  0.25333333333333335          0.0000000000000000
  0.25373333333333337          0.0000000000000000
  0.25413333333333338          0.0000000000000000
  0.25453333333333339          0.0000000000000000
  0.25493333333333335          0.0000000000000000
  0.25533333333333336          0.0000000000000000
  0.25573333333333337          0.0000000000000000
  0.25613333333333338          0.0000000000000000
  0.25653333333333339          0.0000000000000000
  0.25693333333333335          0.0000000000000000
  0.25733333333333336          0.0000000000000000
  0.25773333333333337          0.0000000000000000
  0.25813333333333338          0.0000000000000000
  0.25853333333333334          0.0000000000000000
  0.25893333333333335          0.0000000000000000
  0.25933333333333336          0.0000000000000000
  0.25973333333333337          0.0000000000000000
  0.26013333333333338          0.0000000000000000
  0.26053333333333334          0.0000000000000000
  0.26093333333333335          0.0000000000000000
  0.26133333333333336          0.0000000000000000
  0.26173333333333337          0.0000000000000000
  0.26213333333333338          0.0000000000000000
  0.26253333333333334          0.0000000000000000
  0.26293333333333335          0.0000000000000000
  0.26333333333333336          0.0000000000000000
  0.26373333333333338          0.0000000000000000
  0.26413333333333339          0.0000000000000000
  0.26453333333333334          0.0000000000000000
  0.26493333333333335          0.0000000000000000
  0.26533333333333337          0.0000000000000000
  0.26573333333333338          0.0000000000000000
  0.26613333333333339          0.0000000000000000
  0.26653333333333334          0.0000000000000000
  0.26693333333333336          0.0000000000000000
  0.26733333333333337          0.0000000000000000
  0.26773333333333338          0.0000000000000000
  0.26813333333333339          0.0000000000000000
  0.26853333333333335          0.0000000000000000
  0.26893333333333336          0.0000000000000000
  0.26933333333333337          0.0000000000000000
  0.26973333333333338          0.0000000000000000
  0.27013333333333339          0.0000000000000000
  0.27053333333333335          0.0000000000000000
  0.27093333333333336          0.0000000000000000
  0.27133333333333337          0.0000000000000000
  0.27173333333333338          0.0000000000000000
  0.27213333333333334          0.0000000000000000
  0.27253333333333335          0.0000000000000000
  0.27293333333333336          0.0000000000000000
  0.27333333333333337          0.0000000000000000
  0.27373333333333338          0.0000000000000000
  0.27413333333333334          0.0000000000000000
  0.27453333333333335          0.0000000000000000
  0.27493333333333336          0.0000000000000000
  0.27533333333333337          0.0000000000000000
  0.27573333333333339          0.0000000000000000
  0.27613333333333334          0.0000000000000000
  0.27653333333333335          0.0000000000000000
  0.27693333333333336          0.0000000000000000
  0.27733333333333338          0.0000000000000000
  0.27773333333333339          0.0000000000000000
  0.27813333333333334          0.0000000000000000
  0.27853333333333335          0.0000000000000000
  0.27893333333333337          0.0000000000000000
  0.27933333333333338          0.0000000000000000
  0.27973333333333339          0.0000000000000000
  0.28013333333333335          0.0000000000000000
  0.28053333333333336          0.0000000000000000
  0.28093333333333337          0.0000000000000000
  0.28133333333333338          0.0000000000000000
  0.28173333333333339          0.0000000000000000
  0.28213333333333335          0.0000000000000000
  0.28253333333333336          0.0000000000000000
  0.28293333333333337          0.0000000000000000
  0.28333333333333338          0.0000000000000000
  0.28373333333333334          0.0000000000000000
  0.28413333333333335          0.0000000000000000
  0.28453333333333336          0.0000000000000000
  0.28493333333333337          0.0000000000000000
  0.28533333333333338          0.0000000000000000
  0.28573333333333334          0.0000000000000000
  0.28613333333333335          0.0000000000000000
  0.28653333333333336          0.0000000000000000
  0.28693333333333337          0.0000000000000000
  0.28733333333333338          0.0000000000000000
  0.28773333333333334          0.0000000000000000
  0.28813333333333335          0.0000000000000000
  0.28853333333333336          0.0000000000000000
  0.28893333333333338          0.0000000000000000
  0.28933333333333339          0.0000000000000000
  0.28973333333333334          0.0000000000000000
  0.29013333333333335          0.0000000000000000
  0.29053333333333337          0.0000000000000000
  0.29093333333333338          0.0000000000000000
  0.29133333333333339          0.0000000000000000
  0.29173333333333334          0.0000000000000000
  0.29213333333333336          0.0000000000000000
  0.29253333333333337          0.0000000000000000
  0.29293333333333338          0.0000000000000000
  0.29333333333333339          0.0000000000000000
  0.29373333333333335          0.0000000000000000
  0.29413333333333336          0.0000000000000000
  0.29453333333333337          0.0000000000000000
  0.29493333333333338          0.0000000000000000
  0.29533333333333339          0.0000000000000000
  0.29573333333333335          0.0000000000000000
  0.29613333333333336          0.0000000000000000
  0.29653333333333337          0.0000000000000000
  0.29693333333333338          0.0000000000000000
  0.29733333333333334          0.0000000000000000
  0.29773333333333335          0.0000000000000000
  0.29813333333333336          0.0000000000000000
  0.29853333333333337          0.0000000000000000
  0.29893333333333338          0.0000000000000000
  0.29933333333333334          0.0000000000000000
  0.29973333333333335          0.0000000000000000
  0.30013333333333336          0.0000000000000000
  0.30053333333333337          0.0000000000000000
  0.30093333333333339          0.0000000000000000
  0.30133333333333334          0.0000000000000000
  0.30173333333333335          0.0000000000000000
  0.30213333333333336          0.0000000000000000
  0.30253333333333338          0.0000000000000000
  0.30293333333333339          0.0000000000000000
  0.30333333333333334          0.0000000000000000
  0.30373333333333336          0.0000000000000000
  0.30413333333333337          0.0000000000000000
  0.30453333333333338          0.0000000000000000
  0.30493333333333339          0.0000000000000000
  0.30533333333333335          0.0000000000000000
  0.30573333333333336          0.0000000000000000
  0.30613333333333337          0.0000000000000000
  0.30653333333333338          0.0000000000000000
  0.30693333333333339          0.0000000000000000
  0.30733333333333335          0.0000000000000000
  0.30773333333333336          0.0000000000000000
  0.30813333333333337          0.0000000000000000
  0.30853333333333338          0.0000000000000000
  0.30893333333333339          0.0000000000000000
  0.30933333333333335          0.0000000000000000
  0.30973333333333336          0.0000000000000000
  0.31013333333333337          0.0000000000000000
  0.31053333333333338          0.0000000000000000
  0.31093333333333334          0.0000000000000000
  0.31133333333333335          0.0000000000000000
  0.31173333333333336          0.0000000000000000
  0.31213333333333337          0.0000000000000000
  0.31253333333333339          0.0000000000000000
  0.31293333333333334          0.0000000000000000
  0.31333333333333335          0.0000000000000000
  0.31373333333333336          0.0000000000000000
  0.31413333333333338          0.0000000000000000
  0.31453333333333339          0.0000000000000000
  0.31493333333333334          0.0000000000000000
  0.31533333333333335          0.0000000000000000
  0.31573333333333337          0.0000000000000000
  0.31613333333333338          0.0000000000000000
  0.31653333333333339          0.0000000000000000
  0.31693333333333334          0.0000000000000000
  0.31733333333333336          0.0000000000000000
  0.31773333333333337          0.0000000000000000
  0.31813333333333338          0.0000000000000000
  0.31853333333333339          0.0000000000000000
  0.31893333333333335          0.0000000000000000
  0.31933333333333336          0.0000000000000000
  0.31973333333333337          0.0000000000000000
  0.32013333333333338          0.0000000000000000
  0.32053333333333339          0.0000000000000000
  0.32093333333333335          0.0000000000000000
  0.32133333333333336          0.0000000000000000
  0.32173333333333337          0.0000000000000000
  0.32213333333333338          0.0000000000000000
  0.32253333333333339          0.0000000000000000
  0.32293333333333335          0.0000000000000000
  0.32333333333333336          0.0000000000000000
  0.32373333333333337          0.0000000000000000
  0.32413333333333338          0.0000000000000000
  0.32453333333333334          0.0000000000000000
  0.32493333333333335          0.0000000000000000
  0.32533333333333336          0.0000000000000000
  0.32573333333333337          0.0000000000000000
  0.32613333333333339          0.0000000000000000
  0.32653333333333334          0.0000000000000000
  0.32693333333333335          0.0000000000000000
  0.32733333333333337          0.0000000000000000
  0.32773333333333338          0.0000000000000000
  0.32813333333333339          0.0000000000000000
  0.32853333333333334          0.0000000000000000
  0.32893333333333336          0.0000000000000000
  0.32933333333333337          0.0000000000000000
  0.32973333333333338          0.0000000000000000
  0.33013333333333339          0.0000000000000000
  0.33053333333333335          0.0000000000000000
  0.33093333333333336          0.0000000000000000
  0.33133333333333337          0.0000000000000000
  0.33173333333333338          0.0000000000000000
  0.33213333333333339          0.0000000000000000
  0.33253333333333335          0.0000000000000000
  0.33293333333333336          0.0000000000000000
  0.33333333333333337          0.0000000000000000
  0.33373333333333338          0.0000000000000000
  0.33413333333333339          0.0000000000000000
  0.33453333333333335          0.0000000000000000
  0.33493333333333336          0.0000000000000000
  0.33533333333333337          0.0000000000000000
  0.33573333333333338          0.0000000000000000
  0.33613333333333340          0.0000000000000000
  0.33653333333333335          0.0000000000000000
  0.33693333333333336          0.0000000000000000
  0.33733333333333337          0.0000000000000000
  0.33773333333333339          0.0000000000000000
  0.33813333333333334          0.0000000000000000
  0.33853333333333335          0.0000000000000000
  0.33893333333333336          0.0000000000000000
  0.33933333333333338          0.0000000000000000
  0.33973333333333339          0.0000000000000000
  0.34013333333333334          0.0000000000000000
  0.34053333333333335          0.0000000000000000
  0.34093333333333337          0.0000000000000000
  0.34133333333333338          0.0000000000000000
  0.34173333333333339          0.0000000000000000
  0.34213333333333334          0.0000000000000000
  0.34253333333333336          0.0000000000000000
  0.34293333333333337          0.0000000000000000
  0.34333333333333338          0.0000000000000000
  0.34373333333333339          0.0000000000000000
  0.34413333333333335          0.0000000000000000
  0.34453333333333336          0.0000000000000000
  0.34493333333333337          0.0000000000000000
  0.34533333333333338          0.0000000000000000
  0.34573333333333339          0.0000000000000000
  0.34613333333333335          0.0000000000000000
  0.34653333333333336          0.0000000000000000
  0.34693333333333337          0.0000000000000000
  0.34733333333333338          0.0000000000000000
  0.34773333333333339          0.0000000000000000
  0.34813333333333335          0.0000000000000000
  0.34853333333333336          0.0000000000000000
  0.34893333333333337          0.0000000000000000
  0.34933333333333338          0.0000000000000000
  0.34973333333333334          0.0000000000000000
  0.35013333333333335          0.0000000000000000
  0.35053333333333336          0.0000000000000000
  0.35093333333333337          0.0000000000000000
  0.35133333333333339          0.0000000000000000
  0.35173333333333334          0.0000000000000000
  0.35213333333333335          0.0000000000000000
  0.35253333333333337          0.0000000000000000
  0.35293333333333338          0.0000000000000000
  0.35333333333333339          0.0000000000000000
  0.35373333333333334          0.0000000000000000
  0.35413333333333336          0.0000000000000000
  0.35453333333333337          0.0000000000000000
  0.35493333333333338          0.0000000000000000
  0.35533333333333339          0.0000000000000000
  0.35573333333333335          0.0000000000000000
  0.35613333333333336          0.0000000000000000
  0.35653333333333337          0.0000000000000000
  0.35693333333333338          0.0000000000000000
  0.35733333333333339          0.0000000000000000
  0.35773333333333335          0.0000000000000000
  0.35813333333333336          0.0000000000000000
  0.35853333333333337          0.0000000000000000
  0.35893333333333338          0.0000000000000000
  0.35933333333333339          0.0000000000000000
  0.35973333333333335          0.0000000000000000
  0.36013333333333336          0.0000000000000000
  0.36053333333333337          0.0000000000000000
  0.36093333333333338          0.0000000000000000
  0.36133333333333340          0.0000000000000000
  0.36173333333333335          0.0000000000000000
  0.36213333333333336          0.0000000000000000
  0.36253333333333337          0.0000000000000000
  0.36293333333333339          0.0000000000000000
  0.36333333333333334          0.0000000000000000
  0.36373333333333335          0.0000000000000000
  0.36413333333333336          0.0000000000000000
  0.36453333333333338          0.0000000000000000
  0.36493333333333339          0.0000000000000000
  0.36533333333333334          0.0000000000000000
  0.36573333333333335          0.0000000000000000
  0.36613333333333337          0.0000000000000000
  0.36653333333333338          0.0000000000000000
  0.36693333333333339          0.0000000000000000
  0.36733333333333335          0.0000000000000000
  0.36773333333333336          0.0000000000000000
  0.36813333333333337          0.0000000000000000
  0.36853333333333338          0.0000000000000000
  0.36893333333333339          0.0000000000000000
  0.36933333333333335          0.0000000000000000
  0.36973333333333336          0.0000000000000000
  0.37013333333333337          0.0000000000000000
  0.37053333333333338          0.0000000000000000
  0.37093333333333339          0.0000000000000000
  0.37133333333333335          0.0000000000000000
  0.37173333333333336          0.0000000000000000
  0.37213333333333337          0.0000000000000000
  0.37253333333333338          0.0000000000000000
  0.37293333333333339          0.0000000000000000
  0.37333333333333335          0.0000000000000000
  0.37373333333333336          0.0000000000000000
  0.37413333333333337          0.0000000000000000
  0.37453333333333338          0.0000000000000000
  0.37493333333333340          0.0000000000000000
  0.37533333333333335          0.0000000000000000
  0.37573333333333336          0.0000000000000000
  0.37613333333333338          0.0000000000000000
  0.37653333333333339          0.0000000000000000
  0.37693333333333334          0.0000000000000000
  0.37733333333333335          0.0000000000000000
  0.37773333333333337          0.0000000000000000
  0.37813333333333338          0.0000000000000000
  0.37853333333333339          0.0000000000000000
  0.37893333333333334          0.0000000000000000
  0.37933333333333336          0.0000000000000000
  0.37973333333333337          0.0000000000000000
  0.38013333333333338          0.0000000000000000
  0.38053333333333339          0.0000000000000000
  0.38093333333333335          0.0000000000000000
  0.38133333333333336          0.0000000000000000
  0.38173333333333337          0.0000000000000000
  0.38213333333333338          0.0000000000000000
  0.38253333333333339          0.0000000000000000
  0.38293333333333335          0.0000000000000000
  0.38333333333333336          0.0000000000000000
  0.38373333333333337          0.0000000000000000
  0.38413333333333338          0.0000000000000000
  0.38453333333333339          0.0000000000000000
  0.38493333333333335          0.0000000000000000
  0.38533333333333336          0.0000000000000000
  0.38573333333333337          0.0000000000000000
  0.38613333333333338          0.0000000000000000
  0.38653333333333340          0.0000000000000000
  0.38693333333333335          0.0000000000000000
  0.38733333333333336          0.0000000000000000
  0.38773333333333337          0.0000000000000000
  0.38813333333333339          0.0000000000000000
  0.38853333333333340          0.0000000000000000
  0.38893333333333335          0.0000000000000000
  0.38933333333333336          0.0000000000000000
  0.38973333333333338          0.0000000000000000
  0.39013333333333339          0.0000000000000000
  0.39053333333333334          0.0000000000000000
  0.39093333333333335          0.0000000000000000
  0.39133333333333337          0.0000000000000000
  0.39173333333333338          0.0000000000000000
  0.39213333333333339          0.0000000000000000
  0.39253333333333335          0.0000000000000000
  0.39293333333333336          0.0000000000000000
  0.39333333333333337          0.0000000000000000
  0.39373333333333338          0.0000000000000000
  0.39413333333333339          0.0000000000000000
  0.39453333333333335          0.0000000000000000
  0.39493333333333336          0.0000000000000000
  0.39533333333333337          0.0000000000000000
  0.39573333333333338          0.0000000000000000
  0.39613333333333339          0.0000000000000000
  0.39653333333333335          0.0000000000000000
  0.39693333333333336          0.0000000000000000
  0.39733333333333337          0.0000000000000000
  0.39773333333333338          0.0000000000000000
  0.39813333333333339          0.0000000000000000
  0.39853333333333335          0.0000000000000000
  0.39893333333333336          0.0000000000000000
  0.39933333333333337          0.0000000000000000
  0.39973333333333338          0.0000000000000000
  0.40013333333333340          0.0000000000000000
  0.40053333333333335          0.0000000000000000
  0.40093333333333336          0.0000000000000000
  0.40133333333333338          0.0000000000000000
  0.40173333333333339          0.0000000000000000
  0.40213333333333340          0.0000000000000000
  0.40253333333333335          0.0000000000000000
  0.40293333333333337          0.0000000000000000
  0.40333333333333338          0.0000000000000000
  0.40373333333333339          0.0000000000000000
  0.40413333333333334          0.0000000000000000
  0.40453333333333336          0.0000000000000000
  0.40493333333333337          0.0000000000000000
  0.40533333333333338          0.0000000000000000
  0.40573333333333339          0.0000000000000000
  0.40613333333333335          0.0000000000000000
  0.40653333333333336          0.0000000000000000
  0.40693333333333337          0.0000000000000000
  0.40733333333333338          0.0000000000000000
  0.40773333333333339          0.0000000000000000
  0.40813333333333335          0.0000000000000000
  0.40853333333333336          0.0000000000000000
  0.40893333333333337          0.0000000000000000
  0.40933333333333338          0.0000000000000000
  0.40973333333333339          0.0000000000000000
  0.41013333333333335          0.0000000000000000
  0.41053333333333336          0.0000000000000000
  0.41093333333333337          0.0000000000000000
  0.41133333333333338          0.0000000000000000
  0.41173333333333340          0.0000000000000000
  0.41213333333333335          0.0000000000000000
  0.41253333333333336          0.0000000000000000
  0.41293333333333337          0.0000000000000000
  0.41333333333333339          0.0000000000000000
  0.41373333333333340          0.0000000000000000
  0.41413333333333335          0.0000000000000000
  0.41453333333333336          0.0000000000000000
  0.41493333333333338          0.0000000000000000
  0.41533333333333339          0.0000000000000000
  0.41573333333333334          0.0000000000000000
  0.41613333333333336          0.0000000000000000
  0.41653333333333337          0.0000000000000000
  0.41693333333333338          0.0000000000000000
  0.41733333333333339          0.0000000000000000
  0.41773333333333335          0.0000000000000000
  0.41813333333333336          0.0000000000000000
  0.41853333333333337          0.0000000000000000
  0.41893333333333338          0.0000000000000000
  0.41933333333333339          0.0000000000000000
  0.41973333333333335          0.0000000000000000
  0.42013333333333336          0.0000000000000000
  0.42053333333333337          0.0000000000000000
  0.42093333333333338          0.0000000000000000
  0.42133333333333339          0.0000000000000000
  0.42173333333333335          0.0000000000000000
  0.42213333333333336          0.0000000000000000
  0.42253333333333337          0.0000000000000000
  0.42293333333333338          0.0000000000000000
  0.42333333333333339          0.0000000000000000
  0.42373333333333335          0.0000000000000000
  0.42413333333333336          0.0000000000000000
  0.42453333333333337          0.0000000000000000
  0.42493333333333339          0.0000000000000000
  0.42533333333333340          0.0000000000000000
  0.42573333333333335          0.0000000000000000
  0.42613333333333336          0.0000000000000000
  0.42653333333333338          0.0000000000000000
  0.42693333333333339          0.0000000000000000
  0.42733333333333340          0.0000000000000000
  0.42773333333333335          0.0000000000000000
  0.42813333333333337          0.0000000000000000
  0.42853333333333338          0.0000000000000000
  0.42893333333333339          0.0000000000000000
  0.42933333333333334          0.0000000000000000
  0.42973333333333336          0.0000000000000000
  0.43013333333333337          0.0000000000000000
  0.43053333333333338          0.0000000000000000
  0.43093333333333339          0.0000000000000000
  0.43133333333333335          0.0000000000000000
  0.43173333333333336          0.0000000000000000
  0.43213333333333337          0.0000000000000000
  0.43253333333333338          0.0000000000000000
  0.43293333333333339          0.0000000000000000
  0.43333333333333335          0.0000000000000000
  0.43373333333333342          0.0000000000000000
  0.43413333333333337          0.0000000000000000
  0.43453333333333333          0.0000000000000000
  0.43493333333333339          0.0000000000000000
  0.43533333333333335          0.0000000000000000
  0.43573333333333342          0.0000000000000000
  0.43613333333333337          0.0000000000000000
  0.43653333333333333          0.0000000000000000
  0.43693333333333340          0.0000000000000000
  0.43733333333333335          0.0000000000000000
  0.43773333333333342          0.0000000000000000
  0.43813333333333337          0.0000000000000000
  0.43853333333333333          0.0000000000000000
  0.43893333333333340          0.0000000000000000
  0.43933333333333335          0.0000000000000000
  0.43973333333333342          0.0000000000000000
  0.44013333333333338          0.0000000000000000
  0.44053333333333333          0.0000000000000000
  0.44093333333333340          0.0000000000000000
  0.44133333333333336          0.0000000000000000
  0.44173333333333342          0.0000000000000000
  0.44213333333333338          0.0000000000000000
  0.44253333333333333          0.0000000000000000
  0.44293333333333340          0.0000000000000000
  0.44333333333333336          0.0000000000000000
  0.44373333333333342          0.0000000000000000
  0.44413333333333338          0.0000000000000000
  0.44453333333333334          0.0000000000000000
  0.44493333333333340          0.0000000000000000
  0.44533333333333336          0.0000000000000000
  0.44573333333333343          0.0000000000000000
  0.44613333333333338          0.0000000000000000
  0.44653333333333334          0.0000000000000000
  0.44693333333333340          0.0000000000000000
  0.44733333333333336          0.0000000000000000
  0.44773333333333343          0.0000000000000000
  0.44813333333333338          0.0000000000000000
  0.44853333333333334          0.0000000000000000
  0.44893333333333341          0.0000000000000000
  0.44933333333333336          0.0000000000000000
  0.44973333333333332          0.0000000000000000
  0.45013333333333339          0.0000000000000000
  0.45053333333333334          0.0000000000000000
  0.45093333333333341          0.0000000000000000
  0.45133333333333336          0.0000000000000000
  0.45173333333333332          0.0000000000000000
  0.45213333333333339          0.0000000000000000
  0.45253333333333334          0.0000000000000000
  0.45293333333333341          0.0000000000000000
  0.45333333333333337          0.0000000000000000
  0.45373333333333332          0.0000000000000000
  0.45413333333333339          0.0000000000000000
  0.45453333333333334          0.0000000000000000
  0.45493333333333341          0.0000000000000000
  0.45533333333333337          0.0000000000000000
  0.45573333333333332          0.0000000000000000
  0.45613333333333339          0.0000000000000000
  0.45653333333333335          0.0000000000000000
  0.45693333333333341          0.0000000000000000
  0.45733333333333337          0.0000000000000000
  0.45773333333333333          0.0000000000000000
  0.45813333333333339          0.0000000000000000
  0.45853333333333335          0.0000000000000000
  0.45893333333333342          0.0000000000000000
  0.45933333333333337          0.0000000000000000
  0.45973333333333333          0.0000000000000000
  0.46013333333333339          0.0000000000000000
  0.46053333333333335          0.0000000000000000
  0.46093333333333342          0.0000000000000000
  0.46133333333333337          0.0000000000000000
  0.46173333333333333          0.0000000000000000
  0.46213333333333340          0.0000000000000000
  0.46253333333333335          0.0000000000000000
  0.46293333333333342          0.0000000000000000
  0.46333333333333337          0.0000000000000000
  0.46373333333333333          0.0000000000000000
  0.46413333333333340          0.0000000000000000
  0.46453333333333335          0.0000000000000000
  0.46493333333333342          0.0000000000000000
  0.46533333333333338          0.0000000000000000
  0.46573333333333333          0.0000000000000000
  0.46613333333333340          0.0000000000000000
  0.46653333333333336          0.0000000000000000
  0.46693333333333342          0.0000000000000000
  0.46733333333333338          0.0000000000000000
  0.46773333333333333          0.0000000000000000
  0.46813333333333340          0.0000000000000000
  0.46853333333333336          0.0000000000000000
  0.46893333333333342          0.0000000000000000
  0.46933333333333338          0.0000000000000000
  0.46973333333333334          0.0000000000000000
  0.47013333333333340          0.0000000000000000
  0.47053333333333336          0.0000000000000000
  0.47093333333333343          0.0000000000000000
  0.47133333333333338          0.0000000000000000
  0.47173333333333334          0.0000000000000000
  0.47213333333333340          0.0000000000000000
  0.47253333333333336          0.0000000000000000
  0.47293333333333343          0.0000000000000000
  0.47333333333333338          0.0000000000000000
  0.47373333333333334          0.0000000000000000
  0.47413333333333341          0.0000000000000000
  0.47453333333333336          0.0000000000000000
  0.47493333333333343          0.0000000000000000
  0.47533333333333339          0.0000000000000000
  0.47573333333333334          0.0000000000000000
  0.47613333333333341          0.0000000000000000
  0.47653333333333336          0.0000000000000000
  0.47693333333333332          0.0000000000000000
  0.47733333333333339          0.0000000000000000
  0.47773333333333334          0.0000000000000000
  0.47813333333333341          0.0000000000000000
  0.47853333333333337          0.0000000000000000
  0.47893333333333332          0.0000000000000000
  0.47933333333333339          0.0000000000000000
  0.47973333333333334          0.0000000000000000
  0.48013333333333341          0.0000000000000000
  0.48053333333333337          0.0000000000000000
  0.48093333333333332          0.0000000000000000
  0.48133333333333339          0.0000000000000000
  0.48173333333333335          0.0000000000000000
  0.48213333333333341          0.0000000000000000
  0.48253333333333337          0.0000000000000000
  0.48293333333333333          0.0000000000000000
  0.48333333333333339          0.0000000000000000
  0.48373333333333335          0.0000000000000000
  0.48413333333333342          0.0000000000000000
  0.48453333333333337          0.0000000000000000
  0.48493333333333333          0.0000000000000000
  0.48533333333333339          0.0000000000000000
  0.48573333333333335          0.0000000000000000
  0.48613333333333342          0.0000000000000000
  0.48653333333333337          0.0000000000000000
  0.48693333333333333          0.0000000000000000
  0.48733333333333340          0.0000000000000000
  0.48773333333333335          0.0000000000000000
  0.48813333333333342          0.0000000000000000
  0.48853333333333337          0.0000000000000000
  0.48893333333333333          0.0000000000000000
  0.48933333333333340          0.0000000000000000
  0.48973333333333335          0.0000000000000000
  0.49013333333333342          0.0000000000000000
  0.49053333333333338          0.0000000000000000
  0.49093333333333333          0.0000000000000000
  0.49133333333333340          0.0000000000000000
  0.49173333333333336          0.0000000000000000
  0.49213333333333342          0.0000000000000000
  0.49253333333333338          0.0000000000000000
  0.49293333333333333          0.0000000000000000
