-4.030060
-4.031510
-4.027550
-4.022690
-4.017840
-4.011910
-3.999230
-3.972270
-3.940420
-3.909460
-3.885800
-3.868120
-3.853440
-3.840630
-3.830040
-3.818850
-3.804520
-3.790030
-3.776320
-3.765340
-3.755920
-3.746830
-3.735490
-3.721820
-3.703930
-3.679520
-3.650700
-3.620200
-3.591410
-3.568040
-3.547570
-3.528300
-3.507120
-3.485880
-3.468120
-3.446460
-3.420720
-3.390030
-3.353750
-3.313270
-3.264390
-3.214030
-3.179940
-3.155080
-3.132110
-3.106450
-3.075090
-3.038830
-2.991240
-2.916530
-2.815720
-2.748110
-2.712470
-2.670830
-2.618150
-2.555080
-2.484160
-2.405320
-2.321900
-2.229520
-2.133560
-2.070170
-2.027820
-1.974430
-1.907660
-1.851900
-1.790190
-1.724810
-1.662320
-1.613210
-1.567500
-1.532530
-1.499660
-1.420860
-1.326870
-1.238010
-1.149630
-1.055670
-0.951941
-0.830088
-0.695442
-0.535123
-0.303787
-0.066964
0.137585
0.292947
0.427345
0.504895
0.548948
0.611893
0.669241
0.731076
0.784069
0.862715
0.908088
0.989800
1.074750
1.125830
1.155250
1.142880
1.068660
0.966157
1.106490
1.229600
1.452710
1.620460
1.795150
1.775980
1.694660
1.678880
1.661540
1.600500
1.536210
1.454460
1.203100
0.999440
0.972028
0.935924
0.995477
1.063760
1.098300
1.056350
0.986176
0.855505
0.689433
0.529934
0.397784
0.317342
0.222705
0.117320
0.028807
-0.040407
-0.118587
-0.326905
-0.574415
-0.741248
-0.887590
-1.010380
-1.087830
-1.108840
-1.160430
-1.209690
-1.264010
-1.319100
-1.348980
-1.404960
-1.485740
-1.575370
-1.662450
-1.738790
-1.798140
-1.850290
-1.905520
-1.951300
-1.995390
-2.063230
-2.151310
-2.217030
-2.278450
-2.333810
-2.384270
-2.421330
-2.443130
-2.465170
-2.567050
-2.690890
-2.770720
-2.838250
-2.898530
-2.956700
-3.026270
-3.102020
-3.173380
-3.233160
-3.285530
-3.338610
-3.390250
-3.433800
-3.482320
-3.537380
-3.588740
-3.628460
-3.662240
-3.688980
-3.709740
-3.732810
-3.750350
-3.772050
-3.797530
-3.827180
-3.859440
-3.890500
-3.918430
-3.944920
-3.968160
-3.987850
-4.002890
-4.012180
-4.014820
-4.016240
-4.021080
-4.025060
-4.027960
-4.030390
-4.031410
-4.032690
-4.034570
-4.035590
-4.036420
-4.037270
-4.037550
-4.016490
-4.008760
-4.007300
-4.006200
