*HEADING
cubit(Tromp2005_boundaries): 05/24/2011: 10:40:32
version: 12.2
**
********************************** P A R T S **********************************
*PART, NAME=Part-Default
**
********************************** N O D E S **********************************
*NODE, NSET=ALLNODES
       1,   2.000000e+05,   0.000000e+00
       2,   2.000000e+05,   0.000000e+00
       3,   2.000000e+05,   0.000000e+00
       4,   2.000000e+05,   0.000000e+00
       5,   2.000000e+05,   0.000000e+00
       6,   2.000000e+05,   0.000000e+00
       7,   2.000000e+05,   0.000000e+00
       8,   2.000000e+05,   0.000000e+00
       9,   2.000000e+05,   0.000000e+00
      10,   2.000000e+05,   0.000000e+00
      11,   2.000000e+05,   0.000000e+00
      12,   2.000000e+05,   0.000000e+00
      13,   2.000000e+05,   0.000000e+00
      14,   2.000000e+05,   0.000000e+00
      15,   2.000000e+05,   0.000000e+00
      16,   2.000000e+05,   0.000000e+00
      17,   2.000000e+05,   0.000000e+00
      18,   2.000000e+05,   0.000000e+00
      19,   2.000000e+05,   0.000000e+00
      20,   2.000000e+05,   0.000000e+00
      21,   2.000000e+05,   0.000000e+00
      22,   2.000000e+05,   0.000000e+00
      23,   2.000000e+05,   0.000000e+00
      24,   2.000000e+05,   0.000000e+00
      25,   2.000000e+05,   0.000000e+00
      26,   2.000000e+05,   0.000000e+00
      27,   2.000000e+05,   0.000000e+00
      28,   2.000000e+05,   0.000000e+00
      29,   2.000000e+05,   0.000000e+00
      30,   2.000000e+05,   0.000000e+00
      31,   2.000000e+05,   0.000000e+00
      32,   2.000000e+05,   0.000000e+00
      33,   2.000000e+05,   0.000000e+00
      34,   0.000000e+00,   0.000000e+00
      35,   2.500000e+03,   0.000000e+00
      36,   5.000000e+03,   0.000000e+00
      37,   7.500000e+03,   0.000000e+00
      38,   1.000000e+04,   0.000000e+00
      39,   1.250000e+04,   0.000000e+00
      40,   1.500000e+04,   0.000000e+00
      41,   1.750000e+04,   0.000000e+00
      42,   2.000000e+04,   0.000000e+00
      43,   2.250000e+04,   0.000000e+00
      44,   2.500000e+04,   0.000000e+00
      45,   2.750000e+04,   0.000000e+00
      46,   3.000000e+04,   0.000000e+00
      47,   3.250000e+04,   0.000000e+00
      48,   3.500000e+04,   0.000000e+00
      49,   3.750000e+04,   0.000000e+00
      50,   4.000000e+04,   0.000000e+00
      51,   4.250000e+04,   0.000000e+00
      52,   4.500000e+04,   0.000000e+00
      53,   4.750000e+04,   0.000000e+00
      54,   5.000000e+04,   0.000000e+00
      55,   5.250000e+04,   0.000000e+00
      56,   5.500000e+04,   0.000000e+00
      57,   5.750000e+04,   0.000000e+00
      58,   6.000000e+04,   0.000000e+00
      59,   6.250000e+04,   0.000000e+00
      60,   6.500000e+04,   0.000000e+00
      61,   6.750000e+04,   0.000000e+00
      62,   7.000000e+04,   0.000000e+00
      63,   7.250000e+04,   0.000000e+00
      64,   7.500000e+04,   0.000000e+00
      65,   7.750000e+04,   0.000000e+00
      66,   8.000000e+04,   0.000000e+00
      67,   8.250000e+04,   0.000000e+00
      68,   8.500000e+04,   0.000000e+00
      69,   8.750000e+04,   0.000000e+00
      70,   9.000000e+04,   0.000000e+00
      71,   9.250000e+04,   0.000000e+00
      72,   9.500000e+04,   0.000000e+00
      73,   9.750000e+04,   0.000000e+00
      74,   1.000000e+05,   0.000000e+00
      75,   1.025000e+05,   0.000000e+00
      76,   1.050000e+05,   0.000000e+00
      77,   1.075000e+05,   0.000000e+00
      78,   1.100000e+05,   0.000000e+00
      79,   1.125000e+05,   0.000000e+00
      80,   1.150000e+05,   0.000000e+00
      81,   1.175000e+05,   0.000000e+00
      82,   1.200000e+05,   0.000000e+00
      83,   1.225000e+05,   0.000000e+00
      84,   1.250000e+05,   0.000000e+00
      85,   1.275000e+05,   0.000000e+00
      86,   1.300000e+05,   0.000000e+00
      87,   1.325000e+05,   0.000000e+00
      88,   1.350000e+05,   0.000000e+00
      89,   1.375000e+05,   0.000000e+00
      90,   1.400000e+05,   0.000000e+00
      91,   1.425000e+05,   0.000000e+00
      92,   1.450000e+05,   0.000000e+00
      93,   1.475000e+05,   0.000000e+00
      94,   1.500000e+05,   0.000000e+00
      95,   1.525000e+05,   0.000000e+00
      96,   1.550000e+05,   0.000000e+00
      97,   1.575000e+05,   0.000000e+00
      98,   1.600000e+05,   0.000000e+00
      99,   1.625000e+05,   0.000000e+00
     100,   1.650000e+05,   0.000000e+00
     101,   1.675000e+05,   0.000000e+00
     102,   1.700000e+05,   0.000000e+00
     103,   1.725000e+05,   0.000000e+00
     104,   1.750000e+05,   0.000000e+00
     105,   1.775000e+05,   0.000000e+00
     106,   1.800000e+05,   0.000000e+00
     107,   1.825000e+05,   0.000000e+00
     108,   1.850000e+05,   0.000000e+00
     109,   1.875000e+05,   0.000000e+00
     110,   1.900000e+05,   0.000000e+00
     111,   1.925000e+05,   0.000000e+00
     112,   1.950000e+05,   0.000000e+00
     113,   1.975000e+05,   0.000000e+00
     114,   0.000000e+00,   0.000000e+00
     115,   0.000000e+00,   0.000000e+00
     116,   0.000000e+00,   0.000000e+00
     117,   0.000000e+00,   0.000000e+00
     118,   0.000000e+00,   0.000000e+00
     119,   0.000000e+00,   0.000000e+00
     120,   0.000000e+00,   0.000000e+00
     121,   0.000000e+00,   0.000000e+00
     122,   0.000000e+00,   0.000000e+00
     123,   0.000000e+00,   0.000000e+00
     124,   0.000000e+00,   0.000000e+00
     125,   0.000000e+00,   0.000000e+00
     126,   0.000000e+00,   0.000000e+00
     127,   0.000000e+00,   0.000000e+00
     128,   0.000000e+00,   0.000000e+00
     129,   0.000000e+00,   0.000000e+00
     130,   0.000000e+00,   0.000000e+00
     131,   0.000000e+00,   0.000000e+00
     132,   0.000000e+00,   0.000000e+00
     133,   0.000000e+00,   0.000000e+00
     134,   0.000000e+00,   0.000000e+00
     135,   0.000000e+00,   0.000000e+00
     136,   0.000000e+00,   0.000000e+00
     137,   0.000000e+00,   0.000000e+00
     138,   0.000000e+00,   0.000000e+00
     139,   0.000000e+00,   0.000000e+00
     140,   0.000000e+00,   0.000000e+00
     141,   0.000000e+00,   0.000000e+00
     142,   0.000000e+00,   0.000000e+00
     143,   0.000000e+00,   0.000000e+00
     144,   0.000000e+00,   0.000000e+00
     145,   0.000000e+00,   0.000000e+00
     146,   1.975000e+05,   0.000000e+00
     147,   1.950000e+05,   0.000000e+00
     148,   1.925000e+05,   0.000000e+00
     149,   1.900000e+05,   0.000000e+00
     150,   1.875000e+05,   0.000000e+00
     151,   1.850000e+05,   0.000000e+00
     152,   1.825000e+05,   0.000000e+00
     153,   1.800000e+05,   0.000000e+00
     154,   1.775000e+05,   0.000000e+00
     155,   1.750000e+05,   0.000000e+00
     156,   1.725000e+05,   0.000000e+00
     157,   1.700000e+05,   0.000000e+00
     158,   1.675000e+05,   0.000000e+00
     159,   1.650000e+05,   0.000000e+00
     160,   1.625000e+05,   0.000000e+00
     161,   1.600000e+05,   0.000000e+00
     162,   1.575000e+05,   0.000000e+00
     163,   1.550000e+05,   0.000000e+00
     164,   1.525000e+05,   0.000000e+00
     165,   1.500000e+05,   0.000000e+00
     166,   1.475000e+05,   0.000000e+00
     167,   1.450000e+05,   0.000000e+00
     168,   1.425000e+05,   0.000000e+00
     169,   1.400000e+05,   0.000000e+00
     170,   1.375000e+05,   0.000000e+00
     171,   1.350000e+05,   0.000000e+00
     172,   1.325000e+05,   0.000000e+00
     173,   1.300000e+05,   0.000000e+00
     174,   1.275000e+05,   0.000000e+00
     175,   1.250000e+05,   0.000000e+00
     176,   1.225000e+05,   0.000000e+00
     177,   1.200000e+05,   0.000000e+00
     178,   1.175000e+05,   0.000000e+00
     179,   1.150000e+05,   0.000000e+00
     180,   1.125000e+05,   0.000000e+00
     181,   1.100000e+05,   0.000000e+00
     182,   1.075000e+05,   0.000000e+00
     183,   1.050000e+05,   0.000000e+00
     184,   1.025000e+05,   0.000000e+00
     185,   1.000000e+05,   0.000000e+00
     186,   9.750000e+04,   0.000000e+00
     187,   9.500000e+04,   0.000000e+00
     188,   9.250000e+04,   0.000000e+00
     189,   9.000000e+04,   0.000000e+00
     190,   8.750000e+04,   0.000000e+00
     191,   8.500000e+04,   0.000000e+00
     192,   8.250000e+04,   0.000000e+00
     193,   8.000000e+04,   0.000000e+00
     194,   7.750000e+04,   0.000000e+00
     195,   7.500000e+04,   0.000000e+00
     196,   7.250000e+04,   0.000000e+00
     197,   7.000000e+04,   0.000000e+00
     198,   6.750000e+04,   0.000000e+00
     199,   6.500000e+04,   0.000000e+00
     200,   6.250000e+04,   0.000000e+00
     201,   6.000000e+04,   0.000000e+00
     202,   5.750000e+04,   0.000000e+00
     203,   5.500000e+04,   0.000000e+00
     204,   5.250000e+04,   0.000000e+00
     205,   5.000000e+04,   0.000000e+00
     206,   4.750000e+04,   0.000000e+00
     207,   4.500000e+04,   0.000000e+00
     208,   4.250000e+04,   0.000000e+00
     209,   4.000000e+04,   0.000000e+00
     210,   3.750000e+04,   0.000000e+00
     211,   3.500000e+04,   0.000000e+00
     212,   3.250000e+04,   0.000000e+00
     213,   3.000000e+04,   0.000000e+00
     214,   2.750000e+04,   0.000000e+00
     215,   2.500000e+04,   0.000000e+00
     216,   2.250000e+04,   0.000000e+00
     217,   2.000000e+04,   0.000000e+00
     218,   1.750000e+04,   0.000000e+00
     219,   1.500000e+04,   0.000000e+00
     220,   1.250000e+04,   0.000000e+00
     221,   1.000000e+04,   0.000000e+00
     222,   7.500000e+03,   0.000000e+00
     223,   5.000000e+03,   0.000000e+00
     224,   2.500000e+03,   0.000000e+00
**
********************************** E L E M E N T S ****************************
*ELEMENT, TYPE=B21, ELSET=EB1
     145,       2,     146
     146,     146,     147
     147,     147,     148
     148,     148,     149
     149,     149,     150
     150,     150,     151
     151,     151,     152
     152,     152,     153
     153,     153,     154
     154,     154,     155
     155,     155,     156
     156,     156,     157
     157,     157,     158
     158,     158,     159
     159,     159,     160
     160,     160,     161
     161,     161,     162
     162,     162,     163
     163,     163,     164
     164,     164,     165
     165,     165,     166
     166,     166,     167
     167,     167,     168
     168,     168,     169
     169,     169,     170
     170,     170,     171
     171,     171,     172
     172,     172,     173
     173,     173,     174
     174,     174,     175
     175,     175,     176
     176,     176,     177
     177,     177,     178
     178,     178,     179
     179,     179,     180
     180,     180,     181
     181,     181,     182
     182,     182,     183
     183,     183,     184
     184,     184,     185
     185,     185,     186
     186,     186,     187
     187,     187,     188
     188,     188,     189
     189,     189,     190
     190,     190,     191
     191,     191,     192
     192,     192,     193
     193,     193,     194
     194,     194,     195
     195,     195,     196
     196,     196,     197
     197,     197,     198
     198,     198,     199
     199,     199,     200
     200,     200,     201
     201,     201,     202
     202,     202,     203
     203,     203,     204
     204,     204,     205
     205,     205,     206
     206,     206,     207
     207,     207,     208
     208,     208,     209
     209,     209,     210
     210,     210,     211
     211,     211,     212
     212,     212,     213
     213,     213,     214
     214,     214,     215
     215,     215,     216
     216,     216,     217
     217,     217,     218
     218,     218,     219
     219,     219,     220
     220,     220,     221
     221,     221,     222
     222,     222,     223
     223,     223,     224
     224,     224,     114
*ELEMENT, TYPE=B21, ELSET=EB2
     113,     114,     115
     114,     115,     116
     115,     116,     117
     116,     117,     118
     117,     118,     119
     118,     119,     120
     119,     120,     121
     120,     121,     122
     121,     122,     123
     122,     123,     124
     123,     124,     125
     124,     125,     126
     125,     126,     127
     126,     127,     128
     127,     128,     129
     128,     129,     130
     129,     130,     131
     130,     131,     132
     131,     132,     133
     132,     133,     134
     133,     134,     135
     134,     135,     136
     135,     136,     137
     136,     137,     138
     137,     138,     139
     138,     139,     140
     139,     140,     141
     140,     141,     142
     141,     142,     143
     142,     143,     144
     143,     144,     145
     144,     145,      34
      33,      34,      35
      34,      35,      36
      35,      36,      37
      36,      37,      38
      37,      38,      39
      38,      39,      40
      39,      40,      41
      40,      41,      42
      41,      42,      43
      42,      43,      44
      43,      44,      45
      44,      45,      46
      45,      46,      47
      46,      47,      48
      47,      48,      49
      48,      49,      50
      49,      50,      51
      50,      51,      52
      51,      52,      53
      52,      53,      54
      53,      54,      55
      54,      55,      56
      55,      56,      57
      56,      57,      58
      57,      58,      59
      58,      59,      60
      59,      60,      61
      60,      61,      62
      61,      62,      63
      62,      63,      64
      63,      64,      65
      64,      65,      66
      65,      66,      67
      66,      67,      68
      67,      68,      69
      68,      69,      70
      69,      70,      71
      70,      71,      72
      71,      72,      73
      72,      73,      74
      73,      74,      75
      74,      75,      76
      75,      76,      77
      76,      77,      78
      77,      78,      79
      78,      79,      80
      79,      80,      81
      80,      81,      82
      81,      82,      83
      82,      83,      84
      83,      84,      85
      84,      85,      86
      85,      86,      87
      86,      87,      88
      87,      88,      89
      88,      89,      90
      89,      90,      91
      90,      91,      92
      91,      92,      93
      92,      93,      94
      93,      94,      95
      94,      95,      96
      95,      96,      97
      96,      97,      98
      97,      98,      99
      98,      99,     100
      99,     100,     101
     100,     101,     102
     101,     102,     103
     102,     103,     104
     103,     104,     105
     104,     105,     106
     105,     106,     107
     106,     107,     108
     107,     108,     109
     108,     109,     110
     109,     110,     111
     110,     111,     112
     111,     112,     113
     112,     113,       1
       1,       1,       3
       2,       3,       4
       3,       4,       5
       4,       5,       6
       5,       6,       7
       6,       7,       8
       7,       8,       9
       8,       9,      10
       9,      10,      11
      10,      11,      12
      11,      12,      13
      12,      13,      14
      13,      14,      15
      14,      15,      16
      15,      16,      17
      16,      17,      18
      17,      18,      19
      18,      19,      20
      19,      20,      21
      20,      21,      22
      21,      22,      23
      22,      23,      24
      23,      24,      25
      24,      25,      26
      25,      26,      27
      26,      27,      28
      27,      28,      29
      28,      29,      30
      29,      30,      31
      30,      31,      32
      31,      32,      33
      32,      33,       2
**
********************************** P R O P E R T I E S ************************
**
*END PART
**
**
**
********************************** E N D   P A R T S **********************************
**
**
********************************** A S S E M B L Y ************************************
**
*ASSEMBLY, NAME=ASSEMBLY1
**
*INSTANCE, NAME=Part-Default_1, PART=Part-Default
*END INSTANCE
**
*END ASSEMBLY
**
**
**
*MATERIAL, NAME = Default-Steel
*ELASTIC, TYPE=ISOTROPIC
2.068000e+05, 2.900000e-01
*DENSITY
7.000000e-06
*CONDUCTIVITY,TYPE=ISO
4.500000e-02
*SPECIFIC HEAT
5.000000e+02
**
**
************************************** H I S T O R Y *************************************
**
*PREPRINT
**
**************************************** S T E P 1 ***************************************
*STEP,INC=100,NAME=Default Set
**
*STATIC
1, 1, 1e-05, 1
**
**
**
**
*END STEP
