2560  4
2 146 225 33
33 225 226 32
32 226 227 31
31 227 228 30
30 228 229 29
29 229 230 28
28 230 231 27
27 231 232 26
26 232 233 25
25 233 234 24
24 234 235 23
23 235 236 22
22 236 237 21
21 237 238 20
20 238 239 19
19 239 240 18
18 240 241 17
17 241 242 16
16 242 243 15
15 243 244 14
14 244 245 13
13 245 246 12
12 246 247 11
11 247 248 10
10 248 249 9
9 249 250 8
8 250 251 7
7 251 252 6
6 252 253 5
5 253 254 4
4 254 255 3
3 255 113 1
34 35 256 145
145 256 257 144
144 257 258 143
143 258 259 142
142 259 260 141
141 260 261 140
140 261 262 139
139 262 263 138
138 263 264 137
137 264 265 136
136 265 266 135
135 266 267 134
134 267 268 133
133 268 269 132
132 269 270 131
131 270 271 130
130 271 272 129
129 272 273 128
128 273 274 127
127 274 275 126
126 275 276 125
125 276 277 124
124 277 278 123
123 278 279 122
122 279 280 121
121 280 281 120
120 281 282 119
119 282 283 118
118 283 284 117
117 284 285 116
116 285 286 115
115 286 224 114
113 255 287 112
112 287 288 111
111 288 289 110
110 289 290 109
109 290 291 108
108 291 292 107
107 292 293 106
106 293 294 105
105 294 295 104
104 295 296 103
103 296 297 102
102 297 298 101
101 298 299 100
100 299 300 99
99 300 301 98
98 301 302 97
97 302 303 96
96 303 304 95
95 304 305 94
94 305 306 93
93 306 307 92
92 307 308 91
91 308 309 90
90 309 310 89
89 310 311 88
88 311 312 87
87 312 313 86
86 313 314 85
85 314 315 84
84 315 316 83
83 316 317 82
82 317 318 81
81 318 319 80
80 319 320 79
79 320 321 78
78 321 322 77
77 322 323 76
76 323 324 75
75 324 325 74
74 325 326 73
73 326 327 72
72 327 328 71
71 328 329 70
70 329 330 69
69 330 331 68
68 331 332 67
67 332 333 66
66 333 334 65
65 334 335 64
64 335 336 63
63 336 337 62
62 337 338 61
61 338 339 60
60 339 340 59
59 340 341 58
58 341 342 57
57 342 343 56
56 343 344 55
55 344 345 54
54 345 346 53
53 346 347 52
52 347 348 51
51 348 349 50
50 349 350 49
49 350 351 48
48 351 352 47
47 352 353 46
46 353 354 45
45 354 355 44
44 355 356 43
43 356 357 42
42 357 358 41
41 358 359 40
40 359 360 39
39 360 361 38
38 361 362 37
37 362 363 36
36 363 256 35
224 286 364 223
223 364 365 222
222 365 366 221
221 366 367 220
220 367 368 219
219 368 369 218
218 369 370 217
217 370 371 216
216 371 372 215
215 372 373 214
214 373 374 213
213 374 375 212
212 375 376 211
211 376 377 210
210 377 378 209
209 378 379 208
208 379 380 207
207 380 381 206
206 381 382 205
205 382 383 204
204 383 384 203
203 384 385 202
202 385 386 201
201 386 387 200
200 387 388 199
199 388 389 198
198 389 390 197
197 390 391 196
196 391 392 195
195 392 393 194
194 393 394 193
193 394 395 192
192 395 396 191
191 396 397 190
190 397 398 189
189 398 399 188
188 399 400 187
187 400 401 186
186 401 402 185
185 402 403 184
184 403 404 183
183 404 405 182
182 405 406 181
181 406 407 180
180 407 408 179
179 408 409 178
178 409 410 177
177 410 411 176
176 411 412 175
175 412 413 174
174 413 414 173
173 414 415 172
172 415 416 171
171 416 417 170
170 417 418 169
169 418 419 168
168 419 420 167
167 420 421 166
166 421 422 165
165 422 423 164
164 423 424 163
163 424 425 162
162 425 426 161
161 426 427 160
160 427 428 159
159 428 429 158
158 429 430 157
157 430 431 156
156 431 432 155
155 432 433 154
154 433 434 153
153 434 435 152
152 435 436 151
151 436 437 150
150 437 438 149
149 438 439 148
148 439 440 147
147 440 225 146
255 254 441 287
287 441 442 288
288 442 443 289
289 443 444 290
290 444 445 291
291 445 446 292
292 446 447 293
293 447 448 294
294 448 449 295
295 449 450 296
296 450 451 297
297 451 452 298
298 452 453 299
299 453 454 300
300 454 455 301
301 455 456 302
302 456 457 303
303 457 458 304
304 458 459 305
305 459 460 306
306 460 461 307
307 461 462 308
308 462 463 309
309 463 464 310
310 464 465 311
311 465 466 312
312 466 467 313
313 467 468 314
314 468 469 315
315 469 470 316
316 470 471 317
317 471 472 318
318 472 473 319
319 473 474 320
320 474 475 321
321 475 476 322
322 476 477 323
323 477 478 324
324 478 479 325
325 479 480 326
326 480 481 327
327 481 482 328
328 482 483 329
329 483 484 330
330 484 485 331
331 485 486 332
332 486 487 333
333 487 488 334
334 488 489 335
335 489 490 336
336 490 491 337
337 491 492 338
338 492 493 339
339 493 494 340
340 494 495 341
341 495 496 342
342 496 497 343
343 497 498 344
344 498 499 345
345 499 500 346
346 500 501 347
347 501 502 348
348 502 503 349
349 503 504 350
350 504 505 351
351 505 506 352
352 506 507 353
353 507 508 354
354 508 509 355
355 509 510 356
356 510 511 357
357 511 512 358
358 512 513 359
359 513 514 360
360 514 515 361
361 515 516 362
362 516 517 363
363 517 257 256
286 285 518 364
364 518 519 365
365 519 520 366
366 520 521 367
367 521 522 368
368 522 523 369
369 523 524 370
370 524 525 371
371 525 526 372
372 526 527 373
373 527 528 374
374 528 529 375
375 529 530 376
376 530 531 377
377 531 532 378
378 532 533 379
379 533 534 380
380 534 535 381
381 535 536 382
382 536 537 383
383 537 538 384
384 538 539 385
385 539 540 386
386 540 541 387
387 541 542 388
388 542 543 389
389 543 544 390
390 544 545 391
391 545 546 392
392 546 547 393
393 547 548 394
394 548 549 395
395 549 550 396
396 550 551 397
397 551 552 398
398 552 553 399
399 553 554 400
400 554 555 401
401 555 556 402
402 556 557 403
403 557 558 404
404 558 559 405
405 559 560 406
406 560 561 407
407 561 562 408
408 562 563 409
409 563 564 410
410 564 565 411
411 565 566 412
412 566 567 413
413 567 568 414
414 568 569 415
415 569 570 416
416 570 571 417
417 571 572 418
418 572 573 419
419 573 574 420
420 574 575 421
421 575 576 422
422 576 577 423
423 577 578 424
424 578 579 425
425 579 580 426
426 580 581 427
427 581 582 428
428 582 583 429
429 583 584 430
430 584 585 431
431 585 586 432
432 586 587 433
433 587 588 434
434 588 589 435
435 589 590 436
436 590 591 437
437 591 592 438
438 592 593 439
439 593 594 440
440 594 226 225
257 517 595 258
258 595 596 259
259 596 597 260
260 597 598 261
261 598 599 262
262 599 600 263
263 600 601 264
264 601 602 265
265 602 603 266
266 603 604 267
267 604 605 268
268 605 606 269
269 606 607 270
270 607 608 271
271 608 609 272
272 609 610 273
273 610 611 274
274 611 612 275
275 612 613 276
276 613 614 277
277 614 615 278
278 615 616 279
279 616 617 280
280 617 618 281
281 618 619 282
282 619 620 283
283 620 621 284
284 621 518 285
226 594 622 227
227 622 623 228
228 623 624 229
229 624 625 230
230 625 626 231
231 626 627 232
232 627 628 233
233 628 629 234
234 629 630 235
235 630 631 236
236 631 632 237
237 632 633 238
238 633 634 239
239 634 635 240
240 635 636 241
241 636 637 242
242 637 638 243
243 638 639 244
244 639 640 245
245 640 641 246
246 641 642 247
247 642 643 248
248 643 644 249
249 644 645 250
250 645 646 251
251 646 647 252
252 647 648 253
253 648 441 254
518 621 649 519
519 649 650 520
520 650 651 521
521 651 652 522
522 652 653 523
523 653 654 524
524 654 655 525
525 655 656 526
526 656 657 527
527 657 658 528
528 658 659 529
529 659 660 530
530 660 661 531
531 661 662 532
532 662 663 533
533 663 664 534
534 664 665 535
535 665 666 536
536 666 667 537
537 667 668 538
538 668 669 539
539 669 670 540
540 670 671 541
541 671 672 542
542 672 673 543
543 673 674 544
544 674 675 545
545 675 676 546
546 676 677 547
547 677 678 548
548 678 679 549
549 679 680 550
550 680 681 551
551 681 682 552
552 682 683 553
553 683 684 554
554 684 685 555
555 685 686 556
556 686 687 557
557 687 688 558
558 688 689 559
559 689 690 560
560 690 691 561
561 691 692 562
562 692 693 563
563 693 694 564
564 694 695 565
565 695 696 566
566 696 697 567
567 697 698 568
568 698 699 569
569 699 700 570
570 700 701 571
571 701 702 572
572 702 703 573
573 703 704 574
574 704 705 575
575 705 706 576
576 706 707 577
577 707 708 578
578 708 709 579
579 709 710 580
580 710 711 581
581 711 712 582
582 712 713 583
583 713 714 584
584 714 715 585
585 715 716 586
586 716 717 587
587 717 718 588
588 718 719 589
589 719 720 590
590 720 721 591
591 721 722 592
592 722 723 593
593 723 622 594
441 648 724 442
442 724 725 443
443 725 726 444
444 726 727 445
445 727 728 446
446 728 729 447
447 729 730 448
448 730 731 449
449 731 732 450
450 732 733 451
451 733 734 452
452 734 735 453
453 735 736 454
454 736 737 455
455 737 738 456
456 738 739 457
457 739 740 458
458 740 741 459
459 741 742 460
460 742 743 461
461 743 744 462
462 744 745 463
463 745 746 464
464 746 747 465
465 747 748 466
466 748 749 467
467 749 750 468
468 750 751 469
469 751 752 470
470 752 753 471
471 753 754 472
472 754 755 473
473 755 756 474
474 756 757 475
475 757 758 476
476 758 759 477
477 759 760 478
478 760 761 479
479 761 762 480
480 762 763 481
481 763 764 482
482 764 765 483
483 765 766 484
484 766 767 485
485 767 768 486
486 768 769 487
487 769 770 488
488 770 771 489
489 771 772 490
490 772 773 491
491 773 774 492
492 774 775 493
493 775 776 494
494 776 777 495
495 777 778 496
496 778 779 497
497 779 780 498
498 780 781 499
499 781 782 500
500 782 783 501
501 783 784 502
502 784 785 503
503 785 786 504
504 786 787 505
505 787 788 506
506 788 789 507
507 789 790 508
508 790 791 509
509 791 792 510
510 792 793 511
511 793 794 512
512 794 795 513
513 795 796 514
514 796 797 515
515 797 798 516
516 798 595 517
622 723 799 623
623 799 800 624
624 800 801 625
625 801 802 626
626 802 803 627
627 803 804 628
628 804 805 629
629 805 806 630
630 806 807 631
631 807 808 632
632 808 809 633
633 809 810 634
634 810 811 635
635 811 812 636
636 812 813 637
637 813 814 638
638 814 815 639
639 815 816 640
640 816 817 641
641 817 818 642
642 818 819 643
643 819 820 644
644 820 821 645
645 821 822 646
646 822 823 647
647 823 724 648
595 798 824 596
596 824 825 597
597 825 826 598
598 826 827 599
599 827 828 600
600 828 829 601
601 829 830 602
602 830 831 603
603 831 832 604
604 832 833 605
605 833 834 606
606 834 835 607
607 835 836 608
608 836 837 609
609 837 838 610
610 838 839 611
611 839 840 612
612 840 841 613
613 841 842 614
614 842 843 615
615 843 844 616
616 844 845 617
617 845 846 618
618 846 847 619
619 847 848 620
620 848 649 621
798 797 849 824
824 849 850 825
825 850 851 826
826 851 852 827
827 852 853 828
828 853 854 829
829 854 855 830
830 855 856 831
831 856 857 832
832 857 858 833
833 858 859 834
834 859 860 835
835 860 861 836
836 861 862 837
837 862 863 838
838 863 864 839
839 864 865 840
840 865 866 841
841 866 867 842
842 867 868 843
843 868 869 844
844 869 870 845
845 870 871 846
846 871 872 847
847 872 873 848
848 873 650 649
723 722 874 799
799 874 875 800
800 875 876 801
801 876 877 802
802 877 878 803
803 878 879 804
804 879 880 805
805 880 881 806
806 881 882 807
807 882 883 808
808 883 884 809
809 884 885 810
810 885 886 811
811 886 887 812
812 887 888 813
813 888 889 814
814 889 890 815
815 890 891 816
816 891 892 817
817 892 893 818
818 893 894 819
819 894 895 820
820 895 896 821
821 896 897 822
822 897 898 823
823 898 725 724
725 898 899 726
726 899 900 727
727 900 901 728
728 901 902 729
729 902 903 730
730 903 904 731
731 904 905 732
732 905 906 733
733 906 907 734
734 907 908 735
735 908 909 736
736 909 910 737
737 910 911 738
738 911 912 739
739 912 913 740
740 913 914 741
741 914 915 742
742 915 916 743
743 916 917 744
744 917 918 745
745 918 919 746
746 919 920 747
747 920 921 748
748 921 922 749
749 922 923 750
750 923 924 751
751 924 925 752
752 925 926 753
753 926 927 754
754 927 928 755
755 928 929 756
756 929 930 757
757 930 931 758
758 931 932 759
759 932 933 760
760 933 934 761
761 934 935 762
762 935 936 763
763 936 937 764
764 937 938 765
765 938 939 766
766 939 940 767
767 940 941 768
768 941 942 769
769 942 943 770
770 943 944 771
771 944 945 772
772 945 946 773
773 946 947 774
774 947 948 775
775 948 949 776
776 949 950 777
777 950 951 778
778 951 952 779
779 952 953 780
780 953 954 781
781 954 955 782
782 955 956 783
783 956 957 784
784 957 958 785
785 958 959 786
786 959 960 787
787 960 961 788
788 961 962 789
789 962 963 790
790 963 964 791
791 964 965 792
792 965 966 793
793 966 967 794
794 967 968 795
795 968 969 796
796 969 849 797
650 873 970 651
651 970 971 652
652 971 972 653
653 972 973 654
654 973 974 655
655 974 975 656
656 975 976 657
657 976 977 658
658 977 978 659
659 978 979 660
660 979 980 661
661 980 981 662
662 981 982 663
663 982 983 664
664 983 984 665
665 984 985 666
666 985 986 667
667 986 987 668
668 987 988 669
669 988 989 670
670 989 990 671
671 990 991 672
672 991 992 673
673 992 993 674
674 993 994 675
675 994 995 676
676 995 996 677
677 996 997 678
678 997 998 679
679 998 999 680
680 999 1000 681
681 1000 1001 682
682 1001 1002 683
683 1002 1003 684
684 1003 1004 685
685 1004 1005 686
686 1005 1006 687
687 1006 1007 688
688 1007 1008 689
689 1008 1009 690
690 1009 1010 691
691 1010 1011 692
692 1011 1012 693
693 1012 1013 694
694 1013 1014 695
695 1014 1015 696
696 1015 1016 697
697 1016 1017 698
698 1017 1018 699
699 1018 1019 700
700 1019 1020 701
701 1020 1021 702
702 1021 1022 703
703 1022 1023 704
704 1023 1024 705
705 1024 1025 706
706 1025 1026 707
707 1026 1027 708
708 1027 1028 709
709 1028 1029 710
710 1029 1030 711
711 1030 1031 712
712 1031 1032 713
713 1032 1033 714
714 1033 1034 715
715 1034 1035 716
716 1035 1036 717
717 1036 1037 718
718 1037 1038 719
719 1038 1039 720
720 1039 1040 721
721 1040 874 722
849 969 1041 850
850 1041 1042 851
851 1042 1043 852
852 1043 1044 853
853 1044 1045 854
854 1045 1046 855
855 1046 1047 856
856 1047 1048 857
857 1048 1049 858
858 1049 1050 859
859 1050 1051 860
860 1051 1052 861
861 1052 1053 862
862 1053 1054 863
863 1054 1055 864
864 1055 1056 865
865 1056 1057 866
866 1057 1058 867
867 1058 1059 868
868 1059 1060 869
869 1060 1061 870
870 1061 1062 871
871 1062 1063 872
872 1063 970 873
874 1040 1064 875
875 1064 1065 876
876 1065 1066 877
877 1066 1067 878
878 1067 1068 879
879 1068 1069 880
880 1069 1070 881
881 1070 1071 882
882 1071 1072 883
883 1072 1073 884
884 1073 1074 885
885 1074 1075 886
886 1075 1076 887
887 1076 1077 888
888 1077 1078 889
889 1078 1079 890
890 1079 1080 891
891 1080 1081 892
892 1081 1082 893
893 1082 1083 894
894 1083 1084 895
895 1084 1085 896
896 1085 1086 897
897 1086 899 898
970 1063 1087 971
971 1087 1088 972
972 1088 1089 973
973 1089 1090 974
974 1090 1091 975
975 1091 1092 976
976 1092 1093 977
977 1093 1094 978
978 1094 1095 979
979 1095 1096 980
980 1096 1097 981
981 1097 1098 982
982 1098 1099 983
983 1099 1100 984
984 1100 1101 985
985 1101 1102 986
986 1102 1103 987
987 1103 1104 988
988 1104 1105 989
989 1105 1106 990
990 1106 1107 991
991 1107 1108 992
992 1108 1109 993
993 1109 1110 994
994 1110 1111 995
995 1111 1112 996
996 1112 1113 997
997 1113 1114 998
998 1114 1115 999
999 1115 1116 1000
1000 1116 1117 1001
1001 1117 1118 1002
1002 1118 1119 1003
1003 1119 1120 1004
1004 1120 1121 1005
1005 1121 1122 1006
1006 1122 1123 1007
1007 1123 1124 1008
1008 1124 1125 1009
1009 1125 1126 1010
1010 1126 1127 1011
1011 1127 1128 1012
1012 1128 1129 1013
1013 1129 1130 1014
1014 1130 1131 1015
1015 1131 1132 1016
1016 1132 1133 1017
1017 1133 1134 1018
1018 1134 1135 1019
1019 1135 1136 1020
1020 1136 1137 1021
1021 1137 1138 1022
1022 1138 1139 1023
1023 1139 1140 1024
1024 1140 1141 1025
1025 1141 1142 1026
1026 1142 1143 1027
1027 1143 1144 1028
1028 1144 1145 1029
1029 1145 1146 1030
1030 1146 1147 1031
1031 1147 1148 1032
1032 1148 1149 1033
1033 1149 1150 1034
1034 1150 1151 1035
1035 1151 1152 1036
1036 1152 1153 1037
1037 1153 1154 1038
1038 1154 1155 1039
1039 1155 1064 1040
899 1086 1156 900
900 1156 1157 901
901 1157 1158 902
902 1158 1159 903
903 1159 1160 904
904 1160 1161 905
905 1161 1162 906
906 1162 1163 907
907 1163 1164 908
908 1164 1165 909
909 1165 1166 910
910 1166 1167 911
911 1167 1168 912
912 1168 1169 913
913 1169 1170 914
914 1170 1171 915
915 1171 1172 916
916 1172 1173 917
917 1173 1174 918
918 1174 1175 919
919 1175 1176 920
920 1176 1177 921
921 1177 1178 922
922 1178 1179 923
923 1179 1180 924
924 1180 1181 925
925 1181 1182 926
926 1182 1183 927
927 1183 1184 928
928 1184 1185 929
929 1185 1186 930
930 1186 1187 931
931 1187 1188 932
932 1188 1189 933
933 1189 1190 934
934 1190 1191 935
935 1191 1192 936
936 1192 1193 937
937 1193 1194 938
938 1194 1195 939
939 1195 1196 940
940 1196 1197 941
941 1197 1198 942
942 1198 1199 943
943 1199 1200 944
944 1200 1201 945
945 1201 1202 946
946 1202 1203 947
947 1203 1204 948
948 1204 1205 949
949 1205 1206 950
950 1206 1207 951
951 1207 1208 952
952 1208 1209 953
953 1209 1210 954
954 1210 1211 955
955 1211 1212 956
956 1212 1213 957
957 1213 1214 958
958 1214 1215 959
959 1215 1216 960
960 1216 1217 961
961 1217 1218 962
962 1218 1219 963
963 1219 1220 964
964 1220 1221 965
965 1221 1222 966
966 1222 1223 967
967 1223 1224 968
968 1224 1041 969
1041 1224 1225 1042
1042 1225 1226 1043
1043 1226 1227 1044
1044 1227 1228 1045
1045 1228 1229 1046
1046 1229 1230 1047
1047 1230 1231 1048
1048 1231 1232 1049
1049 1232 1233 1050
1050 1233 1234 1051
1051 1234 1235 1052
1052 1235 1236 1053
1053 1236 1237 1054
1054 1237 1238 1055
1055 1238 1239 1056
1056 1239 1240 1057
1057 1240 1241 1058
1058 1241 1242 1059
1059 1242 1243 1060
1060 1243 1244 1061
1061 1244 1245 1062
1062 1245 1087 1063
1064 1155 1246 1065
1065 1246 1247 1066
1066 1247 1248 1067
1067 1248 1249 1068
1068 1249 1250 1069
1069 1250 1251 1070
1070 1251 1252 1071
1071 1252 1253 1072
1072 1253 1254 1073
1073 1254 1255 1074
1074 1255 1256 1075
1075 1256 1257 1076
1076 1257 1258 1077
1077 1258 1259 1078
1078 1259 1260 1079
1079 1260 1261 1080
1080 1261 1262 1081
1081 1262 1263 1082
1082 1263 1264 1083
1083 1264 1265 1084
1084 1265 1266 1085
1085 1266 1156 1086
1156 1266 1267 1157
1157 1267 1268 1158
1158 1268 1269 1159
1159 1269 1270 1160
1160 1270 1271 1161
1161 1271 1272 1162
1162 1272 1273 1163
1163 1273 1274 1164
1164 1274 1275 1165
1165 1275 1276 1166
1166 1276 1277 1167
1167 1277 1278 1168
1168 1278 1279 1169
1169 1279 1280 1170
1170 1280 1281 1171
1171 1281 1282 1172
1172 1282 1283 1173
1173 1283 1284 1174
1174 1284 1285 1175
1175 1285 1286 1176
1176 1286 1287 1177
1177 1287 1288 1178
1178 1288 1289 1179
1179 1289 1290 1180
1180 1290 1291 1181
1181 1291 1292 1182
1182 1292 1293 1183
1183 1293 1294 1184
1184 1294 1295 1185
1185 1295 1296 1186
1186 1296 1297 1187
1187 1297 1298 1188
1188 1298 1299 1189
1189 1299 1300 1190
1190 1300 1301 1191
1191 1301 1302 1192
1192 1302 1303 1193
1193 1303 1304 1194
1194 1304 1305 1195
1195 1305 1306 1196
1196 1306 1307 1197
1197 1307 1308 1198
1198 1308 1309 1199
1199 1309 1310 1200
1200 1310 1311 1201
1201 1311 1312 1202
1202 1312 1313 1203
1203 1313 1314 1204
1204 1314 1315 1205
1205 1315 1316 1206
1206 1316 1317 1207
1207 1317 1318 1208
1208 1318 1319 1209
1209 1319 1320 1210
1210 1320 1321 1211
1211 1321 1322 1212
1212 1322 1323 1213
1213 1323 1324 1214
1214 1324 1325 1215
1215 1325 1326 1216
1216 1326 1327 1217
1217 1327 1328 1218
1218 1328 1329 1219
1219 1329 1330 1220
1220 1330 1331 1221
1221 1331 1332 1222
1222 1332 1333 1223
1223 1333 1225 1224
1087 1245 1334 1088
1088 1334 1335 1089
1089 1335 1336 1090
1090 1336 1337 1091
1091 1337 1338 1092
1092 1338 1339 1093
1093 1339 1340 1094
1094 1340 1341 1095
1095 1341 1342 1096
1096 1342 1343 1097
1097 1343 1344 1098
1098 1344 1345 1099
1099 1345 1346 1100
1100 1346 1347 1101
1101 1347 1348 1102
1102 1348 1349 1103
1103 1349 1350 1104
1104 1350 1351 1105
1105 1351 1352 1106
1106 1352 1353 1107
1107 1353 1354 1108
1108 1354 1355 1109
1109 1355 1356 1110
1110 1356 1357 1111
1111 1357 1358 1112
1112 1358 1359 1113
1113 1359 1360 1114
1114 1360 1361 1115
1115 1361 1362 1116
1116 1362 1363 1117
1117 1363 1364 1118
1118 1364 1365 1119
1119 1365 1366 1120
1120 1366 1367 1121
1121 1367 1368 1122
1122 1368 1369 1123
1123 1369 1370 1124
1124 1370 1371 1125
1125 1371 1372 1126
1126 1372 1373 1127
1127 1373 1374 1128
1128 1374 1375 1129
1129 1375 1376 1130
1130 1376 1377 1131
1131 1377 1378 1132
1132 1378 1379 1133
1133 1379 1380 1134
1134 1380 1381 1135
1135 1381 1382 1136
1136 1382 1383 1137
1137 1383 1384 1138
1138 1384 1385 1139
1139 1385 1386 1140
1140 1386 1387 1141
1141 1387 1388 1142
1142 1388 1389 1143
1143 1389 1390 1144
1144 1390 1391 1145
1145 1391 1392 1146
1146 1392 1393 1147
1147 1393 1394 1148
1148 1394 1395 1149
1149 1395 1396 1150
1150 1396 1397 1151
1151 1397 1398 1152
1152 1398 1399 1153
1153 1399 1400 1154
1154 1400 1246 1155
1225 1333 1401 1226
1226 1401 1402 1227
1227 1402 1403 1228
1228 1403 1404 1229
1229 1404 1405 1230
1230 1405 1406 1231
1231 1406 1407 1232
1232 1407 1408 1233
1233 1408 1409 1234
1234 1409 1410 1235
1235 1410 1411 1236
1236 1411 1412 1237
1237 1412 1413 1238
1238 1413 1414 1239
1239 1414 1415 1240
1240 1415 1416 1241
1241 1416 1417 1242
1242 1417 1418 1243
1243 1418 1419 1244
1244 1419 1334 1245
1334 1419 1420 1335
1335 1420 1421 1336
1336 1421 1422 1337
1337 1422 1423 1338
1338 1423 1424 1339
1339 1424 1425 1340
1340 1425 1426 1341
1341 1426 1427 1342
1342 1427 1428 1343
1343 1428 1429 1344
1344 1429 1430 1345
1345 1430 1431 1346
1346 1431 1432 1347
1347 1432 1433 1348
1348 1433 1434 1349
1349 1434 1435 1350
1350 1435 1436 1351
1351 1436 1437 1352
1352 1437 1438 1353
1353 1438 1439 1354
1354 1439 1440 1355
1355 1440 1441 1356
1356 1441 1442 1357
1357 1442 1443 1358
1358 1443 1444 1359
1359 1444 1445 1360
1360 1445 1446 1361
1361 1446 1447 1362
1362 1447 1448 1363
1363 1448 1449 1364
1364 1449 1450 1365
1365 1450 1451 1366
1366 1451 1452 1367
1367 1452 1453 1368
1368 1453 1454 1369
1369 1454 1455 1370
1370 1455 1456 1371
1371 1456 1457 1372
1372 1457 1458 1373
1373 1458 1459 1374
1374 1459 1460 1375
1375 1460 1461 1376
1376 1461 1462 1377
1377 1462 1463 1378
1378 1463 1464 1379
1379 1464 1465 1380
1380 1465 1466 1381
1381 1466 1467 1382
1382 1467 1468 1383
1383 1468 1469 1384
1384 1469 1470 1385
1385 1470 1471 1386
1386 1471 1472 1387
1387 1472 1473 1388
1388 1473 1474 1389
1389 1474 1475 1390
1390 1475 1476 1391
1391 1476 1477 1392
1392 1477 1478 1393
1393 1478 1479 1394
1394 1479 1480 1395
1395 1480 1481 1396
1396 1481 1482 1397
1397 1482 1483 1398
1398 1483 1484 1399
1399 1484 1485 1400
1400 1485 1247 1246
1266 1265 1486 1267
1267 1486 1487 1268
1268 1487 1488 1269
1269 1488 1489 1270
1270 1489 1490 1271
1271 1490 1491 1272
1272 1491 1492 1273
1273 1492 1493 1274
1274 1493 1494 1275
1275 1494 1495 1276
1276 1495 1496 1277
1277 1496 1497 1278
1278 1497 1498 1279
1279 1498 1499 1280
1280 1499 1500 1281
1281 1500 1501 1282
1282 1501 1502 1283
1283 1502 1503 1284
1284 1503 1504 1285
1285 1504 1505 1286
1286 1505 1506 1287
1287 1506 1507 1288
1288 1507 1508 1289
1289 1508 1509 1290
1290 1509 1510 1291
1291 1510 1511 1292
1292 1511 1512 1293
1293 1512 1513 1294
1294 1513 1514 1295
1295 1514 1515 1296
1296 1515 1516 1297
1297 1516 1517 1298
1298 1517 1518 1299
1299 1518 1519 1300
1300 1519 1520 1301
1301 1520 1521 1302
1302 1521 1522 1303
1303 1522 1523 1304
1304 1523 1524 1305
1305 1524 1525 1306
1306 1525 1526 1307
1307 1526 1527 1308
1308 1527 1528 1309
1309 1528 1529 1310
1310 1529 1530 1311
1311 1530 1531 1312
1312 1531 1532 1313
1313 1532 1533 1314
1314 1533 1534 1315
1315 1534 1535 1316
1316 1535 1536 1317
1317 1536 1537 1318
1318 1537 1538 1319
1319 1538 1539 1320
1320 1539 1540 1321
1321 1540 1541 1322
1322 1541 1542 1323
1323 1542 1543 1324
1324 1543 1544 1325
1325 1544 1545 1326
1326 1545 1546 1327
1327 1546 1547 1328
1328 1547 1548 1329
1329 1548 1549 1330
1330 1549 1550 1331
1331 1550 1551 1332
1332 1551 1401 1333
1247 1485 1552 1248
1248 1552 1553 1249
1249 1553 1554 1250
1250 1554 1555 1251
1251 1555 1556 1252
1252 1556 1557 1253
1253 1557 1558 1254
1254 1558 1559 1255
1255 1559 1560 1256
1256 1560 1561 1257
1257 1561 1562 1258
1258 1562 1563 1259
1259 1563 1564 1260
1260 1564 1565 1261
1261 1565 1566 1262
1262 1566 1567 1263
1263 1567 1568 1264
1264 1568 1486 1265
1419 1418 1569 1420
1420 1569 1570 1421
1421 1570 1571 1422
1422 1571 1572 1423
1423 1572 1573 1424
1424 1573 1574 1425
1425 1574 1575 1426
1426 1575 1576 1427
1427 1576 1577 1428
1428 1577 1578 1429
1429 1578 1579 1430
1430 1579 1580 1431
1431 1580 1581 1432
1432 1581 1582 1433
1433 1582 1583 1434
1434 1583 1584 1435
1435 1584 1585 1436
1436 1585 1586 1437
1437 1586 1587 1438
1438 1587 1588 1439
1439 1588 1589 1440
1440 1589 1590 1441
1441 1590 1591 1442
1442 1591 1592 1443
1443 1592 1593 1444
1444 1593 1594 1445
1445 1594 1595 1446
1446 1595 1596 1447
1447 1596 1597 1448
1448 1597 1598 1449
1449 1598 1599 1450
1450 1599 1600 1451
1451 1600 1601 1452
1452 1601 1602 1453
1453 1602 1603 1454
1454 1603 1604 1455
1455 1604 1605 1456
1456 1605 1606 1457
1457 1606 1607 1458
1458 1607 1608 1459
1459 1608 1609 1460
1460 1609 1610 1461
1461 1610 1611 1462
1462 1611 1612 1463
1463 1612 1613 1464
1464 1613 1614 1465
1465 1614 1615 1466
1466 1615 1616 1467
1467 1616 1617 1468
1468 1617 1618 1469
1469 1618 1619 1470
1470 1619 1620 1471
1471 1620 1621 1472
1472 1621 1622 1473
1473 1622 1623 1474
1474 1623 1624 1475
1475 1624 1625 1476
1476 1625 1626 1477
1477 1626 1627 1478
1478 1627 1628 1479
1479 1628 1629 1480
1480 1629 1630 1481
1481 1630 1631 1482
1482 1631 1632 1483
1483 1632 1633 1484
1484 1633 1552 1485
1486 1568 1634 1487
1487 1634 1635 1488
1488 1635 1636 1489
1489 1636 1637 1490
1490 1637 1638 1491
1491 1638 1639 1492
1492 1639 1640 1493
1493 1640 1641 1494
1494 1641 1642 1495
1495 1642 1643 1496
1496 1643 1644 1497
1497 1644 1645 1498
1498 1645 1646 1499
1499 1646 1647 1500
1500 1647 1648 1501
1501 1648 1649 1502
1502 1649 1650 1503
1503 1650 1651 1504
1504 1651 1652 1505
1505 1652 1653 1506
1506 1653 1654 1507
1507 1654 1655 1508
1508 1655 1656 1509
1509 1656 1657 1510
1510 1657 1658 1511
1511 1658 1659 1512
1512 1659 1660 1513
1513 1660 1661 1514
1514 1661 1662 1515
1515 1662 1663 1516
1516 1663 1664 1517
1517 1664 1665 1518
1518 1665 1666 1519
1519 1666 1667 1520
1520 1667 1668 1521
1521 1668 1669 1522
1522 1669 1670 1523
1523 1670 1671 1524
1524 1671 1672 1525
1525 1672 1673 1526
1526 1673 1674 1527
1527 1674 1675 1528
1528 1675 1676 1529
1529 1676 1677 1530
1530 1677 1678 1531
1531 1678 1679 1532
1532 1679 1680 1533
1533 1680 1681 1534
1534 1681 1682 1535
1535 1682 1683 1536
1536 1683 1684 1537
1537 1684 1685 1538
1538 1685 1686 1539
1539 1686 1687 1540
1540 1687 1688 1541
1541 1688 1689 1542
1542 1689 1690 1543
1543 1690 1691 1544
1544 1691 1692 1545
1545 1692 1693 1546
1546 1693 1694 1547
1547 1694 1695 1548
1548 1695 1696 1549
1549 1696 1697 1550
1550 1697 1698 1551
1551 1698 1402 1401
1552 1633 1699 1553
1553 1699 1700 1554
1554 1700 1701 1555
1555 1701 1702 1556
1556 1702 1703 1557
1557 1703 1704 1558
1558 1704 1705 1559
1559 1705 1706 1560
1560 1706 1707 1561
1561 1707 1708 1562
1562 1708 1709 1563
1563 1709 1710 1564
1564 1710 1711 1565
1565 1711 1712 1566
1566 1712 1713 1567
1567 1713 1634 1568
1402 1698 1714 1403
1403 1714 1715 1404
1404 1715 1716 1405
1405 1716 1717 1406
1406 1717 1718 1407
1407 1718 1719 1408
1408 1719 1720 1409
1409 1720 1721 1410
1410 1721 1722 1411
1411 1722 1723 1412
1412 1723 1724 1413
1413 1724 1725 1414
1414 1725 1726 1415
1415 1726 1727 1416
1416 1727 1728 1417
1417 1728 1569 1418
1634 1713 1729 1635
1635 1729 1730 1636
1636 1730 1731 1637
1637 1731 1732 1638
1638 1732 1733 1639
1639 1733 1734 1640
1640 1734 1735 1641
1641 1735 1736 1642
1642 1736 1737 1643
1643 1737 1738 1644
1644 1738 1739 1645
1645 1739 1740 1646
1646 1740 1741 1647
1647 1741 1742 1648
1648 1742 1743 1649
1649 1743 1744 1650
1650 1744 1745 1651
1651 1745 1746 1652
1652 1746 1747 1653
1653 1747 1748 1654
1654 1748 1749 1655
1655 1749 1750 1656
1656 1750 1751 1657
1657 1751 1752 1658
1658 1752 1753 1659
1659 1753 1754 1660
1660 1754 1755 1661
1661 1755 1756 1662
1662 1756 1757 1663
1663 1757 1758 1664
1664 1758 1759 1665
1665 1759 1760 1666
1666 1760 1761 1667
1667 1761 1762 1668
1668 1762 1763 1669
1669 1763 1764 1670
1670 1764 1765 1671
1671 1765 1766 1672
1672 1766 1767 1673
1673 1767 1768 1674
1674 1768 1769 1675
1675 1769 1770 1676
1676 1770 1771 1677
1677 1771 1772 1678
1678 1772 1773 1679
1679 1773 1774 1680
1680 1774 1775 1681
1681 1775 1776 1682
1682 1776 1777 1683
1683 1777 1778 1684
1684 1778 1779 1685
1685 1779 1780 1686
1686 1780 1781 1687
1687 1781 1782 1688
1688 1782 1783 1689
1689 1783 1784 1690
1690 1784 1785 1691
1691 1785 1786 1692
1692 1786 1787 1693
1693 1787 1788 1694
1694 1788 1789 1695
1695 1789 1790 1696
1696 1790 1791 1697
1697 1791 1714 1698
1569 1728 1792 1570
1570 1792 1793 1571
1571 1793 1794 1572
1572 1794 1795 1573
1573 1795 1796 1574
1574 1796 1797 1575
1575 1797 1798 1576
1576 1798 1799 1577
1577 1799 1800 1578
1578 1800 1801 1579
1579 1801 1802 1580
1580 1802 1803 1581
1581 1803 1804 1582
1582 1804 1805 1583
1583 1805 1806 1584
1584 1806 1807 1585
1585 1807 1808 1586
1586 1808 1809 1587
1587 1809 1810 1588
1588 1810 1811 1589
1589 1811 1812 1590
1590 1812 1813 1591
1591 1813 1814 1592
1592 1814 1815 1593
1593 1815 1816 1594
1594 1816 1817 1595
1595 1817 1818 1596
1596 1818 1819 1597
1597 1819 1820 1598
1598 1820 1821 1599
1599 1821 1822 1600
1600 1822 1823 1601
1601 1823 1824 1602
1602 1824 1825 1603
1603 1825 1826 1604
1604 1826 1827 1605
1605 1827 1828 1606
1606 1828 1829 1607
1607 1829 1830 1608
1608 1830 1831 1609
1609 1831 1832 1610
1610 1832 1833 1611
1611 1833 1834 1612
1612 1834 1835 1613
1613 1835 1836 1614
1614 1836 1837 1615
1615 1837 1838 1616
1616 1838 1839 1617
1617 1839 1840 1618
1618 1840 1841 1619
1619 1841 1842 1620
1620 1842 1843 1621
1621 1843 1844 1622
1622 1844 1845 1623
1623 1845 1846 1624
1624 1846 1847 1625
1625 1847 1848 1626
1626 1848 1849 1627
1627 1849 1850 1628
1628 1850 1851 1629
1629 1851 1852 1630
1630 1852 1853 1631
1631 1853 1854 1632
1632 1854 1699 1633
1699 1854 1855 1700
1700 1855 1856 1701
1701 1856 1857 1702
1702 1857 1858 1703
1703 1858 1859 1704
1704 1859 1860 1705
1705 1860 1861 1706
1706 1861 1862 1707
1707 1862 1863 1708
1708 1863 1864 1709
1709 1864 1865 1710
1710 1865 1866 1711
1711 1866 1867 1712
1712 1867 1729 1713
1714 1791 1868 1715
1715 1868 1869 1716
1716 1869 1870 1717
1717 1870 1871 1718
1718 1871 1872 1719
1719 1872 1873 1720
1720 1873 1874 1721
1721 1874 1875 1722
1722 1875 1876 1723
1723 1876 1877 1724
1724 1877 1878 1725
1725 1878 1879 1726
1726 1879 1880 1727
1727 1880 1792 1728
1792 1880 1881 1793
1793 1881 1882 1794
1794 1882 1883 1795
1795 1883 1884 1796
1796 1884 1885 1797
1797 1885 1886 1798
1798 1886 1887 1799
1799 1887 1888 1800
1800 1888 1889 1801
1801 1889 1890 1802
1802 1890 1891 1803
1803 1891 1892 1804
1804 1892 1893 1805
1805 1893 1894 1806
1806 1894 1895 1807
1807 1895 1896 1808
1808 1896 1897 1809
1809 1897 1898 1810
1810 1898 1899 1811
1811 1899 1900 1812
1812 1900 1901 1813
1813 1901 1902 1814
1814 1902 1903 1815
1815 1903 1904 1816
1816 1904 1905 1817
1817 1905 1906 1818
1818 1906 1907 1819
1819 1907 1908 1820
1820 1908 1909 1821
1821 1909 1910 1822
1822 1910 1911 1823
1823 1911 1912 1824
1824 1912 1913 1825
1825 1913 1914 1826
1826 1914 1915 1827
1827 1915 1916 1828
1828 1916 1917 1829
1829 1917 1918 1830
1830 1918 1919 1831
1831 1919 1920 1832
1832 1920 1921 1833
1833 1921 1922 1834
1834 1922 1923 1835
1835 1923 1924 1836
1836 1924 1925 1837
1837 1925 1926 1838
1838 1926 1927 1839
1839 1927 1928 1840
1840 1928 1929 1841
1841 1929 1930 1842
1842 1930 1931 1843
1843 1931 1932 1844
1844 1932 1933 1845
1845 1933 1934 1846
1846 1934 1935 1847
1847 1935 1936 1848
1848 1936 1937 1849
1849 1937 1938 1850
1850 1938 1939 1851
1851 1939 1940 1852
1852 1940 1941 1853
1853 1941 1855 1854
1729 1867 1942 1730
1730 1942 1943 1731
1731 1943 1944 1732
1732 1944 1945 1733
1733 1945 1946 1734
1734 1946 1947 1735
1735 1947 1948 1736
1736 1948 1949 1737
1737 1949 1950 1738
1738 1950 1951 1739
1739 1951 1952 1740
1740 1952 1953 1741
1741 1953 1954 1742
1742 1954 1955 1743
1743 1955 1956 1744
1744 1956 1957 1745
1745 1957 1958 1746
1746 1958 1959 1747
1747 1959 1960 1748
1748 1960 1961 1749
1749 1961 1962 1750
1750 1962 1963 1751
1751 1963 1964 1752
1752 1964 1965 1753
1753 1965 1966 1754
1754 1966 1967 1755
1755 1967 1968 1756
1756 1968 1969 1757
1757 1969 1970 1758
1758 1970 1971 1759
1759 1971 1972 1760
1760 1972 1973 1761
1761 1973 1974 1762
1762 1974 1975 1763
1763 1975 1976 1764
1764 1976 1977 1765
1765 1977 1978 1766
1766 1978 1979 1767
1767 1979 1980 1768
1768 1980 1981 1769
1769 1981 1982 1770
1770 1982 1983 1771
1771 1983 1984 1772
1772 1984 1985 1773
1773 1985 1986 1774
1774 1986 1987 1775
1775 1987 1988 1776
1776 1988 1989 1777
1777 1989 1990 1778
1778 1990 1991 1779
1779 1991 1992 1780
1780 1992 1993 1781
1781 1993 1994 1782
1782 1994 1995 1783
1783 1995 1996 1784
1784 1996 1997 1785
1785 1997 1998 1786
1786 1998 1999 1787
1787 1999 2000 1788
1788 2000 2001 1789
1789 2001 2002 1790
1790 2002 1868 1791
1855 1941 2003 1856
1856 2003 2004 1857
1857 2004 2005 1858
1858 2005 2006 1859
1859 2006 2007 1860
1860 2007 2008 1861
1861 2008 2009 1862
1862 2009 2010 1863
1863 2010 2011 1864
1864 2011 2012 1865
1865 2012 2013 1866
1866 2013 1942 1867
1868 2002 2014 1869
1869 2014 2015 1870
1870 2015 2016 1871
1871 2016 2017 1872
1872 2017 2018 1873
1873 2018 2019 1874
1874 2019 2020 1875
1875 2020 2021 1876
1876 2021 2022 1877
1877 2022 2023 1878
1878 2023 2024 1879
1879 2024 1881 1880
1942 2013 2025 1943
1943 2025 2026 1944
1944 2026 2027 1945
1945 2027 2028 1946
1946 2028 2029 1947
1947 2029 2030 1948
1948 2030 2031 1949
1949 2031 2032 1950
1950 2032 2033 1951
1951 2033 2034 1952
1952 2034 2035 1953
1953 2035 2036 1954
1954 2036 2037 1955
1955 2037 2038 1956
1956 2038 2039 1957
1957 2039 2040 1958
1958 2040 2041 1959
1959 2041 2042 1960
1960 2042 2043 1961
1961 2043 2044 1962
1962 2044 2045 1963
1963 2045 2046 1964
1964 2046 2047 1965
1965 2047 2048 1966
1966 2048 2049 1967
1967 2049 2050 1968
1968 2050 2051 1969
1969 2051 2052 1970
1970 2052 2053 1971
1971 2053 2054 1972
1972 2054 2055 1973
1973 2055 2056 1974
1974 2056 2057 1975
1975 2057 2058 1976
1976 2058 2059 1977
1977 2059 2060 1978
1978 2060 2061 1979
1979 2061 2062 1980
1980 2062 2063 1981
1981 2063 2064 1982
1982 2064 2065 1983
1983 2065 2066 1984
1984 2066 2067 1985
1985 2067 2068 1986
1986 2068 2069 1987
1987 2069 2070 1988
1988 2070 2071 1989
1989 2071 2072 1990
1990 2072 2073 1991
1991 2073 2074 1992
1992 2074 2075 1993
1993 2075 2076 1994
1994 2076 2077 1995
1995 2077 2078 1996
1996 2078 2079 1997
1997 2079 2080 1998
1998 2080 2081 1999
1999 2081 2082 2000
2000 2082 2083 2001
2001 2083 2014 2002
1881 2024 2084 1882
1882 2084 2085 1883
1883 2085 2086 1884
1884 2086 2087 1885
1885 2087 2088 1886
1886 2088 2089 1887
1887 2089 2090 1888
1888 2090 2091 1889
1889 2091 2092 1890
1890 2092 2093 1891
1891 2093 2094 1892
1892 2094 2095 1893
1893 2095 2096 1894
1894 2096 2097 1895
1895 2097 2098 1896
1896 2098 2099 1897
1897 2099 2100 1898
1898 2100 2101 1899
1899 2101 2102 1900
1900 2102 2103 1901
1901 2103 2104 1902
1902 2104 2105 1903
1903 2105 2106 1904
1904 2106 2107 1905
1905 2107 2108 1906
1906 2108 2109 1907
1907 2109 2110 1908
1908 2110 2111 1909
1909 2111 2112 1910
1910 2112 2113 1911
1911 2113 2114 1912
1912 2114 2115 1913
1913 2115 2116 1914
1914 2116 2117 1915
1915 2117 2118 1916
1916 2118 2119 1917
1917 2119 2120 1918
1918 2120 2121 1919
1919 2121 2122 1920
1920 2122 2123 1921
1921 2123 2124 1922
1922 2124 2125 1923
1923 2125 2126 1924
1924 2126 2127 1925
1925 2127 2128 1926
1926 2128 2129 1927
1927 2129 2130 1928
1928 2130 2131 1929
1929 2131 2132 1930
1930 2132 2133 1931
1931 2133 2134 1932
1932 2134 2135 1933
1933 2135 2136 1934
1934 2136 2137 1935
1935 2137 2138 1936
1936 2138 2139 1937
1937 2139 2140 1938
1938 2140 2141 1939
1939 2141 2142 1940
1940 2142 2003 1941
2003 2142 2143 2004
2004 2143 2144 2005
2005 2144 2145 2006
2006 2145 2146 2007
2007 2146 2147 2008
2008 2147 2148 2009
2009 2148 2149 2010
2010 2149 2150 2011
2011 2150 2151 2012
2012 2151 2025 2013
2014 2083 2152 2015
2015 2152 2153 2016
2016 2153 2154 2017
2017 2154 2155 2018
2018 2155 2156 2019
2019 2156 2157 2020
2020 2157 2158 2021
2021 2158 2159 2022
2022 2159 2160 2023
2023 2160 2084 2024
2025 2151 2161 2026
2026 2161 2162 2027
2027 2162 2163 2028
2028 2163 2164 2029
2029 2164 2165 2030
2030 2165 2166 2031
2031 2166 2167 2032
2032 2167 2168 2033
2033 2168 2169 2034
2034 2169 2170 2035
2035 2170 2171 2036
2036 2171 2172 2037
2037 2172 2173 2038
2038 2173 2174 2039
2039 2174 2175 2040
2040 2175 2176 2041
2041 2176 2177 2042
2042 2177 2178 2043
2043 2178 2179 2044
2044 2179 2180 2045
2045 2180 2181 2046
2046 2181 2182 2047
2047 2182 2183 2048
2048 2183 2184 2049
2049 2184 2185 2050
2050 2185 2186 2051
2051 2186 2187 2052
2052 2187 2188 2053
2053 2188 2189 2054
2054 2189 2190 2055
2055 2190 2191 2056
2056 2191 2192 2057
2057 2192 2193 2058
2058 2193 2194 2059
2059 2194 2195 2060
2060 2195 2196 2061
2061 2196 2197 2062
2062 2197 2198 2063
2063 2198 2199 2064
2064 2199 2200 2065
2065 2200 2201 2066
2066 2201 2202 2067
2067 2202 2203 2068
2068 2203 2204 2069
2069 2204 2205 2070
2070 2205 2206 2071
2071 2206 2207 2072
2072 2207 2208 2073
2073 2208 2209 2074
2074 2209 2210 2075
2075 2210 2211 2076
2076 2211 2212 2077
2077 2212 2213 2078
2078 2213 2214 2079
2079 2214 2215 2080
2080 2215 2216 2081
2081 2216 2217 2082
2082 2217 2152 2083
2084 2160 2218 2085
2085 2218 2219 2086
2086 2219 2220 2087
2087 2220 2221 2088
2088 2221 2222 2089
2089 2222 2223 2090
2090 2223 2224 2091
2091 2224 2225 2092
2092 2225 2226 2093
2093 2226 2227 2094
2094 2227 2228 2095
2095 2228 2229 2096
2096 2229 2230 2097
2097 2230 2231 2098
2098 2231 2232 2099
2099 2232 2233 2100
2100 2233 2234 2101
2101 2234 2235 2102
2102 2235 2236 2103
2103 2236 2237 2104
2104 2237 2238 2105
2105 2238 2239 2106
2106 2239 2240 2107
2107 2240 2241 2108
2108 2241 2242 2109
2109 2242 2243 2110
2110 2243 2244 2111
2111 2244 2245 2112
2112 2245 2246 2113
2113 2246 2247 2114
2114 2247 2248 2115
2115 2248 2249 2116
2116 2249 2250 2117
2117 2250 2251 2118
2118 2251 2252 2119
2119 2252 2253 2120
2120 2253 2254 2121
2121 2254 2255 2122
2122 2255 2256 2123
2123 2256 2257 2124
2124 2257 2258 2125
2125 2258 2259 2126
2126 2259 2260 2127
2127 2260 2261 2128
2128 2261 2262 2129
2129 2262 2263 2130
2130 2263 2264 2131
2131 2264 2265 2132
2132 2265 2266 2133
2133 2266 2267 2134
2134 2267 2268 2135
2135 2268 2269 2136
2136 2269 2270 2137
2137 2270 2271 2138
2138 2271 2272 2139
2139 2272 2273 2140
2140 2273 2274 2141
2141 2274 2143 2142
2143 2274 2275 2144
2144 2275 2276 2145
2145 2276 2277 2146
2146 2277 2278 2147
2147 2278 2279 2148
2148 2279 2280 2149
2149 2280 2281 2150
2150 2281 2161 2151
2152 2217 2282 2153
2153 2282 2283 2154
2154 2283 2284 2155
2155 2284 2285 2156
2156 2285 2286 2157
2157 2286 2287 2158
2158 2287 2288 2159
2159 2288 2218 2160
2161 2281 2289 2162
2162 2289 2290 2163
2163 2290 2291 2164
2164 2291 2292 2165
2165 2292 2293 2166
2166 2293 2294 2167
2167 2294 2295 2168
2168 2295 2296 2169
2169 2296 2297 2170
2170 2297 2298 2171
2171 2298 2299 2172
2172 2299 2300 2173
2173 2300 2301 2174
2174 2301 2302 2175
2175 2302 2303 2176
2176 2303 2304 2177
2177 2304 2305 2178
2178 2305 2306 2179
2179 2306 2307 2180
2180 2307 2308 2181
2181 2308 2309 2182
2182 2309 2310 2183
2183 2310 2311 2184
2184 2311 2312 2185
2185 2312 2313 2186
2186 2313 2314 2187
2187 2314 2315 2188
2188 2315 2316 2189
2189 2316 2317 2190
2190 2317 2318 2191
2191 2318 2319 2192
2192 2319 2320 2193
2193 2320 2321 2194
2194 2321 2322 2195
2195 2322 2323 2196
2196 2323 2324 2197
2197 2324 2325 2198
2198 2325 2326 2199
2199 2326 2327 2200
2200 2327 2328 2201
2201 2328 2329 2202
2202 2329 2330 2203
2203 2330 2331 2204
2204 2331 2332 2205
2205 2332 2333 2206
2206 2333 2334 2207
2207 2334 2335 2208
2208 2335 2336 2209
2209 2336 2337 2210
2210 2337 2338 2211
2211 2338 2339 2212
2212 2339 2340 2213
2213 2340 2341 2214
2214 2341 2342 2215
2215 2342 2343 2216
2216 2343 2282 2217
2218 2288 2344 2219
2219 2344 2345 2220
2220 2345 2346 2221
2221 2346 2347 2222
2222 2347 2348 2223
2223 2348 2349 2224
2224 2349 2350 2225
2225 2350 2351 2226
2226 2351 2352 2227
2227 2352 2353 2228
2228 2353 2354 2229
2229 2354 2355 2230
2230 2355 2356 2231
2231 2356 2357 2232
2232 2357 2358 2233
2233 2358 2359 2234
2234 2359 2360 2235
2235 2360 2361 2236
2236 2361 2362 2237
2237 2362 2363 2238
2238 2363 2364 2239
2239 2364 2365 2240
2240 2365 2366 2241
2241 2366 2367 2242
2242 2367 2368 2243
2243 2368 2369 2244
2244 2369 2370 2245
2245 2370 2371 2246
2246 2371 2372 2247
2247 2372 2373 2248
2248 2373 2374 2249
2249 2374 2375 2250
2250 2375 2376 2251
2251 2376 2377 2252
2252 2377 2378 2253
2253 2378 2379 2254
2254 2379 2380 2255
2255 2380 2381 2256
2256 2381 2382 2257
2257 2382 2383 2258
2258 2383 2384 2259
2259 2384 2385 2260
2260 2385 2386 2261
2261 2386 2387 2262
2262 2387 2388 2263
2263 2388 2389 2264
2264 2389 2390 2265
2265 2390 2391 2266
2266 2391 2392 2267
2267 2392 2393 2268
2268 2393 2394 2269
2269 2394 2395 2270
2270 2395 2396 2271
2271 2396 2397 2272
2272 2397 2398 2273
2273 2398 2275 2274
2275 2398 2399 2276
2276 2399 2400 2277
2277 2400 2401 2278
2278 2401 2402 2279
2279 2402 2403 2280
2280 2403 2289 2281
2282 2343 2404 2283
2283 2404 2405 2284
2284 2405 2406 2285
2285 2406 2407 2286
2286 2407 2408 2287
2287 2408 2344 2288
2289 2403 2409 2290
2290 2409 2410 2291
2291 2410 2411 2292
2292 2411 2412 2293
2293 2412 2413 2294
2294 2413 2414 2295
2295 2414 2415 2296
2296 2415 2416 2297
2297 2416 2417 2298
2298 2417 2418 2299
2299 2418 2419 2300
2300 2419 2420 2301
2301 2420 2421 2302
2302 2421 2422 2303
2303 2422 2423 2304
2304 2423 2424 2305
2305 2424 2425 2306
2306 2425 2426 2307
2307 2426 2427 2308
2308 2427 2428 2309
2309 2428 2429 2310
2310 2429 2430 2311
2311 2430 2431 2312
2312 2431 2432 2313
2313 2432 2433 2314
2314 2433 2434 2315
2315 2434 2435 2316
2316 2435 2436 2317
2317 2436 2437 2318
2318 2437 2438 2319
2319 2438 2439 2320
2320 2439 2440 2321
2321 2440 2441 2322
2322 2441 2442 2323
2323 2442 2443 2324
2324 2443 2444 2325
2325 2444 2445 2326
2326 2445 2446 2327
2327 2446 2447 2328
2328 2447 2448 2329
2329 2448 2449 2330
2330 2449 2450 2331
2331 2450 2451 2332
2332 2451 2452 2333
2333 2452 2453 2334
2334 2453 2454 2335
2335 2454 2455 2336
2336 2455 2456 2337
2337 2456 2457 2338
2338 2457 2458 2339
2339 2458 2459 2340
2340 2459 2460 2341
2341 2460 2461 2342
2342 2461 2404 2343
2344 2408 2462 2345
2345 2462 2463 2346
2346 2463 2464 2347
2347 2464 2465 2348
2348 2465 2466 2349
2349 2466 2467 2350
2350 2467 2468 2351
2351 2468 2469 2352
2352 2469 2470 2353
2353 2470 2471 2354
2354 2471 2472 2355
2355 2472 2473 2356
2356 2473 2474 2357
2357 2474 2475 2358
2358 2475 2476 2359
2359 2476 2477 2360
2360 2477 2478 2361
2361 2478 2479 2362
2362 2479 2480 2363
2363 2480 2481 2364
2364 2481 2482 2365
2365 2482 2483 2366
2366 2483 2484 2367
2367 2484 2485 2368
2368 2485 2486 2369
2369 2486 2487 2370
2370 2487 2488 2371
2371 2488 2489 2372
2372 2489 2490 2373
2373 2490 2491 2374
2374 2491 2492 2375
2375 2492 2493 2376
2376 2493 2494 2377
2377 2494 2495 2378
2378 2495 2496 2379
2379 2496 2497 2380
2380 2497 2498 2381
2381 2498 2499 2382
2382 2499 2500 2383
2383 2500 2501 2384
2384 2501 2502 2385
2385 2502 2503 2386
2386 2503 2504 2387
2387 2504 2505 2388
2388 2505 2506 2389
2389 2506 2507 2390
2390 2507 2508 2391
2391 2508 2509 2392
2392 2509 2510 2393
2393 2510 2511 2394
2394 2511 2512 2395
2395 2512 2513 2396
2396 2513 2514 2397
2397 2514 2399 2398
2399 2514 2515 2400
2400 2515 2516 2401
2401 2516 2517 2402
2402 2517 2409 2403
2404 2461 2518 2405
2405 2518 2519 2406
2406 2519 2520 2407
2407 2520 2462 2408
2409 2517 2521 2410
2410 2521 2522 2411
2411 2522 2523 2412
2412 2523 2524 2413
2413 2524 2525 2414
2414 2525 2526 2415
2415 2526 2527 2416
2416 2527 2528 2417
2417 2528 2529 2418
2418 2529 2530 2419
2419 2530 2531 2420
2420 2531 2532 2421
2421 2532 2533 2422
2422 2533 2534 2423
2423 2534 2535 2424
2424 2535 2536 2425
2425 2536 2537 2426
2426 2537 2538 2427
2427 2538 2539 2428
2428 2539 2540 2429
2429 2540 2541 2430
2430 2541 2542 2431
2431 2542 2543 2432
2432 2543 2544 2433
2433 2544 2545 2434
2434 2545 2546 2435
2435 2546 2547 2436
2436 2547 2548 2437
2437 2548 2549 2438
2438 2549 2550 2439
2439 2550 2551 2440
2440 2551 2552 2441
2441 2552 2553 2442
2442 2553 2554 2443
2443 2554 2555 2444
2444 2555 2556 2445
2445 2556 2557 2446
2446 2557 2558 2447
2447 2558 2559 2448
2448 2559 2560 2449
2449 2560 2561 2450
2450 2561 2562 2451
2451 2562 2563 2452
2452 2563 2564 2453
2453 2564 2565 2454
2454 2565 2566 2455
2455 2566 2567 2456
2456 2567 2568 2457
2457 2568 2569 2458
2458 2569 2570 2459
2459 2570 2571 2460
2460 2571 2518 2461
2462 2520 2572 2463
2463 2572 2573 2464
2464 2573 2574 2465
2465 2574 2575 2466
2466 2575 2576 2467
2467 2576 2577 2468
2468 2577 2578 2469
2469 2578 2579 2470
2470 2579 2580 2471
2471 2580 2581 2472
2472 2581 2582 2473
2473 2582 2583 2474
2474 2583 2584 2475
2475 2584 2585 2476
2476 2585 2586 2477
2477 2586 2587 2478
2478 2587 2588 2479
2479 2588 2589 2480
2480 2589 2590 2481
2481 2590 2591 2482
2482 2591 2592 2483
2483 2592 2593 2484
2484 2593 2594 2485
2485 2594 2595 2486
2486 2595 2596 2487
2487 2596 2597 2488
2488 2597 2598 2489
2489 2598 2599 2490
2490 2599 2600 2491
2491 2600 2601 2492
2492 2601 2602 2493
2493 2602 2603 2494
2494 2603 2604 2495
2495 2604 2605 2496
2496 2605 2606 2497
2497 2606 2607 2498
2498 2607 2608 2499
2499 2608 2609 2500
2500 2609 2610 2501
2501 2610 2611 2502
2502 2611 2612 2503
2503 2612 2613 2504
2504 2613 2614 2505
2505 2614 2615 2506
2506 2615 2616 2507
2507 2616 2617 2508
2508 2617 2618 2509
2509 2618 2619 2510
2510 2619 2620 2511
2511 2620 2621 2512
2512 2621 2622 2513
2513 2622 2515 2514
2515 2622 2623 2516
2516 2623 2521 2517
2518 2571 2624 2519
2519 2624 2572 2520
2521 2623 2625 2522
2522 2625 2626 2523
2523 2626 2627 2524
2524 2627 2628 2525
2525 2628 2629 2526
2526 2629 2630 2527
2527 2630 2631 2528
2528 2631 2632 2529
2529 2632 2633 2530
2530 2633 2634 2531
2531 2634 2635 2532
2532 2635 2636 2533
2533 2636 2637 2534
2534 2637 2638 2535
2535 2638 2639 2536
2536 2639 2640 2537
2537 2640 2641 2538
2538 2641 2642 2539
2539 2642 2643 2540
2540 2643 2644 2541
2541 2644 2645 2542
2542 2645 2646 2543
2543 2646 2647 2544
2544 2647 2648 2545
2545 2648 2649 2546
2546 2649 2650 2547
2547 2650 2651 2548
2548 2651 2652 2549
2549 2652 2653 2550
2550 2653 2654 2551
2551 2654 2655 2552
2552 2655 2656 2553
2553 2656 2657 2554
2554 2657 2658 2555
2555 2658 2659 2556
2556 2659 2660 2557
2557 2660 2661 2558
2558 2661 2662 2559
2559 2662 2663 2560
2560 2663 2664 2561
2561 2664 2665 2562
2562 2665 2666 2563
2563 2666 2667 2564
2564 2667 2668 2565
2565 2668 2669 2566
2566 2669 2670 2567
2567 2670 2671 2568
2568 2671 2672 2569
2569 2672 2673 2570
2570 2673 2624 2571
2572 2624 2673 2573
2573 2673 2672 2574
2574 2672 2671 2575
2575 2671 2670 2576
2576 2670 2669 2577
2577 2669 2668 2578
2578 2668 2667 2579
2579 2667 2666 2580
2580 2666 2665 2581
2581 2665 2664 2582
2582 2664 2663 2583
2583 2663 2662 2584
2584 2662 2661 2585
2585 2661 2660 2586
2586 2660 2659 2587
2587 2659 2658 2588
2588 2658 2657 2589
2589 2657 2656 2590
2590 2656 2655 2591
2591 2655 2654 2592
2592 2654 2653 2593
2593 2653 2652 2594
2594 2652 2651 2595
2595 2651 2650 2596
2596 2650 2649 2597
2597 2649 2648 2598
2598 2648 2647 2599
2599 2647 2646 2600
2600 2646 2645 2601
2601 2645 2644 2602
2602 2644 2643 2603
2603 2643 2642 2604
2604 2642 2641 2605
2605 2641 2640 2606
2606 2640 2639 2607
2607 2639 2638 2608
2608 2638 2637 2609
2609 2637 2636 2610
2610 2636 2635 2611
2611 2635 2634 2612
2612 2634 2633 2613
2613 2633 2632 2614
2614 2632 2631 2615
2615 2631 2630 2616
2616 2630 2629 2617
2617 2629 2628 2618
2618 2628 2627 2619
2619 2627 2626 2620
2625 2621 2620 2626
2621 2625 2623 2622
