80
             1             2             2           146
           220             2           146           147
           219             2           147           148
           218             2           148           149
           217             2           149           150
           216             2           150           151
           215             2           151           152
           214             2           152           153
           213             2           153           154
           212             2           154           155
           211             2           155           156
           210             2           156           157
           209             2           157           158
           208             2           158           159
           207             2           159           160
           206             2           160           161
           205             2           161           162
           204             2           162           163
           203             2           163           164
           202             2           164           165
           201             2           165           166
           200             2           166           167
           199             2           167           168
           198             2           168           169
           197             2           169           170
           196             2           170           171
           195             2           171           172
           194             2           172           173
           193             2           173           174
           192             2           174           175
           191             2           175           176
           190             2           176           177
           189             2           177           178
           188             2           178           179
           187             2           179           180
           186             2           180           181
           185             2           181           182
           184             2           182           183
           183             2           183           184
           182             2           184           185
           181             2           185           186
           180             2           186           187
           179             2           187           188
           178             2           188           189
           177             2           189           190
           176             2           190           191
           175             2           191           192
           174             2           192           193
           173             2           193           194
           172             2           194           195
           171             2           195           196
           170             2           196           197
           169             2           197           198
           168             2           198           199
           167             2           199           200
           166             2           200           201
           165             2           201           202
           164             2           202           203
           163             2           203           204
           162             2           204           205
           161             2           205           206
           160             2           206           207
           159             2           207           208
           158             2           208           209
           157             2           209           210
           156             2           210           211
           155             2           211           212
           154             2           212           213
           153             2           213           214
           152             2           214           215
           151             2           215           216
           150             2           216           217
           149             2           217           218
           148             2           218           219
           147             2           219           220
           146             2           220           221
           145             2           221           222
           144             2           222           223
           143             2           223           224
            64             2           224           114
