144
            64             2           114           115
            63             2           115           116
            62             2           116           117
            61             2           117           118
            60             2           118           119
            59             2           119           120
            58             2           120           121
            57             2           121           122
            56             2           122           123
            55             2           123           124
            54             2           124           125
            53             2           125           126
            52             2           126           127
            51             2           127           128
            50             2           128           129
            49             2           129           130
            48             2           130           131
            47             2           131           132
            46             2           132           133
            45             2           133           134
            44             2           134           135
            43             2           135           136
            42             2           136           137
            41             2           137           138
            40             2           138           139
            39             2           139           140
            38             2           140           141
            37             2           141           142
            36             2           142           143
            35             2           143           144
            34             2           144           145
            33             2           145            34
            33             2            34            35
           142             2            35            36
           141             2            36            37
           140             2            37            38
           139             2            38            39
           138             2            39            40
           137             2            40            41
           136             2            41            42
           135             2            42            43
           134             2            43            44
           133             2            44            45
           132             2            45            46
           131             2            46            47
           130             2            47            48
           129             2            48            49
           128             2            49            50
           127             2            50            51
           126             2            51            52
           125             2            52            53
           124             2            53            54
           123             2            54            55
           122             2            55            56
           121             2            56            57
           120             2            57            58
           119             2            58            59
           118             2            59            60
           117             2            60            61
           116             2            61            62
           115             2            62            63
           114             2            63            64
           113             2            64            65
           112             2            65            66
           111             2            66            67
           110             2            67            68
           109             2            68            69
           108             2            69            70
           107             2            70            71
           106             2            71            72
           105             2            72            73
           104             2            73            74
           103             2            74            75
           102             2            75            76
           101             2            76            77
           100             2            77            78
            99             2            78            79
            98             2            79            80
            97             2            80            81
            96             2            81            82
            95             2            82            83
            94             2            83            84
            93             2            84            85
            92             2            85            86
            91             2            86            87
            90             2            87            88
            89             2            88            89
            88             2            89            90
            87             2            90            91
            86             2            91            92
            85             2            92            93
            84             2            93            94
            83             2            94            95
            82             2            95            96
            81             2            96            97
            80             2            97            98
            79             2            98            99
            78             2            99           100
            77             2           100           101
            76             2           101           102
            75             2           102           103
            74             2           103           104
            73             2           104           105
            72             2           105           106
            71             2           106           107
            70             2           107           108
            69             2           108           109
            68             2           109           110
            67             2           110           111
            66             2           111           112
            65             2           112           113
            32             2           113             1
            32             2             1             3
            31             2             3             4
            30             2             4             5
            29             2             5             6
            28             2             6             7
            27             2             7             8
            26             2             8             9
            25             2             9            10
            24             2            10            11
            23             2            11            12
            22             2            12            13
            21             2            13            14
            20             2            14            15
            19             2            15            16
            18             2            16            17
            17             2            17            18
            16             2            18            19
            15             2            19            20
            14             2            20            21
            13             2            21            22
            12             2            22            23
            11             2            23            24
            10             2            24            25
             9             2            25            26
             8             2            26            27
             7             2            27            28
             6             2            28            29
             5             2            29            30
             4             2            30            31
             3             2            31            32
             2             2            32            33
             1             2            33             2
