            2673
  2.0000000000e+05  0.0000000000e+00
  2.0000000000e+05  8.0000000000e+04
  2.0000000000e+05  2.5000000000e+03
  2.0000000000e+05  5.0000000000e+03
  2.0000000000e+05  7.5000000000e+03
  2.0000000000e+05  1.0000000000e+04
  2.0000000000e+05  1.2500000000e+04
  2.0000000000e+05  1.5000000000e+04
  2.0000000000e+05  1.7500000000e+04
  2.0000000000e+05  2.0000000000e+04
  2.0000000000e+05  2.2500000000e+04
  2.0000000000e+05  2.5000000000e+04
  2.0000000000e+05  2.7500000000e+04
  2.0000000000e+05  3.0000000000e+04
  2.0000000000e+05  3.2500000000e+04
  2.0000000000e+05  3.5000000000e+04
  2.0000000000e+05  3.7500000000e+04
  2.0000000000e+05  4.0000000000e+04
  2.0000000000e+05  4.2500000000e+04
  2.0000000000e+05  4.5000000000e+04
  2.0000000000e+05  4.7500000000e+04
  2.0000000000e+05  5.0000000000e+04
  2.0000000000e+05  5.2500000000e+04
  2.0000000000e+05  5.5000000000e+04
  2.0000000000e+05  5.7500000000e+04
  2.0000000000e+05  6.0000000000e+04
  2.0000000000e+05  6.2500000000e+04
  2.0000000000e+05  6.5000000000e+04
  2.0000000000e+05  6.7500000000e+04
  2.0000000000e+05  7.0000000000e+04
  2.0000000000e+05  7.2500000000e+04
  2.0000000000e+05  7.5000000000e+04
  2.0000000000e+05  7.7500000000e+04
  0.0000000000e+00  0.0000000000e+00
  2.5000000000e+03  0.0000000000e+00
  5.0000000000e+03  0.0000000000e+00
  7.5000000000e+03  0.0000000000e+00
  1.0000000000e+04  0.0000000000e+00
  1.2500000000e+04  0.0000000000e+00
  1.5000000000e+04  0.0000000000e+00
  1.7500000000e+04  0.0000000000e+00
  2.0000000000e+04  0.0000000000e+00
  2.2500000000e+04  0.0000000000e+00
  2.5000000000e+04  0.0000000000e+00
  2.7500000000e+04  0.0000000000e+00
  3.0000000000e+04  0.0000000000e+00
  3.2500000000e+04  0.0000000000e+00
  3.5000000000e+04  0.0000000000e+00
  3.7500000000e+04  0.0000000000e+00
  4.0000000000e+04  0.0000000000e+00
  4.2500000000e+04  0.0000000000e+00
  4.5000000000e+04  0.0000000000e+00
  4.7500000000e+04  0.0000000000e+00
  5.0000000000e+04  0.0000000000e+00
  5.2500000000e+04  0.0000000000e+00
  5.5000000000e+04  0.0000000000e+00
  5.7500000000e+04  0.0000000000e+00
  6.0000000000e+04  0.0000000000e+00
  6.2500000000e+04  0.0000000000e+00
  6.5000000000e+04  0.0000000000e+00
  6.7500000000e+04  0.0000000000e+00
  7.0000000000e+04  0.0000000000e+00
  7.2500000000e+04  0.0000000000e+00
  7.5000000000e+04  0.0000000000e+00
  7.7500000000e+04  0.0000000000e+00
  8.0000000000e+04  0.0000000000e+00
  8.2500000000e+04  0.0000000000e+00
  8.5000000000e+04  0.0000000000e+00
  8.7500000000e+04  0.0000000000e+00
  9.0000000000e+04  0.0000000000e+00
  9.2500000000e+04  0.0000000000e+00
  9.5000000000e+04  0.0000000000e+00
  9.7500000000e+04  0.0000000000e+00
  1.0000000000e+05  0.0000000000e+00
  1.0250000000e+05  0.0000000000e+00
  1.0500000000e+05  0.0000000000e+00
  1.0750000000e+05  0.0000000000e+00
  1.1000000000e+05  0.0000000000e+00
  1.1250000000e+05  0.0000000000e+00
  1.1500000000e+05  0.0000000000e+00
  1.1750000000e+05  0.0000000000e+00
  1.2000000000e+05  0.0000000000e+00
  1.2250000000e+05  0.0000000000e+00
  1.2500000000e+05  0.0000000000e+00
  1.2750000000e+05  0.0000000000e+00
  1.3000000000e+05  0.0000000000e+00
  1.3250000000e+05  0.0000000000e+00
  1.3500000000e+05  0.0000000000e+00
  1.3750000000e+05  0.0000000000e+00
  1.4000000000e+05  0.0000000000e+00
  1.4250000000e+05  0.0000000000e+00
  1.4500000000e+05  0.0000000000e+00
  1.4750000000e+05  0.0000000000e+00
  1.5000000000e+05  0.0000000000e+00
  1.5250000000e+05  0.0000000000e+00
  1.5500000000e+05  0.0000000000e+00
  1.5750000000e+05  0.0000000000e+00
  1.6000000000e+05  0.0000000000e+00
  1.6250000000e+05  0.0000000000e+00
  1.6500000000e+05  0.0000000000e+00
  1.6750000000e+05  0.0000000000e+00
  1.7000000000e+05  0.0000000000e+00
  1.7250000000e+05  0.0000000000e+00
  1.7500000000e+05  0.0000000000e+00
  1.7750000000e+05  0.0000000000e+00
  1.8000000000e+05  0.0000000000e+00
  1.8250000000e+05  0.0000000000e+00
  1.8500000000e+05  0.0000000000e+00
  1.8750000000e+05  0.0000000000e+00
  1.9000000000e+05  0.0000000000e+00
  1.9250000000e+05  0.0000000000e+00
  1.9500000000e+05  0.0000000000e+00
  1.9750000000e+05  0.0000000000e+00
  0.0000000000e+00  8.0000000000e+04
  0.0000000000e+00  7.7500000000e+04
  0.0000000000e+00  7.5000000000e+04
  0.0000000000e+00  7.2500000000e+04
  0.0000000000e+00  7.0000000000e+04
  0.0000000000e+00  6.7500000000e+04
  0.0000000000e+00  6.5000000000e+04
  0.0000000000e+00  6.2500000000e+04
  0.0000000000e+00  6.0000000000e+04
  0.0000000000e+00  5.7500000000e+04
  0.0000000000e+00  5.5000000000e+04
  0.0000000000e+00  5.2500000000e+04
  0.0000000000e+00  5.0000000000e+04
  0.0000000000e+00  4.7500000000e+04
  0.0000000000e+00  4.5000000000e+04
  0.0000000000e+00  4.2500000000e+04
  0.0000000000e+00  4.0000000000e+04
  0.0000000000e+00  3.7500000000e+04
  0.0000000000e+00  3.5000000000e+04
  0.0000000000e+00  3.2500000000e+04
  0.0000000000e+00  3.0000000000e+04
  0.0000000000e+00  2.7500000000e+04
  0.0000000000e+00  2.5000000000e+04
  0.0000000000e+00  2.2500000000e+04
  0.0000000000e+00  2.0000000000e+04
  0.0000000000e+00  1.7500000000e+04
  0.0000000000e+00  1.5000000000e+04
  0.0000000000e+00  1.2500000000e+04
  0.0000000000e+00  1.0000000000e+04
  0.0000000000e+00  7.5000000000e+03
  0.0000000000e+00  5.0000000000e+03
  0.0000000000e+00  2.5000000000e+03
  1.9750000000e+05  8.0000000000e+04
  1.9500000000e+05  8.0000000000e+04
  1.9250000000e+05  8.0000000000e+04
  1.9000000000e+05  8.0000000000e+04
  1.8750000000e+05  8.0000000000e+04
  1.8500000000e+05  8.0000000000e+04
  1.8250000000e+05  8.0000000000e+04
  1.8000000000e+05  8.0000000000e+04
  1.7750000000e+05  8.0000000000e+04
  1.7500000000e+05  8.0000000000e+04
  1.7250000000e+05  8.0000000000e+04
  1.7000000000e+05  8.0000000000e+04
  1.6750000000e+05  8.0000000000e+04
  1.6500000000e+05  8.0000000000e+04
  1.6250000000e+05  8.0000000000e+04
  1.6000000000e+05  8.0000000000e+04
  1.5750000000e+05  8.0000000000e+04
  1.5500000000e+05  8.0000000000e+04
  1.5250000000e+05  8.0000000000e+04
  1.5000000000e+05  8.0000000000e+04
  1.4750000000e+05  8.0000000000e+04
  1.4500000000e+05  8.0000000000e+04
  1.4250000000e+05  8.0000000000e+04
  1.4000000000e+05  8.0000000000e+04
  1.3750000000e+05  8.0000000000e+04
  1.3500000000e+05  8.0000000000e+04
  1.3250000000e+05  8.0000000000e+04
  1.3000000000e+05  8.0000000000e+04
  1.2750000000e+05  8.0000000000e+04
  1.2500000000e+05  8.0000000000e+04
  1.2250000000e+05  8.0000000000e+04
  1.2000000000e+05  8.0000000000e+04
  1.1750000000e+05  8.0000000000e+04
  1.1500000000e+05  8.0000000000e+04
  1.1250000000e+05  8.0000000000e+04
  1.1000000000e+05  8.0000000000e+04
  1.0750000000e+05  8.0000000000e+04
  1.0500000000e+05  8.0000000000e+04
  1.0250000000e+05  8.0000000000e+04
  1.0000000000e+05  8.0000000000e+04
  9.7500000000e+04  8.0000000000e+04
  9.5000000000e+04  8.0000000000e+04
  9.2500000000e+04  8.0000000000e+04
  9.0000000000e+04  8.0000000000e+04
  8.7500000000e+04  8.0000000000e+04
  8.5000000000e+04  8.0000000000e+04
  8.2500000000e+04  8.0000000000e+04
  8.0000000000e+04  8.0000000000e+04
  7.7500000000e+04  8.0000000000e+04
  7.5000000000e+04  8.0000000000e+04
  7.2500000000e+04  8.0000000000e+04
  7.0000000000e+04  8.0000000000e+04
  6.7500000000e+04  8.0000000000e+04
  6.5000000000e+04  8.0000000000e+04
  6.2500000000e+04  8.0000000000e+04
  6.0000000000e+04  8.0000000000e+04
  5.7500000000e+04  8.0000000000e+04
  5.5000000000e+04  8.0000000000e+04
  5.2500000000e+04  8.0000000000e+04
  5.0000000000e+04  8.0000000000e+04
  4.7500000000e+04  8.0000000000e+04
  4.5000000000e+04  8.0000000000e+04
  4.2500000000e+04  8.0000000000e+04
  4.0000000000e+04  8.0000000000e+04
  3.7500000000e+04  8.0000000000e+04
  3.5000000000e+04  8.0000000000e+04
  3.2500000000e+04  8.0000000000e+04
  3.0000000000e+04  8.0000000000e+04
  2.7500000000e+04  8.0000000000e+04
  2.5000000000e+04  8.0000000000e+04
  2.2500000000e+04  8.0000000000e+04
  2.0000000000e+04  8.0000000000e+04
  1.7500000000e+04  8.0000000000e+04
  1.5000000000e+04  8.0000000000e+04
  1.2500000000e+04  8.0000000000e+04
  1.0000000000e+04  8.0000000000e+04
  7.5000000000e+03  8.0000000000e+04
  5.0000000000e+03  8.0000000000e+04
  2.5000000000e+03  8.0000000000e+04
  1.9749930000e+05  7.7498120000e+04
  1.9749980000e+05  7.4999000000e+04
  1.9750060000e+05  7.2499470000e+04
  1.9750050000e+05  6.9999780000e+04
  1.9750040000e+05  6.7499960000e+04
  1.9750030000e+05  6.5000040000e+04
  1.9750010000e+05  6.2500070000e+04
  1.9750010000e+05  6.0000070000e+04
  1.9750000000e+05  5.7500060000e+04
  1.9750000000e+05  5.5000040000e+04
  1.9750000000e+05  5.2500030000e+04
  1.9750000000e+05  5.0000020000e+04
  1.9750000000e+05  4.7500010000e+04
  1.9750000000e+05  4.5000010000e+04
  1.9750000000e+05  4.2500000000e+04
  1.9750000000e+05  4.0000000000e+04
  1.9750000000e+05  3.7500000000e+04
  1.9750000000e+05  3.5000000000e+04
  1.9750000000e+05  3.2500000000e+04
  1.9750000000e+05  3.0000000000e+04
  1.9750000000e+05  2.7500000000e+04
  1.9750000000e+05  2.5000000000e+04
  1.9750000000e+05  2.2500000000e+04
  1.9750000000e+05  2.0000000000e+04
  1.9750000000e+05  1.7499590000e+04
  1.9750030000e+05  1.4998450000e+04
  1.9750090000e+05  1.2499320000e+04
  1.9749970000e+05  9.9993000000e+03
  1.9750000000e+05  7.5003780000e+03
  1.9750010000e+05  5.0002200000e+03
  1.9749970000e+05  2.5004510000e+03
  2.5006970000e+03  2.5018810000e+03
  2.5001580000e+03  5.0010010000e+03
  2.4994060000e+03  7.5005260000e+03
  2.4994590000e+03  1.0000220000e+04
  2.4995690000e+03  1.2500040000e+04
  2.4997230000e+03  1.4999960000e+04
  2.4998420000e+03  1.7499930000e+04
  2.4999160000e+03  1.9999930000e+04
  2.4999580000e+03  2.2499950000e+04
  2.4999800000e+03  2.4999960000e+04
  2.4999910000e+03  2.7499970000e+04
  2.4999960000e+03  2.9999980000e+04
  2.4999980000e+03  3.2499990000e+04
  2.4999990000e+03  3.4999990000e+04
  2.5000000000e+03  3.7500000000e+04
  2.5000000000e+03  4.0000000000e+04
  2.5000000000e+03  4.2500000000e+04
  2.5000000000e+03  4.5000000000e+04
  2.5000000000e+03  4.7500000000e+04
  2.5000000000e+03  5.0000000000e+04
  2.5000000000e+03  5.2500000000e+04
  2.5000000000e+03  5.5000000000e+04
  2.5000000000e+03  5.7500000000e+04
  2.5000000000e+03  6.0000000000e+04
  2.5000360000e+03  6.2500410000e+04
  2.4996850000e+03  6.5001550000e+04
  2.4990780000e+03  6.7500680000e+04
  2.5002850000e+03  7.0000700000e+04
  2.5000010000e+03  7.2499620000e+04
  2.4999360000e+03  7.4999780000e+04
  2.5003410000e+03  7.7499550000e+04
  1.9500010000e+05  2.5004070000e+03
  1.9250010000e+05  2.4997950000e+03
  1.9000000000e+05  2.4995750000e+03
  1.8750010000e+05  2.4996220000e+03
  1.8500010000e+05  2.4996790000e+03
  1.8250000000e+05  2.4997950000e+03
  1.8000000000e+05  2.4998970000e+03
  1.7750000000e+05  2.4999560000e+03
  1.7500000000e+05  2.4999840000e+03
  1.7250000000e+05  2.4999950000e+03
  1.7000000000e+05  2.4999990000e+03
  1.6750000000e+05  2.5000000000e+03
  1.6500000000e+05  2.5000000000e+03
  1.6250000000e+05  2.5000000000e+03
  1.6000000000e+05  2.5000000000e+03
  1.5750000000e+05  2.5000000000e+03
  1.5500000000e+05  2.5000000000e+03
  1.5250000000e+05  2.5000000000e+03
  1.5000000000e+05  2.5000000000e+03
  1.4750000000e+05  2.5000000000e+03
  1.4500000000e+05  2.5000000000e+03
  1.4250000000e+05  2.5000000000e+03
  1.4000000000e+05  2.5000000000e+03
  1.3750000000e+05  2.5000000000e+03
  1.3500000000e+05  2.5000000000e+03
  1.3250000000e+05  2.5000000000e+03
  1.3000000000e+05  2.5000000000e+03
  1.2750000000e+05  2.5000000000e+03
  1.2500000000e+05  2.5000000000e+03
  1.2250000000e+05  2.5000000000e+03
  1.2000000000e+05  2.5000000000e+03
  1.1750000000e+05  2.5000000000e+03
  1.1500000000e+05  2.5000000000e+03
  1.1250000000e+05  2.5000000000e+03
  1.1000000000e+05  2.5000000000e+03
  1.0750000000e+05  2.5000000000e+03
  1.0500000000e+05  2.5000000000e+03
  1.0250000000e+05  2.5000000000e+03
  1.0000000000e+05  2.5000000000e+03
  9.7500000000e+04  2.5000000000e+03
  9.5000000000e+04  2.5000000000e+03
  9.2500000000e+04  2.5000000000e+03
  9.0000000000e+04  2.5000000000e+03
  8.7500000000e+04  2.5000000000e+03
  8.5000000000e+04  2.5000000000e+03
  8.2500000000e+04  2.5000000000e+03
  8.0000000000e+04  2.5000000000e+03
  7.7500000000e+04  2.5000000000e+03
  7.5000000000e+04  2.5000000000e+03
  7.2500000000e+04  2.5000000000e+03
  7.0000000000e+04  2.5000000000e+03
  6.7500000000e+04  2.5000000000e+03
  6.5000000000e+04  2.5000000000e+03
  6.2500000000e+04  2.5000000000e+03
  6.0000000000e+04  2.5000000000e+03
  5.7500000000e+04  2.5000000000e+03
  5.5000000000e+04  2.5000000000e+03
  5.2500000000e+04  2.5000000000e+03
  5.0000000000e+04  2.5000000000e+03
  4.7500000000e+04  2.5000000000e+03
  4.5000000000e+04  2.5000000000e+03
  4.2500000000e+04  2.5000000000e+03
  4.0000000000e+04  2.5000000000e+03
  3.7500000000e+04  2.5000000000e+03
  3.5000000000e+04  2.5000000000e+03
  3.2500000000e+04  2.5000000000e+03
  3.0000000000e+04  2.5000000000e+03
  2.7500000000e+04  2.5000000000e+03
  2.5000000000e+04  2.5000000000e+03
  2.2500000000e+04  2.5000000000e+03
  2.0000000000e+04  2.5000000000e+03
  1.7499460000e+04  2.5003820000e+03
  1.4998260000e+04  2.5001620000e+03
  1.2495150000e+04  2.4990690000e+03
  9.9972530000e+03  2.4987100000e+03
  7.4995020000e+03  2.5006290000e+03
  5.0002930000e+03  2.5008720000e+03
  4.9998650000e+03  7.7499590000e+04
  7.4998800000e+03  7.7500210000e+04
  9.9999520000e+03  7.7500430000e+04
  1.2499930000e+04  7.7500380000e+04
  1.4999940000e+04  7.7500320000e+04
  1.7499960000e+04  7.7500200000e+04
  1.9999990000e+04  7.7500100000e+04
  2.2500000000e+04  7.7500040000e+04
  2.5000010000e+04  7.7500020000e+04
  2.7500010000e+04  7.7500000000e+04
  3.0000010000e+04  7.7500000000e+04
  3.2500000000e+04  7.7500000000e+04
  3.5000000000e+04  7.7500000000e+04
  3.7500000000e+04  7.7500000000e+04
  4.0000000000e+04  7.7500000000e+04
  4.2500000000e+04  7.7500000000e+04
  4.5000000000e+04  7.7500000000e+04
  4.7500000000e+04  7.7500000000e+04
  5.0000000000e+04  7.7500000000e+04
  5.2500000000e+04  7.7500000000e+04
  5.5000000000e+04  7.7500000000e+04
  5.7500000000e+04  7.7500000000e+04
  6.0000000000e+04  7.7500000000e+04
  6.2500000000e+04  7.7500000000e+04
  6.5000000000e+04  7.7500000000e+04
  6.7500000000e+04  7.7500000000e+04
  7.0000000000e+04  7.7500000000e+04
  7.2500000000e+04  7.7500000000e+04
  7.5000000000e+04  7.7500000000e+04
  7.7500000000e+04  7.7500000000e+04
  8.0000000000e+04  7.7500000000e+04
  8.2500000000e+04  7.7500000000e+04
  8.5000000000e+04  7.7500000000e+04
  8.7500000000e+04  7.7500000000e+04
  9.0000000000e+04  7.7500000000e+04
  9.2500000000e+04  7.7500000000e+04
  9.5000000000e+04  7.7500000000e+04
  9.7500000000e+04  7.7500000000e+04
  1.0000000000e+05  7.7500000000e+04
  1.0250000000e+05  7.7500000000e+04
  1.0500000000e+05  7.7500000000e+04
  1.0750000000e+05  7.7500000000e+04
  1.1000000000e+05  7.7500000000e+04
  1.1250000000e+05  7.7500000000e+04
  1.1500000000e+05  7.7500000000e+04
  1.1750000000e+05  7.7500000000e+04
  1.2000000000e+05  7.7500000000e+04
  1.2250000000e+05  7.7500000000e+04
  1.2500000000e+05  7.7500000000e+04
  1.2750000000e+05  7.7500000000e+04
  1.3000000000e+05  7.7500000000e+04
  1.3250000000e+05  7.7500000000e+04
  1.3500000000e+05  7.7500000000e+04
  1.3750000000e+05  7.7500000000e+04
  1.4000000000e+05  7.7500000000e+04
  1.4250000000e+05  7.7500000000e+04
  1.4500000000e+05  7.7500000000e+04
  1.4750000000e+05  7.7500000000e+04
  1.5000000000e+05  7.7500000000e+04
  1.5250000000e+05  7.7500000000e+04
  1.5500000000e+05  7.7500000000e+04
  1.5750000000e+05  7.7500000000e+04
  1.6000000000e+05  7.7500000000e+04
  1.6250000000e+05  7.7500000000e+04
  1.6500000000e+05  7.7500000000e+04
  1.6750000000e+05  7.7500000000e+04
  1.7000000000e+05  7.7500000000e+04
  1.7250000000e+05  7.7500000000e+04
  1.7500000000e+05  7.7500000000e+04
  1.7750000000e+05  7.7500000000e+04
  1.8000000000e+05  7.7500000000e+04
  1.8250050000e+05  7.7499620000e+04
  1.8500170000e+05  7.7499840000e+04
  1.8750480000e+05  7.7500930000e+04
  1.9000270000e+05  7.7501290000e+04
  1.9250050000e+05  7.7499370000e+04
  1.9499970000e+05  7.7499130000e+04
  1.9499980000e+05  4.9995830000e+03
  1.9250010000e+05  4.9995880000e+03
  1.9000020000e+05  4.9994870000e+03
  1.8750010000e+05  4.9994810000e+03
  1.8500010000e+05  4.9995670000e+03
  1.8250010000e+05  4.9996960000e+03
  1.8000010000e+05  4.9998220000e+03
  1.7750000000e+05  4.9999110000e+03
  1.7500000000e+05  4.9999610000e+03
  1.7250000000e+05  4.9999850000e+03
  1.7000000000e+05  4.9999950000e+03
  1.6750000000e+05  4.9999980000e+03
  1.6500000000e+05  5.0000000000e+03
  1.6250000000e+05  5.0000000000e+03
  1.6000000000e+05  5.0000000000e+03
  1.5750000000e+05  5.0000000000e+03
  1.5500000000e+05  5.0000000000e+03
  1.5250000000e+05  5.0000000000e+03
  1.5000000000e+05  5.0000000000e+03
  1.4750000000e+05  5.0000000000e+03
  1.4500000000e+05  5.0000000000e+03
  1.4250000000e+05  5.0000000000e+03
  1.4000000000e+05  5.0000000000e+03
  1.3750000000e+05  5.0000000000e+03
  1.3500000000e+05  5.0000000000e+03
  1.3250000000e+05  5.0000000000e+03
  1.3000000000e+05  5.0000000000e+03
  1.2750000000e+05  5.0000000000e+03
  1.2500000000e+05  5.0000000000e+03
  1.2250000000e+05  5.0000000000e+03
  1.2000000000e+05  5.0000000000e+03
  1.1750000000e+05  5.0000000000e+03
  1.1500000000e+05  5.0000000000e+03
  1.1250000000e+05  5.0000000000e+03
  1.1000000000e+05  5.0000000000e+03
  1.0750000000e+05  5.0000000000e+03
  1.0500000000e+05  5.0000000000e+03
  1.0250000000e+05  5.0000000000e+03
  1.0000000000e+05  5.0000000000e+03
  9.7500000000e+04  5.0000000000e+03
  9.5000000000e+04  5.0000000000e+03
  9.2500000000e+04  5.0000000000e+03
  9.0000000000e+04  5.0000000000e+03
  8.7500000000e+04  5.0000000000e+03
  8.5000000000e+04  5.0000000000e+03
  8.2500000000e+04  5.0000000000e+03
  8.0000000000e+04  5.0000000000e+03
  7.7500000000e+04  5.0000000000e+03
  7.5000000000e+04  5.0000000000e+03
  7.2500000000e+04  5.0000000000e+03
  7.0000000000e+04  5.0000000000e+03
  6.7500000000e+04  5.0000000000e+03
  6.5000000000e+04  5.0000000000e+03
  6.2500000000e+04  5.0000000000e+03
  6.0000000000e+04  5.0000000000e+03
  5.7500000000e+04  5.0000000000e+03
  5.5000000000e+04  5.0000000000e+03
  5.2500000000e+04  5.0000000000e+03
  5.0000000000e+04  5.0000000000e+03
  4.7500000000e+04  5.0000000000e+03
  4.5000000000e+04  5.0000000000e+03
  4.2500000000e+04  5.0000000000e+03
  4.0000000000e+04  5.0000000000e+03
  3.7500000000e+04  5.0000000000e+03
  3.5000000000e+04  5.0000000000e+03
  3.2500000000e+04  5.0000000000e+03
  3.0000000000e+04  5.0000000000e+03
  2.7500000000e+04  5.0000000000e+03
  2.5000000000e+04  5.0000000000e+03
  2.2500000000e+04  5.0000000000e+03
  1.9999510000e+04  5.0001430000e+03
  1.7498290000e+04  5.0003310000e+03
  1.4996540000e+04  4.9996920000e+03
  1.2495560000e+04  4.9990780000e+03
  9.9973520000e+03  4.9991940000e+03
  7.4991220000e+03  5.0001730000e+03
  4.9994770000e+03  5.0007920000e+03
  5.0002330000e+03  7.5000420000e+04
  7.4999480000e+03  7.5000410000e+04
  9.9998450000e+03  7.5000510000e+04
  1.2499860000e+04  7.5000520000e+04
  1.4999860000e+04  7.5000430000e+04
  1.7499880000e+04  7.5000310000e+04
  1.9999920000e+04  7.5000190000e+04
  2.2499950000e+04  7.5000090000e+04
  2.4999970000e+04  7.5000040000e+04
  2.7499990000e+04  7.5000020000e+04
  3.0000000000e+04  7.5000010000e+04
  3.2500000000e+04  7.5000000000e+04
  3.5000000000e+04  7.5000000000e+04
  3.7500000000e+04  7.5000000000e+04
  4.0000000000e+04  7.5000000000e+04
  4.2500000000e+04  7.5000000000e+04
  4.5000000000e+04  7.5000000000e+04
  4.7500000000e+04  7.5000000000e+04
  5.0000000000e+04  7.5000000000e+04
  5.2500000000e+04  7.5000000000e+04
  5.5000000000e+04  7.5000000000e+04
  5.7500000000e+04  7.5000000000e+04
  6.0000000000e+04  7.5000000000e+04
  6.2500000000e+04  7.5000000000e+04
  6.5000000000e+04  7.5000000000e+04
  6.7500000000e+04  7.5000000000e+04
  7.0000000000e+04  7.5000000000e+04
  7.2500000000e+04  7.5000000000e+04
  7.5000000000e+04  7.5000000000e+04
  7.7500000000e+04  7.5000000000e+04
  8.0000000000e+04  7.5000000000e+04
  8.2500000000e+04  7.5000000000e+04
  8.5000000000e+04  7.5000000000e+04
  8.7500000000e+04  7.5000000000e+04
  9.0000000000e+04  7.5000000000e+04
  9.2500000000e+04  7.5000000000e+04
  9.5000000000e+04  7.5000000000e+04
  9.7500000000e+04  7.5000000000e+04
  1.0000000000e+05  7.5000000000e+04
  1.0250000000e+05  7.5000000000e+04
  1.0500000000e+05  7.5000000000e+04
  1.0750000000e+05  7.5000000000e+04
  1.1000000000e+05  7.5000000000e+04
  1.1250000000e+05  7.5000000000e+04
  1.1500000000e+05  7.5000000000e+04
  1.1750000000e+05  7.5000000000e+04
  1.2000000000e+05  7.5000000000e+04
  1.2250000000e+05  7.5000000000e+04
  1.2500000000e+05  7.5000000000e+04
  1.2750000000e+05  7.5000000000e+04
  1.3000000000e+05  7.5000000000e+04
  1.3250000000e+05  7.5000000000e+04
  1.3500000000e+05  7.5000000000e+04
  1.3750000000e+05  7.5000000000e+04
  1.4000000000e+05  7.5000000000e+04
  1.4250000000e+05  7.5000000000e+04
  1.4500000000e+05  7.5000000000e+04
  1.4750000000e+05  7.5000000000e+04
  1.5000000000e+05  7.5000000000e+04
  1.5250000000e+05  7.5000000000e+04
  1.5500000000e+05  7.5000000000e+04
  1.5750000000e+05  7.5000000000e+04
  1.6000000000e+05  7.5000000000e+04
  1.6250000000e+05  7.5000000000e+04
  1.6500000000e+05  7.5000000000e+04
  1.6750000000e+05  7.5000000000e+04
  1.7000000000e+05  7.5000000000e+04
  1.7250000000e+05  7.5000000000e+04
  1.7500000000e+05  7.5000000000e+04
  1.7750000000e+05  7.5000000000e+04
  1.8000050000e+05  7.4999860000e+04
  1.8250170000e+05  7.4999670000e+04
  1.8500340000e+05  7.5000300000e+04
  1.8750440000e+05  7.5000920000e+04
  1.9000260000e+05  7.5000800000e+04
  1.9250090000e+05  7.4999830000e+04
  1.9500050000e+05  7.4999210000e+04
  4.9990970000e+03  7.5004930000e+03
  4.9989220000e+03  1.0000270000e+04
  4.9991940000e+03  1.2500110000e+04
  4.9994480000e+03  1.5000010000e+04
  4.9996630000e+03  1.7499960000e+04
  4.9998150000e+03  1.9999950000e+04
  4.9999040000e+03  2.2499950000e+04
  4.9999530000e+03  2.4999960000e+04
  4.9999780000e+03  2.7499970000e+04
  4.9999900000e+03  2.9999980000e+04
  4.9999950000e+03  3.2499980000e+04
  4.9999980000e+03  3.4999990000e+04
  4.9999990000e+03  3.7499990000e+04
  5.0000000000e+03  4.0000000000e+04
  5.0000000000e+03  4.2500000000e+04
  5.0000000000e+03  4.5000000000e+04
  5.0000000000e+03  4.7500000000e+04
  5.0000000000e+03  5.0000000000e+04
  5.0000000000e+03  5.2500000000e+04
  5.0000000000e+03  5.5000000000e+04
  5.0000000000e+03  5.7500000000e+04
  5.0000040000e+03  6.0000000000e+04
  5.0000950000e+03  6.2501520000e+04
  4.9991850000e+03  6.5001090000e+04
  4.9989840000e+03  6.7500930000e+04
  5.0002040000e+03  7.0000840000e+04
  5.0000500000e+03  7.2500350000e+04
  1.9500090000e+05  7.2499510000e+04
  1.9500110000e+05  6.9999730000e+04
  1.9500080000e+05  6.7499890000e+04
  1.9500050000e+05  6.4999990000e+04
  1.9500030000e+05  6.2500040000e+04
  1.9500020000e+05  6.0000060000e+04
  1.9500010000e+05  5.7500060000e+04
  1.9500000000e+05  5.5000050000e+04
  1.9500000000e+05  5.2500030000e+04
  1.9500000000e+05  5.0000020000e+04
  1.9500000000e+05  4.7500020000e+04
  1.9500000000e+05  4.5000010000e+04
  1.9500000000e+05  4.2500010000e+04
  1.9500000000e+05  4.0000000000e+04
  1.9500000000e+05  3.7500000000e+04
  1.9500000000e+05  3.5000000000e+04
  1.9500000000e+05  3.2500000000e+04
  1.9500000000e+05  3.0000000000e+04
  1.9500000000e+05  2.7500000000e+04
  1.9500000000e+05  2.5000000000e+04
  1.9500000000e+05  2.2500000000e+04
  1.9500000000e+05  2.0000000000e+04
  1.9499990000e+05  1.7498480000e+04
  1.9500080000e+05  1.4998900000e+04
  1.9500100000e+05  1.2499060000e+04
  1.9499980000e+05  9.9991620000e+03
  1.9499990000e+05  7.4996500000e+03
  7.4999860000e+03  7.2500520000e+04
  9.9998950000e+03  7.2500520000e+04
  1.2499850000e+04  7.2500530000e+04
  1.4999860000e+04  7.2500460000e+04
  1.7499870000e+04  7.2500340000e+04
  1.9999900000e+04  7.2500220000e+04
  2.2499920000e+04  7.2500130000e+04
  2.4999950000e+04  7.2500070000e+04
  2.7499960000e+04  7.2500030000e+04
  2.9999980000e+04  7.2500010000e+04
  3.2499990000e+04  7.2500000000e+04
  3.4999990000e+04  7.2500000000e+04
  3.7500000000e+04  7.2500000000e+04
  4.0000000000e+04  7.2500000000e+04
  4.2500000000e+04  7.2500000000e+04
  4.5000000000e+04  7.2500000000e+04
  4.7500000000e+04  7.2500000000e+04
  5.0000000000e+04  7.2500000000e+04
  5.2500000000e+04  7.2500000000e+04
  5.5000000000e+04  7.2500000000e+04
  5.7500000000e+04  7.2500000000e+04
  6.0000000000e+04  7.2500000000e+04
  6.2500000000e+04  7.2500000000e+04
  6.5000000000e+04  7.2500000000e+04
  6.7500000000e+04  7.2500000000e+04
  7.0000000000e+04  7.2500000000e+04
  7.2500000000e+04  7.2500000000e+04
  7.5000000000e+04  7.2500000000e+04
  7.7500000000e+04  7.2500000000e+04
  8.0000000000e+04  7.2500000000e+04
  8.2500000000e+04  7.2500000000e+04
  8.5000000000e+04  7.2500000000e+04
  8.7500000000e+04  7.2500000000e+04
  9.0000000000e+04  7.2500000000e+04
  9.2500000000e+04  7.2500000000e+04
  9.5000000000e+04  7.2500000000e+04
  9.7500000000e+04  7.2500000000e+04
  1.0000000000e+05  7.2500000000e+04
  1.0250000000e+05  7.2500000000e+04
  1.0500000000e+05  7.2500000000e+04
  1.0750000000e+05  7.2500000000e+04
  1.1000000000e+05  7.2500000000e+04
  1.1250000000e+05  7.2500000000e+04
  1.1500000000e+05  7.2500000000e+04
  1.1750000000e+05  7.2500000000e+04
  1.2000000000e+05  7.2500000000e+04
  1.2250000000e+05  7.2500000000e+04
  1.2500000000e+05  7.2500000000e+04
  1.2750000000e+05  7.2500000000e+04
  1.3000000000e+05  7.2500000000e+04
  1.3250000000e+05  7.2500000000e+04
  1.3500000000e+05  7.2500000000e+04
  1.3750000000e+05  7.2500000000e+04
  1.4000000000e+05  7.2500000000e+04
  1.4250000000e+05  7.2500000000e+04
  1.4500000000e+05  7.2500000000e+04
  1.4750000000e+05  7.2500000000e+04
  1.5000000000e+05  7.2500000000e+04
  1.5250000000e+05  7.2500000000e+04
  1.5500000000e+05  7.2500000000e+04
  1.5750000000e+05  7.2500000000e+04
  1.6000000000e+05  7.2500000000e+04
  1.6250000000e+05  7.2500000000e+04
  1.6500000000e+05  7.2500000000e+04
  1.6750000000e+05  7.2500000000e+04
  1.7000000000e+05  7.2500000000e+04
  1.7250000000e+05  7.2500000000e+04
  1.7500000000e+05  7.2500000000e+04
  1.7750020000e+05  7.2499970000e+04
  1.8000100000e+05  7.2499870000e+04
  1.8250190000e+05  7.2499820000e+04
  1.8500320000e+05  7.2500350000e+04
  1.8750290000e+05  7.2500630000e+04
  1.9000220000e+05  7.2500420000e+04
  1.9250150000e+05  7.2499940000e+04
  1.9250000000e+05  7.4994760000e+03
  1.9000010000e+05  7.4994850000e+03
  1.8750010000e+05  7.4994810000e+03
  1.8500010000e+05  7.4995710000e+03
  1.8250010000e+05  7.4996760000e+03
  1.8000010000e+05  7.4997880000e+03
  1.7750010000e+05  7.4998800000e+03
  1.7500000000e+05  7.4999400000e+03
  1.7250000000e+05  7.4999730000e+03
  1.7000000000e+05  7.4999890000e+03
  1.6750000000e+05  7.4999960000e+03
  1.6500000000e+05  7.4999990000e+03
  1.6250000000e+05  7.5000000000e+03
  1.6000000000e+05  7.5000000000e+03
  1.5750000000e+05  7.5000000000e+03
  1.5500000000e+05  7.5000000000e+03
  1.5250000000e+05  7.5000000000e+03
  1.5000000000e+05  7.5000000000e+03
  1.4750000000e+05  7.5000000000e+03
  1.4500000000e+05  7.5000000000e+03
  1.4250000000e+05  7.5000000000e+03
  1.4000000000e+05  7.5000000000e+03
  1.3750000000e+05  7.5000000000e+03
  1.3500000000e+05  7.5000000000e+03
  1.3250000000e+05  7.5000000000e+03
  1.3000000000e+05  7.5000000000e+03
  1.2750000000e+05  7.5000000000e+03
  1.2500000000e+05  7.5000000000e+03
  1.2250000000e+05  7.5000000000e+03
  1.2000000000e+05  7.5000000000e+03
  1.1750000000e+05  7.5000000000e+03
  1.1500000000e+05  7.5000000000e+03
  1.1250000000e+05  7.5000000000e+03
  1.1000000000e+05  7.5000000000e+03
  1.0750000000e+05  7.5000000000e+03
  1.0500000000e+05  7.5000000000e+03
  1.0250000000e+05  7.5000000000e+03
  1.0000000000e+05  7.5000000000e+03
  9.7500000000e+04  7.5000000000e+03
  9.5000000000e+04  7.5000000000e+03
  9.2500000000e+04  7.5000000000e+03
  9.0000000000e+04  7.5000000000e+03
  8.7500000000e+04  7.5000000000e+03
  8.5000000000e+04  7.5000000000e+03
  8.2500000000e+04  7.5000000000e+03
  8.0000000000e+04  7.5000000000e+03
  7.7500000000e+04  7.5000000000e+03
  7.5000000000e+04  7.5000000000e+03
  7.2500000000e+04  7.5000000000e+03
  7.0000000000e+04  7.5000000000e+03
  6.7500000000e+04  7.5000000000e+03
  6.5000000000e+04  7.5000000000e+03
  6.2500000000e+04  7.5000000000e+03
  6.0000000000e+04  7.5000000000e+03
  5.7500000000e+04  7.5000000000e+03
  5.5000000000e+04  7.5000000000e+03
  5.2500000000e+04  7.5000000000e+03
  5.0000000000e+04  7.5000000000e+03
  4.7500000000e+04  7.5000000000e+03
  4.5000000000e+04  7.5000000000e+03
  4.2500000000e+04  7.5000000000e+03
  4.0000000000e+04  7.5000000000e+03
  3.7500000000e+04  7.5000000000e+03
  3.5000000000e+04  7.5000000000e+03
  3.2500000000e+04  7.5000000000e+03
  3.0000000000e+04  7.5000000000e+03
  2.7500000000e+04  7.5000000000e+03
  2.5000000000e+04  7.5000000000e+03
  2.2499730000e+04  7.5000310000e+03
  1.9998950000e+04  7.5001190000e+03
  1.7498090000e+04  7.5001570000e+03
  1.4996760000e+04  7.4996410000e+03
  1.2497090000e+04  7.4993620000e+03
  9.9978380000e+03  7.4995780000e+03
  7.4985400000e+03  7.5000590000e+03
  1.9250140000e+05  6.9999950000e+04
  1.9250100000e+05  6.7499960000e+04
  1.9250070000e+05  6.4999990000e+04
  1.9250040000e+05  6.2500020000e+04
  1.9250030000e+05  6.0000040000e+04
  1.9250010000e+05  5.7500040000e+04
  1.9250010000e+05  5.5000040000e+04
  1.9250000000e+05  5.2500030000e+04
  1.9250000000e+05  5.0000020000e+04
  1.9250000000e+05  4.7500020000e+04
  1.9250000000e+05  4.5000010000e+04
  1.9250000000e+05  4.2500010000e+04
  1.9250000000e+05  4.0000010000e+04
  1.9250000000e+05  3.7500000000e+04
  1.9250000000e+05  3.5000000000e+04
  1.9250000000e+05  3.2500000000e+04
  1.9250000000e+05  3.0000000000e+04
  1.9250000000e+05  2.7500000000e+04
  1.9250000000e+05  2.5000000000e+04
  1.9250000000e+05  2.2499990000e+04
  1.9249990000e+05  1.9999730000e+04
  1.9250020000e+05  1.7498420000e+04
  1.9250090000e+05  1.4998890000e+04
  1.9250060000e+05  1.2499130000e+04
  1.9250010000e+05  9.9993090000e+03
  7.4986390000e+03  1.0000040000e+04
  7.4989460000e+03  1.2500040000e+04
  7.4992830000e+03  1.5000010000e+04
  7.4995410000e+03  1.7499980000e+04
  7.4997210000e+03  1.9999970000e+04
  7.4998450000e+03  2.2499960000e+04
  7.4999200000e+03  2.4999960000e+04
  7.4999610000e+03  2.7499970000e+04
  7.4999810000e+03  2.9999980000e+04
  7.4999910000e+03  3.2499980000e+04
  7.4999960000e+03  3.4999990000e+04
  7.4999980000e+03  3.7499990000e+04
  7.4999990000e+03  3.9999990000e+04
  7.5000000000e+03  4.2500000000e+04
  7.5000000000e+03  4.5000000000e+04
  7.5000000000e+03  4.7500000000e+04
  7.5000000000e+03  5.0000000000e+04
  7.5000000000e+03  5.2500000000e+04
  7.5000000000e+03  5.5000000000e+04
  7.5000110000e+03  5.7500000000e+04
  7.5000560000e+03  6.0000260000e+04
  7.4998380000e+03  6.2501580000e+04
  7.4990860000e+03  6.5001110000e+04
  7.4993600000e+03  6.7500880000e+04
  7.4998330000e+03  7.0000690000e+04
  9.9982330000e+03  9.9997370000e+03
  9.9987300000e+03  1.2499870000e+04
  9.9991600000e+03  1.4999940000e+04
  9.9994630000e+03  1.7499970000e+04
  9.9996680000e+03  1.9999970000e+04
  9.9998010000e+03  2.2499970000e+04
  9.9998890000e+03  2.4999970000e+04
  9.9999420000e+03  2.7499980000e+04
  9.9999710000e+03  2.9999980000e+04
  9.9999860000e+03  3.2499990000e+04
  9.9999940000e+03  3.4999990000e+04
  9.9999970000e+03  3.7499990000e+04
  9.9999990000e+03  3.9999990000e+04
  9.9999990000e+03  4.2500000000e+04
  1.0000000000e+04  4.5000000000e+04
  1.0000000000e+04  4.7500000000e+04
  1.0000000000e+04  5.0000000000e+04
  1.0000000000e+04  5.2500000000e+04
  1.0000010000e+04  5.5000010000e+04
  1.0000020000e+04  5.7500100000e+04
  9.9999590000e+03  6.0000460000e+04
  9.9996920000e+03  6.2501140000e+04
  9.9994110000e+03  6.5001010000e+04
  9.9995200000e+03  6.7500770000e+04
  9.9997590000e+03  7.0000650000e+04
  1.9000170000e+05  7.0000260000e+04
  1.9000120000e+05  6.7500130000e+04
  1.9000080000e+05  6.5000060000e+04
  1.9000050000e+05  6.2500030000e+04
  1.9000030000e+05  6.0000030000e+04
  1.9000020000e+05  5.7500030000e+04
  1.9000010000e+05  5.5000030000e+04
  1.9000010000e+05  5.2500020000e+04
  1.9000000000e+05  5.0000020000e+04
  1.9000000000e+05  4.7500010000e+04
  1.9000000000e+05  4.5000010000e+04
  1.9000000000e+05  4.2500010000e+04
  1.9000000000e+05  4.0000010000e+04
  1.9000000000e+05  3.7500000000e+04
  1.9000000000e+05  3.5000000000e+04
  1.9000000000e+05  3.2500000000e+04
  1.9000000000e+05  3.0000000000e+04
  1.9000000000e+05  2.7500000000e+04
  1.9000000000e+05  2.4999980000e+04
  1.9000000000e+05  2.2499880000e+04
  1.9000000000e+05  1.9999540000e+04
  1.9000030000e+05  1.7498870000e+04
  1.9000050000e+05  1.4999000000e+04
  1.9000050000e+05  1.2499240000e+04
  1.9000020000e+05  9.9993640000e+03
  1.8750020000e+05  9.9994610000e+03
  1.8500020000e+05  9.9995620000e+03
  1.8250010000e+05  9.9996790000e+03
  1.8000010000e+05  9.9997790000e+03
  1.7750010000e+05  9.9998630000e+03
  1.7500010000e+05  9.9999240000e+03
  1.7250000000e+05  9.9999620000e+03
  1.7000000000e+05  9.9999830000e+03
  1.6750000000e+05  9.9999930000e+03
  1.6500000000e+05  9.9999970000e+03
  1.6250000000e+05  9.9999990000e+03
  1.6000000000e+05  1.0000000000e+04
  1.5750000000e+05  1.0000000000e+04
  1.5500000000e+05  1.0000000000e+04
  1.5250000000e+05  1.0000000000e+04
  1.5000000000e+05  1.0000000000e+04
  1.4750000000e+05  1.0000000000e+04
  1.4500000000e+05  1.0000000000e+04
  1.4250000000e+05  1.0000000000e+04
  1.4000000000e+05  1.0000000000e+04
  1.3750000000e+05  1.0000000000e+04
  1.3500000000e+05  1.0000000000e+04
  1.3250000000e+05  1.0000000000e+04
  1.3000000000e+05  1.0000000000e+04
  1.2750000000e+05  1.0000000000e+04
  1.2500000000e+05  1.0000000000e+04
  1.2250000000e+05  1.0000000000e+04
  1.2000000000e+05  1.0000000000e+04
  1.1750000000e+05  1.0000000000e+04
  1.1500000000e+05  1.0000000000e+04
  1.1250000000e+05  1.0000000000e+04
  1.1000000000e+05  1.0000000000e+04
  1.0750000000e+05  1.0000000000e+04
  1.0500000000e+05  1.0000000000e+04
  1.0250000000e+05  1.0000000000e+04
  1.0000000000e+05  1.0000000000e+04
  9.7500000000e+04  1.0000000000e+04
  9.5000000000e+04  1.0000000000e+04
  9.2500000000e+04  1.0000000000e+04
  9.0000000000e+04  1.0000000000e+04
  8.7500000000e+04  1.0000000000e+04
  8.5000000000e+04  1.0000000000e+04
  8.2500000000e+04  1.0000000000e+04
  8.0000000000e+04  1.0000000000e+04
  7.7500000000e+04  1.0000000000e+04
  7.5000000000e+04  1.0000000000e+04
  7.2500000000e+04  1.0000000000e+04
  7.0000000000e+04  1.0000000000e+04
  6.7500000000e+04  1.0000000000e+04
  6.5000000000e+04  1.0000000000e+04
  6.2500000000e+04  1.0000000000e+04
  6.0000000000e+04  1.0000000000e+04
  5.7500000000e+04  1.0000000000e+04
  5.5000000000e+04  1.0000000000e+04
  5.2500000000e+04  1.0000000000e+04
  5.0000000000e+04  1.0000000000e+04
  4.7500000000e+04  1.0000000000e+04
  4.5000000000e+04  1.0000000000e+04
  4.2500000000e+04  1.0000000000e+04
  4.0000000000e+04  1.0000000000e+04
  3.7500000000e+04  1.0000000000e+04
  3.5000000000e+04  1.0000000000e+04
  3.2500000000e+04  1.0000000000e+04
  3.0000000000e+04  1.0000000000e+04
  2.7500000000e+04  1.0000000000e+04
  2.4999900000e+04  1.0000000000e+04
  2.2499500000e+04  1.0000020000e+04
  1.9998880000e+04  1.0000090000e+04
  1.7498460000e+04  1.0000070000e+04
  1.4997890000e+04  9.9997180000e+03
  1.2497930000e+04  9.9996310000e+03
  1.2499760000e+04  7.0000560000e+04
  1.4999820000e+04  7.0000450000e+04
  1.7499860000e+04  7.0000330000e+04
  1.9999890000e+04  7.0000230000e+04
  2.2499920000e+04  7.0000140000e+04
  2.4999940000e+04  7.0000080000e+04
  2.7499950000e+04  7.0000040000e+04
  2.9999970000e+04  7.0000020000e+04
  3.2499980000e+04  7.0000010000e+04
  3.4999980000e+04  7.0000000000e+04
  3.7499990000e+04  7.0000000000e+04
  3.9999990000e+04  7.0000000000e+04
  4.2500000000e+04  7.0000000000e+04
  4.5000000000e+04  7.0000000000e+04
  4.7500000000e+04  7.0000000000e+04
  5.0000000000e+04  7.0000000000e+04
  5.2500000000e+04  7.0000000000e+04
  5.5000000000e+04  7.0000000000e+04
  5.7500000000e+04  7.0000000000e+04
  6.0000000000e+04  7.0000000000e+04
  6.2500000000e+04  7.0000000000e+04
  6.5000000000e+04  7.0000000000e+04
  6.7500000000e+04  7.0000000000e+04
  7.0000000000e+04  7.0000000000e+04
  7.2500000000e+04  7.0000000000e+04
  7.5000000000e+04  7.0000000000e+04
  7.7500000000e+04  7.0000000000e+04
  8.0000000000e+04  7.0000000000e+04
  8.2500000000e+04  7.0000000000e+04
  8.5000000000e+04  7.0000000000e+04
  8.7500000000e+04  7.0000000000e+04
  9.0000000000e+04  7.0000000000e+04
  9.2500000000e+04  7.0000000000e+04
  9.5000000000e+04  7.0000000000e+04
  9.7500000000e+04  7.0000000000e+04
  1.0000000000e+05  7.0000000000e+04
  1.0250000000e+05  7.0000000000e+04
  1.0500000000e+05  7.0000000000e+04
  1.0750000000e+05  7.0000000000e+04
  1.1000000000e+05  7.0000000000e+04
  1.1250000000e+05  7.0000000000e+04
  1.1500000000e+05  7.0000000000e+04
  1.1750000000e+05  7.0000000000e+04
  1.2000000000e+05  7.0000000000e+04
  1.2250000000e+05  7.0000000000e+04
  1.2500000000e+05  7.0000000000e+04
  1.2750000000e+05  7.0000000000e+04
  1.3000000000e+05  7.0000000000e+04
  1.3250000000e+05  7.0000000000e+04
  1.3500000000e+05  7.0000000000e+04
  1.3750000000e+05  7.0000000000e+04
  1.4000000000e+05  7.0000000000e+04
  1.4250000000e+05  7.0000000000e+04
  1.4500000000e+05  7.0000000000e+04
  1.4750000000e+05  7.0000000000e+04
  1.5000000000e+05  7.0000000000e+04
  1.5250000000e+05  7.0000000000e+04
  1.5500000000e+05  7.0000000000e+04
  1.5750000000e+05  7.0000000000e+04
  1.6000000000e+05  7.0000000000e+04
  1.6250000000e+05  7.0000000000e+04
  1.6500000000e+05  7.0000000000e+04
  1.6750000000e+05  7.0000000000e+04
  1.7000000000e+05  7.0000000000e+04
  1.7250000000e+05  7.0000000000e+04
  1.7500000000e+05  7.0000000000e+04
  1.7750050000e+05  6.9999960000e+04
  1.8000110000e+05  6.9999900000e+04
  1.8250150000e+05  6.9999930000e+04
  1.8500210000e+05  7.0000280000e+04
  1.8750200000e+05  7.0000370000e+04
  1.2498630000e+04  1.2499810000e+04
  1.2499110000e+04  1.4999900000e+04
  1.2499430000e+04  1.7499950000e+04
  1.2499640000e+04  1.9999970000e+04
  1.2499780000e+04  2.2499980000e+04
  1.2499870000e+04  2.4999980000e+04
  1.2499930000e+04  2.7499980000e+04
  1.2499960000e+04  2.9999990000e+04
  1.2499980000e+04  3.2499990000e+04
  1.2499990000e+04  3.4999990000e+04
  1.2500000000e+04  3.7499990000e+04
  1.2500000000e+04  3.9999990000e+04
  1.2500000000e+04  4.2500000000e+04
  1.2500000000e+04  4.5000000000e+04
  1.2500000000e+04  4.7500000000e+04
  1.2500000000e+04  5.0000000000e+04
  1.2500010000e+04  5.2500010000e+04
  1.2500010000e+04  5.5000050000e+04
  1.2499980000e+04  5.7500170000e+04
  1.2499910000e+04  6.0000430000e+04
  1.2499770000e+04  6.2500760000e+04
  1.2499600000e+04  6.5000730000e+04
  1.2499660000e+04  6.7500630000e+04
  1.8750130000e+05  6.7500180000e+04
  1.8750090000e+05  6.5000100000e+04
  1.8750060000e+05  6.2500050000e+04
  1.8750030000e+05  6.0000030000e+04
  1.8750020000e+05  5.7500020000e+04
  1.8750010000e+05  5.5000020000e+04
  1.8750010000e+05  5.2500020000e+04
  1.8750000000e+05  5.0000010000e+04
  1.8750000000e+05  4.7500010000e+04
  1.8750000000e+05  4.5000010000e+04
  1.8750000000e+05  4.2500010000e+04
  1.8750000000e+05  4.0000010000e+04
  1.8750000000e+05  3.7500000000e+04
  1.8750000000e+05  3.5000000000e+04
  1.8750000000e+05  3.2500000000e+04
  1.8750000000e+05  3.0000000000e+04
  1.8750000000e+05  2.7499980000e+04
  1.8750000000e+05  2.4999930000e+04
  1.8750000000e+05  2.2499840000e+04
  1.8750010000e+05  1.9999570000e+04
  1.8750020000e+05  1.7499250000e+04
  1.8750040000e+05  1.4999280000e+04
  1.8750030000e+05  1.2499380000e+04
  1.4999760000e+04  6.7500470000e+04
  1.7499840000e+04  6.7500330000e+04
  1.9999890000e+04  6.7500220000e+04
  2.2499920000e+04  6.7500140000e+04
  2.4999940000e+04  6.7500090000e+04
  2.7499950000e+04  6.7500050000e+04
  2.9999960000e+04  6.7500020000e+04
  3.2499970000e+04  6.7500010000e+04
  3.4999980000e+04  6.7500000000e+04
  3.7499990000e+04  6.7500000000e+04
  3.9999990000e+04  6.7500000000e+04
  4.2499990000e+04  6.7500000000e+04
  4.5000000000e+04  6.7500000000e+04
  4.7500000000e+04  6.7500000000e+04
  5.0000000000e+04  6.7500000000e+04
  5.2500000000e+04  6.7500000000e+04
  5.5000000000e+04  6.7500000000e+04
  5.7500000000e+04  6.7500000000e+04
  6.0000000000e+04  6.7500000000e+04
  6.2500000000e+04  6.7500000000e+04
  6.5000000000e+04  6.7500000000e+04
  6.7500000000e+04  6.7500000000e+04
  7.0000000000e+04  6.7500000000e+04
  7.2500000000e+04  6.7500000000e+04
  7.5000000000e+04  6.7500000000e+04
  7.7500000000e+04  6.7500000000e+04
  8.0000000000e+04  6.7500000000e+04
  8.2500000000e+04  6.7500000000e+04
  8.5000000000e+04  6.7500000000e+04
  8.7500000000e+04  6.7500000000e+04
  9.0000000000e+04  6.7500000000e+04
  9.2500000000e+04  6.7500000000e+04
  9.5000000000e+04  6.7500000000e+04
  9.7500000000e+04  6.7500000000e+04
  1.0000000000e+05  6.7500000000e+04
  1.0250000000e+05  6.7500000000e+04
  1.0500000000e+05  6.7500000000e+04
  1.0750000000e+05  6.7500000000e+04
  1.1000000000e+05  6.7500000000e+04
  1.1250000000e+05  6.7500000000e+04
  1.1500000000e+05  6.7500000000e+04
  1.1750000000e+05  6.7500000000e+04
  1.2000000000e+05  6.7500000000e+04
  1.2250000000e+05  6.7500000000e+04
  1.2500000000e+05  6.7500000000e+04
  1.2750000000e+05  6.7500000000e+04
  1.3000000000e+05  6.7500000000e+04
  1.3250000000e+05  6.7500000000e+04
  1.3500000000e+05  6.7500000000e+04
  1.3750000000e+05  6.7500000000e+04
  1.4000000000e+05  6.7500000000e+04
  1.4250000000e+05  6.7500000000e+04
  1.4500000000e+05  6.7500000000e+04
  1.4750000000e+05  6.7500000000e+04
  1.5000000000e+05  6.7500000000e+04
  1.5250000000e+05  6.7500000000e+04
  1.5500000000e+05  6.7500000000e+04
  1.5750000000e+05  6.7500000000e+04
  1.6000000000e+05  6.7500000000e+04
  1.6250000000e+05  6.7500000000e+04
  1.6500000000e+05  6.7500000000e+04
  1.6750000000e+05  6.7500000000e+04
  1.7000000000e+05  6.7500000000e+04
  1.7250000000e+05  6.7500000000e+04
  1.7500010000e+05  6.7499990000e+04
  1.7750050000e+05  6.7499980000e+04
  1.8000080000e+05  6.7499940000e+04
  1.8250110000e+05  6.7500000000e+04
  1.8500130000e+05  6.7500150000e+04
  1.8500020000e+05  1.2499540000e+04
  1.8250010000e+05  1.2499680000e+04
  1.8000010000e+05  1.2499780000e+04
  1.7750010000e+05  1.2499860000e+04
  1.7500010000e+05  1.2499920000e+04
  1.7250000000e+05  1.2499950000e+04
  1.7000000000e+05  1.2499980000e+04
  1.6750000000e+05  1.2499990000e+04
  1.6500000000e+05  1.2500000000e+04
  1.6250000000e+05  1.2500000000e+04
  1.6000000000e+05  1.2500000000e+04
  1.5750000000e+05  1.2500000000e+04
  1.5500000000e+05  1.2500000000e+04
  1.5250000000e+05  1.2500000000e+04
  1.5000000000e+05  1.2500000000e+04
  1.4750000000e+05  1.2500000000e+04
  1.4500000000e+05  1.2500000000e+04
  1.4250000000e+05  1.2500000000e+04
  1.4000000000e+05  1.2500000000e+04
  1.3750000000e+05  1.2500000000e+04
  1.3500000000e+05  1.2500000000e+04
  1.3250000000e+05  1.2500000000e+04
  1.3000000000e+05  1.2500000000e+04
  1.2750000000e+05  1.2500000000e+04
  1.2500000000e+05  1.2500000000e+04
  1.2250000000e+05  1.2500000000e+04
  1.2000000000e+05  1.2500000000e+04
  1.1750000000e+05  1.2500000000e+04
  1.1500000000e+05  1.2500000000e+04
  1.1250000000e+05  1.2500000000e+04
  1.1000000000e+05  1.2500000000e+04
  1.0750000000e+05  1.2500000000e+04
  1.0500000000e+05  1.2500000000e+04
  1.0250000000e+05  1.2500000000e+04
  1.0000000000e+05  1.2500000000e+04
  9.7500000000e+04  1.2500000000e+04
  9.5000000000e+04  1.2500000000e+04
  9.2500000000e+04  1.2500000000e+04
  9.0000000000e+04  1.2500000000e+04
  8.7500000000e+04  1.2500000000e+04
  8.5000000000e+04  1.2500000000e+04
  8.2500000000e+04  1.2500000000e+04
  8.0000000000e+04  1.2500000000e+04
  7.7500000000e+04  1.2500000000e+04
  7.5000000000e+04  1.2500000000e+04
  7.2500000000e+04  1.2500000000e+04
  7.0000000000e+04  1.2500000000e+04
  6.7500000000e+04  1.2500000000e+04
  6.5000000000e+04  1.2500000000e+04
  6.2500000000e+04  1.2500000000e+04
  6.0000000000e+04  1.2500000000e+04
  5.7500000000e+04  1.2500000000e+04
  5.5000000000e+04  1.2500000000e+04
  5.2500000000e+04  1.2500000000e+04
  5.0000000000e+04  1.2500000000e+04
  4.7500000000e+04  1.2500000000e+04
  4.5000000000e+04  1.2500000000e+04
  4.2500000000e+04  1.2500000000e+04
  4.0000000000e+04  1.2500000000e+04
  3.7500000000e+04  1.2500000000e+04
  3.5000000000e+04  1.2500000000e+04
  3.2500000000e+04  1.2500000000e+04
  3.0000000000e+04  1.2500000000e+04
  2.7499980000e+04  1.2500000000e+04
  2.4999810000e+04  1.2500000000e+04
  2.2499470000e+04  1.2500010000e+04
  1.9999150000e+04  1.2500060000e+04
  1.7498880000e+04  1.2500000000e+04
  1.4998630000e+04  1.2499850000e+04
  1.4999110000e+04  1.4999930000e+04
  1.4999430000e+04  1.7499960000e+04
  1.4999640000e+04  1.9999970000e+04
  1.4999780000e+04  2.2499980000e+04
  1.4999870000e+04  2.4999990000e+04
  1.4999920000e+04  2.7499990000e+04
  1.4999960000e+04  2.9999990000e+04
  1.4999980000e+04  3.2499990000e+04
  1.4999990000e+04  3.4999990000e+04
  1.4999990000e+04  3.7499990000e+04
  1.5000000000e+04  4.0000000000e+04
  1.5000000000e+04  4.2500000000e+04
  1.5000000000e+04  4.5000000000e+04
  1.5000000000e+04  4.7500000000e+04
  1.5000000000e+04  5.0000010000e+04
  1.5000000000e+04  5.2500030000e+04
  1.4999990000e+04  5.5000070000e+04
  1.4999980000e+04  5.7500170000e+04
  1.4999920000e+04  6.0000330000e+04
  1.4999810000e+04  6.2500470000e+04
  1.4999750000e+04  6.5000500000e+04
  1.8500090000e+05  6.5000070000e+04
  1.8500060000e+05  6.2500040000e+04
  1.8500040000e+05  6.0000030000e+04
  1.8500020000e+05  5.7500020000e+04
  1.8500010000e+05  5.5000010000e+04
  1.8500010000e+05  5.2500010000e+04
  1.8500000000e+05  5.0000010000e+04
  1.8500000000e+05  4.7500010000e+04
  1.8500000000e+05  4.5000010000e+04
  1.8500000000e+05  4.2500010000e+04
  1.8500000000e+05  4.0000000000e+04
  1.8500000000e+05  3.7500000000e+04
  1.8500000000e+05  3.5000000000e+04
  1.8500000000e+05  3.2500000000e+04
  1.8500000000e+05  2.9999990000e+04
  1.8500000000e+05  2.7499960000e+04
  1.8500000000e+05  2.4999920000e+04
  1.8500000000e+05  2.2499830000e+04
  1.8500010000e+05  1.9999670000e+04
  1.8500020000e+05  1.7499530000e+04
  1.8500020000e+05  1.4999510000e+04
  1.8250020000e+05  1.4999680000e+04
  1.8000010000e+05  1.4999790000e+04
  1.7750010000e+05  1.4999860000e+04
  1.7500010000e+05  1.4999920000e+04
  1.7250000000e+05  1.4999950000e+04
  1.7000000000e+05  1.4999970000e+04
  1.6750000000e+05  1.4999990000e+04
  1.6500000000e+05  1.4999990000e+04
  1.6250000000e+05  1.5000000000e+04
  1.6000000000e+05  1.5000000000e+04
  1.5750000000e+05  1.5000000000e+04
  1.5500000000e+05  1.5000000000e+04
  1.5250000000e+05  1.5000000000e+04
  1.5000000000e+05  1.5000000000e+04
  1.4750000000e+05  1.5000000000e+04
  1.4500000000e+05  1.5000000000e+04
  1.4250000000e+05  1.5000000000e+04
  1.4000000000e+05  1.5000000000e+04
  1.3750000000e+05  1.5000000000e+04
  1.3500000000e+05  1.5000000000e+04
  1.3250000000e+05  1.5000000000e+04
  1.3000000000e+05  1.5000000000e+04
  1.2750000000e+05  1.5000000000e+04
  1.2500000000e+05  1.5000000000e+04
  1.2250000000e+05  1.5000000000e+04
  1.2000000000e+05  1.5000000000e+04
  1.1750000000e+05  1.5000000000e+04
  1.1500000000e+05  1.5000000000e+04
  1.1250000000e+05  1.5000000000e+04
  1.1000000000e+05  1.5000000000e+04
  1.0750000000e+05  1.5000000000e+04
  1.0500000000e+05  1.5000000000e+04
  1.0250000000e+05  1.5000000000e+04
  1.0000000000e+05  1.5000000000e+04
  9.7500000000e+04  1.5000000000e+04
  9.5000000000e+04  1.5000000000e+04
  9.2500000000e+04  1.5000000000e+04
  9.0000000000e+04  1.5000000000e+04
  8.7500000000e+04  1.5000000000e+04
  8.5000000000e+04  1.5000000000e+04
  8.2500000000e+04  1.5000000000e+04
  8.0000000000e+04  1.5000000000e+04
  7.7500000000e+04  1.5000000000e+04
  7.5000000000e+04  1.5000000000e+04
  7.2500000000e+04  1.5000000000e+04
  7.0000000000e+04  1.5000000000e+04
  6.7500000000e+04  1.5000000000e+04
  6.5000000000e+04  1.5000000000e+04
  6.2500000000e+04  1.5000000000e+04
  6.0000000000e+04  1.5000000000e+04
  5.7500000000e+04  1.5000000000e+04
  5.5000000000e+04  1.5000000000e+04
  5.2500000000e+04  1.5000000000e+04
  5.0000000000e+04  1.5000000000e+04
  4.7500000000e+04  1.5000000000e+04
  4.5000000000e+04  1.5000000000e+04
  4.2500000000e+04  1.5000000000e+04
  4.0000000000e+04  1.5000000000e+04
  3.7500000000e+04  1.5000000000e+04
  3.5000000000e+04  1.5000000000e+04
  3.2500000000e+04  1.5000000000e+04
  3.0000000000e+04  1.5000000000e+04
  2.7499950000e+04  1.5000000000e+04
  2.4999780000e+04  1.5000000000e+04
  2.2499580000e+04  1.5000010000e+04
  1.9999380000e+04  1.5000020000e+04
  1.7499220000e+04  1.4999980000e+04
  1.7499830000e+04  6.5000330000e+04
  1.9999890000e+04  6.5000210000e+04
  2.2499920000e+04  6.5000140000e+04
  2.4999940000e+04  6.5000090000e+04
  2.7499960000e+04  6.5000050000e+04
  2.9999970000e+04  6.5000030000e+04
  3.2499980000e+04  6.5000010000e+04
  3.4999980000e+04  6.5000010000e+04
  3.7499990000e+04  6.5000000000e+04
  3.9999990000e+04  6.5000000000e+04
  4.2499990000e+04  6.5000000000e+04
  4.4999990000e+04  6.5000000000e+04
  4.7500000000e+04  6.5000000000e+04
  5.0000000000e+04  6.5000000000e+04
  5.2500000000e+04  6.5000000000e+04
  5.5000000000e+04  6.5000000000e+04
  5.7500000000e+04  6.5000000000e+04
  6.0000000000e+04  6.5000000000e+04
  6.2500000000e+04  6.5000000000e+04
  6.5000000000e+04  6.5000000000e+04
  6.7500000000e+04  6.5000000000e+04
  7.0000000000e+04  6.5000000000e+04
  7.2500000000e+04  6.5000000000e+04
  7.5000000000e+04  6.5000000000e+04
  7.7500000000e+04  6.5000000000e+04
  8.0000000000e+04  6.5000000000e+04
  8.2500000000e+04  6.5000000000e+04
  8.5000000000e+04  6.5000000000e+04
  8.7500000000e+04  6.5000000000e+04
  9.0000000000e+04  6.5000000000e+04
  9.2500000000e+04  6.5000000000e+04
  9.5000000000e+04  6.5000000000e+04
  9.7500000000e+04  6.5000000000e+04
  1.0000000000e+05  6.5000000000e+04
  1.0250000000e+05  6.5000000000e+04
  1.0500000000e+05  6.5000000000e+04
  1.0750000000e+05  6.5000000000e+04
  1.1000000000e+05  6.5000000000e+04
  1.1250000000e+05  6.5000000000e+04
  1.1500000000e+05  6.5000000000e+04
  1.1750000000e+05  6.5000000000e+04
  1.2000000000e+05  6.5000000000e+04
  1.2250000000e+05  6.5000000000e+04
  1.2500000000e+05  6.5000000000e+04
  1.2750000000e+05  6.5000000000e+04
  1.3000000000e+05  6.5000000000e+04
  1.3250000000e+05  6.5000000000e+04
  1.3500000000e+05  6.5000000000e+04
  1.3750000000e+05  6.5000000000e+04
  1.4000000000e+05  6.5000000000e+04
  1.4250000000e+05  6.5000000000e+04
  1.4500000000e+05  6.5000000000e+04
  1.4750000000e+05  6.5000000000e+04
  1.5000000000e+05  6.5000000000e+04
  1.5250000000e+05  6.5000000000e+04
  1.5500000000e+05  6.5000000000e+04
  1.5750000000e+05  6.5000000000e+04
  1.6000000000e+05  6.5000000000e+04
  1.6250000000e+05  6.5000000000e+04
  1.6500000000e+05  6.5000000000e+04
  1.6750000000e+05  6.5000000000e+04
  1.7000000000e+05  6.5000000000e+04
  1.7250000000e+05  6.5000000000e+04
  1.7500020000e+05  6.5000000000e+04
  1.7750040000e+05  6.4999990000e+04
  1.8000060000e+05  6.4999970000e+04
  1.8250080000e+05  6.5000020000e+04
  1.7499480000e+04  1.7499980000e+04
  1.7499660000e+04  1.9999980000e+04
  1.7499790000e+04  2.2499990000e+04
  1.7499870000e+04  2.4999990000e+04
  1.7499920000e+04  2.7499990000e+04
  1.7499950000e+04  2.9999990000e+04
  1.7499970000e+04  3.2499990000e+04
  1.7499990000e+04  3.4999990000e+04
  1.7499990000e+04  3.7500000000e+04
  1.7500000000e+04  4.0000000000e+04
  1.7500000000e+04  4.2500000000e+04
  1.7500000000e+04  4.5000000000e+04
  1.7500000000e+04  4.7500000000e+04
  1.7500000000e+04  5.0000020000e+04
  1.7500000000e+04  5.2500030000e+04
  1.7499990000e+04  5.5000070000e+04
  1.7499970000e+04  5.7500150000e+04
  1.7499920000e+04  6.0000230000e+04
  1.7499870000e+04  6.2500300000e+04
  1.9999910000e+04  6.2500190000e+04
  2.2499930000e+04  6.2500120000e+04
  2.4999950000e+04  6.2500080000e+04
  2.7499960000e+04  6.2500050000e+04
  2.9999970000e+04  6.2500030000e+04
  3.2499980000e+04  6.2500020000e+04
  3.4999980000e+04  6.2500010000e+04
  3.7499990000e+04  6.2500000000e+04
  3.9999990000e+04  6.2500000000e+04
  4.2499990000e+04  6.2500000000e+04
  4.4999990000e+04  6.2500000000e+04
  4.7500000000e+04  6.2500000000e+04
  5.0000000000e+04  6.2500000000e+04
  5.2500000000e+04  6.2500000000e+04
  5.5000000000e+04  6.2500000000e+04
  5.7500000000e+04  6.2500000000e+04
  6.0000000000e+04  6.2500000000e+04
  6.2500000000e+04  6.2500000000e+04
  6.5000000000e+04  6.2500000000e+04
  6.7500000000e+04  6.2500000000e+04
  7.0000000000e+04  6.2500000000e+04
  7.2500000000e+04  6.2500000000e+04
  7.5000000000e+04  6.2500000000e+04
  7.7500000000e+04  6.2500000000e+04
  8.0000000000e+04  6.2500000000e+04
  8.2500000000e+04  6.2500000000e+04
  8.5000000000e+04  6.2500000000e+04
  8.7500000000e+04  6.2500000000e+04
  9.0000000000e+04  6.2500000000e+04
  9.2500000000e+04  6.2500000000e+04
  9.5000000000e+04  6.2500000000e+04
  9.7500000000e+04  6.2500000000e+04
  1.0000000000e+05  6.2500000000e+04
  1.0250000000e+05  6.2500000000e+04
  1.0500000000e+05  6.2500000000e+04
  1.0750000000e+05  6.2500000000e+04
  1.1000000000e+05  6.2500000000e+04
  1.1250000000e+05  6.2500000000e+04
  1.1500000000e+05  6.2500000000e+04
  1.1750000000e+05  6.2500000000e+04
  1.2000000000e+05  6.2500000000e+04
  1.2250000000e+05  6.2500000000e+04
  1.2500000000e+05  6.2500000000e+04
  1.2750000000e+05  6.2500000000e+04
  1.3000000000e+05  6.2500000000e+04
  1.3250000000e+05  6.2500000000e+04
  1.3500000000e+05  6.2500000000e+04
  1.3750000000e+05  6.2500000000e+04
  1.4000000000e+05  6.2500000000e+04
  1.4250000000e+05  6.2500000000e+04
  1.4500000000e+05  6.2500000000e+04
  1.4750000000e+05  6.2500000000e+04
  1.5000000000e+05  6.2500000000e+04
  1.5250000000e+05  6.2500000000e+04
  1.5500000000e+05  6.2500000000e+04
  1.5750000000e+05  6.2500000000e+04
  1.6000000000e+05  6.2500000000e+04
  1.6250000000e+05  6.2500000000e+04
  1.6500000000e+05  6.2500000000e+04
  1.6750000000e+05  6.2500000000e+04
  1.7000000000e+05  6.2500000000e+04
  1.7250000000e+05  6.2500000000e+04
  1.7500020000e+05  6.2500000000e+04
  1.7750030000e+05  6.2499990000e+04
  1.8000040000e+05  6.2500000000e+04
  1.8250050000e+05  6.2500020000e+04
  1.8250010000e+05  1.7499710000e+04
  1.8000010000e+05  1.7499810000e+04
  1.7750010000e+05  1.7499880000e+04
  1.7500000000e+05  1.7499920000e+04
  1.7250000000e+05  1.7499950000e+04
  1.7000000000e+05  1.7499970000e+04
  1.6750000000e+05  1.7499980000e+04
  1.6500000000e+05  1.7499990000e+04
  1.6250000000e+05  1.7500000000e+04
  1.6000000000e+05  1.7500000000e+04
  1.5750000000e+05  1.7500000000e+04
  1.5500000000e+05  1.7500000000e+04
  1.5250000000e+05  1.7500000000e+04
  1.5000000000e+05  1.7500000000e+04
  1.4750000000e+05  1.7500000000e+04
  1.4500000000e+05  1.7500000000e+04
  1.4250000000e+05  1.7500000000e+04
  1.4000000000e+05  1.7500000000e+04
  1.3750000000e+05  1.7500000000e+04
  1.3500000000e+05  1.7500000000e+04
  1.3250000000e+05  1.7500000000e+04
  1.3000000000e+05  1.7500000000e+04
  1.2750000000e+05  1.7500000000e+04
  1.2500000000e+05  1.7500000000e+04
  1.2250000000e+05  1.7500000000e+04
  1.2000000000e+05  1.7500000000e+04
  1.1750000000e+05  1.7500000000e+04
  1.1500000000e+05  1.7500000000e+04
  1.1250000000e+05  1.7500000000e+04
  1.1000000000e+05  1.7500000000e+04
  1.0750000000e+05  1.7500000000e+04
  1.0500000000e+05  1.7500000000e+04
  1.0250000000e+05  1.7500000000e+04
  1.0000000000e+05  1.7500000000e+04
  9.7500000000e+04  1.7500000000e+04
  9.5000000000e+04  1.7500000000e+04
  9.2500000000e+04  1.7500000000e+04
  9.0000000000e+04  1.7500000000e+04
  8.7500000000e+04  1.7500000000e+04
  8.5000000000e+04  1.7500000000e+04
  8.2500000000e+04  1.7500000000e+04
  8.0000000000e+04  1.7500000000e+04
  7.7500000000e+04  1.7500000000e+04
  7.5000000000e+04  1.7500000000e+04
  7.2500000000e+04  1.7500000000e+04
  7.0000000000e+04  1.7500000000e+04
  6.7500000000e+04  1.7500000000e+04
  6.5000000000e+04  1.7500000000e+04
  6.2500000000e+04  1.7500000000e+04
  6.0000000000e+04  1.7500000000e+04
  5.7500000000e+04  1.7500000000e+04
  5.5000000000e+04  1.7500000000e+04
  5.2500000000e+04  1.7500000000e+04
  5.0000000000e+04  1.7500000000e+04
  4.7500000000e+04  1.7500000000e+04
  4.5000000000e+04  1.7500000000e+04
  4.2500000000e+04  1.7500000000e+04
  4.0000000000e+04  1.7500000000e+04
  3.7500000000e+04  1.7500000000e+04
  3.5000000000e+04  1.7500000000e+04
  3.2500000000e+04  1.7500000000e+04
  2.9999990000e+04  1.7500000000e+04
  2.7499930000e+04  1.7500000000e+04
  2.4999820000e+04  1.7500000000e+04
  2.2499690000e+04  1.7500000000e+04
  1.9999570000e+04  1.7500000000e+04
  1.8250030000e+05  6.0000010000e+04
  1.8250020000e+05  5.7500010000e+04
  1.8250010000e+05  5.5000010000e+04
  1.8250010000e+05  5.2500010000e+04
  1.8250000000e+05  5.0000010000e+04
  1.8250000000e+05  4.7500010000e+04
  1.8250000000e+05  4.5000000000e+04
  1.8250000000e+05  4.2500000000e+04
  1.8250000000e+05  4.0000000000e+04
  1.8250000000e+05  3.7500000000e+04
  1.8250000000e+05  3.5000000000e+04
  1.8250000000e+05  3.2500000000e+04
  1.8250000000e+05  2.9999980000e+04
  1.8250000000e+05  2.7499950000e+04
  1.8250000000e+05  2.4999920000e+04
  1.8250000000e+05  2.2499850000e+04
  1.8250010000e+05  1.9999770000e+04
  1.9999940000e+04  6.0000160000e+04
  2.2499950000e+04  6.0000110000e+04
  2.4999960000e+04  6.0000070000e+04
  2.7499970000e+04  6.0000040000e+04
  2.9999980000e+04  6.0000030000e+04
  3.2499980000e+04  6.0000020000e+04
  3.4999990000e+04  6.0000010000e+04
  3.7499990000e+04  6.0000000000e+04
  3.9999990000e+04  6.0000000000e+04
  4.2499990000e+04  6.0000000000e+04
  4.5000000000e+04  6.0000000000e+04
  4.7500000000e+04  6.0000000000e+04
  5.0000000000e+04  6.0000000000e+04
  5.2500000000e+04  6.0000000000e+04
  5.5000000000e+04  6.0000000000e+04
  5.7500000000e+04  6.0000000000e+04
  6.0000000000e+04  6.0000000000e+04
  6.2500000000e+04  6.0000000000e+04
  6.5000000000e+04  6.0000000000e+04
  6.7500000000e+04  6.0000000000e+04
  7.0000000000e+04  6.0000000000e+04
  7.2500000000e+04  6.0000000000e+04
  7.5000000000e+04  6.0000000000e+04
  7.7500000000e+04  6.0000000000e+04
  8.0000000000e+04  6.0000000000e+04
  8.2500000000e+04  6.0000000000e+04
  8.5000000000e+04  6.0000000000e+04
  8.7500000000e+04  6.0000000000e+04
  9.0000000000e+04  6.0000000000e+04
  9.2500000000e+04  6.0000000000e+04
  9.5000000000e+04  6.0000000000e+04
  9.7500000000e+04  6.0000000000e+04
  1.0000000000e+05  6.0000000000e+04
  1.0250000000e+05  6.0000000000e+04
  1.0500000000e+05  6.0000000000e+04
  1.0750000000e+05  6.0000000000e+04
  1.1000000000e+05  6.0000000000e+04
  1.1250000000e+05  6.0000000000e+04
  1.1500000000e+05  6.0000000000e+04
  1.1750000000e+05  6.0000000000e+04
  1.2000000000e+05  6.0000000000e+04
  1.2250000000e+05  6.0000000000e+04
  1.2500000000e+05  6.0000000000e+04
  1.2750000000e+05  6.0000000000e+04
  1.3000000000e+05  6.0000000000e+04
  1.3250000000e+05  6.0000000000e+04
  1.3500000000e+05  6.0000000000e+04
  1.3750000000e+05  6.0000000000e+04
  1.4000000000e+05  6.0000000000e+04
  1.4250000000e+05  6.0000000000e+04
  1.4500000000e+05  6.0000000000e+04
  1.4750000000e+05  6.0000000000e+04
  1.5000000000e+05  6.0000000000e+04
  1.5250000000e+05  6.0000000000e+04
  1.5500000000e+05  6.0000000000e+04
  1.5750000000e+05  6.0000000000e+04
  1.6000000000e+05  6.0000000000e+04
  1.6250000000e+05  6.0000000000e+04
  1.6500000000e+05  6.0000000000e+04
  1.6750000000e+05  6.0000000000e+04
  1.7000000000e+05  6.0000000000e+04
  1.7250000000e+05  6.0000000000e+04
  1.7500010000e+05  6.0000000000e+04
  1.7750020000e+05  6.0000000000e+04
  1.8000030000e+05  6.0000000000e+04
  1.8000010000e+05  1.9999840000e+04
  1.7750000000e+05  1.9999890000e+04
  1.7500000000e+05  1.9999930000e+04
  1.7250000000e+05  1.9999960000e+04
  1.7000000000e+05  1.9999970000e+04
  1.6750000000e+05  1.9999980000e+04
  1.6500000000e+05  1.9999990000e+04
  1.6250000000e+05  2.0000000000e+04
  1.6000000000e+05  2.0000000000e+04
  1.5750000000e+05  2.0000000000e+04
  1.5500000000e+05  2.0000000000e+04
  1.5250000000e+05  2.0000000000e+04
  1.5000000000e+05  2.0000000000e+04
  1.4750000000e+05  2.0000000000e+04
  1.4500000000e+05  2.0000000000e+04
  1.4250000000e+05  2.0000000000e+04
  1.4000000000e+05  2.0000000000e+04
  1.3750000000e+05  2.0000000000e+04
  1.3500000000e+05  2.0000000000e+04
  1.3250000000e+05  2.0000000000e+04
  1.3000000000e+05  2.0000000000e+04
  1.2750000000e+05  2.0000000000e+04
  1.2500000000e+05  2.0000000000e+04
  1.2250000000e+05  2.0000000000e+04
  1.2000000000e+05  2.0000000000e+04
  1.1750000000e+05  2.0000000000e+04
  1.1500000000e+05  2.0000000000e+04
  1.1250000000e+05  2.0000000000e+04
  1.1000000000e+05  2.0000000000e+04
  1.0750000000e+05  2.0000000000e+04
  1.0500000000e+05  2.0000000000e+04
  1.0250000000e+05  2.0000000000e+04
  1.0000000000e+05  2.0000000000e+04
  9.7500000000e+04  2.0000000000e+04
  9.5000000000e+04  2.0000000000e+04
  9.2500000000e+04  2.0000000000e+04
  9.0000000000e+04  2.0000000000e+04
  8.7500000000e+04  2.0000000000e+04
  8.5000000000e+04  2.0000000000e+04
  8.2500000000e+04  2.0000000000e+04
  8.0000000000e+04  2.0000000000e+04
  7.7500000000e+04  2.0000000000e+04
  7.5000000000e+04  2.0000000000e+04
  7.2500000000e+04  2.0000000000e+04
  7.0000000000e+04  2.0000000000e+04
  6.7500000000e+04  2.0000000000e+04
  6.5000000000e+04  2.0000000000e+04
  6.2500000000e+04  2.0000000000e+04
  6.0000000000e+04  2.0000000000e+04
  5.7500000000e+04  2.0000000000e+04
  5.5000000000e+04  2.0000000000e+04
  5.2500000000e+04  2.0000000000e+04
  5.0000000000e+04  2.0000000000e+04
  4.7500000000e+04  2.0000000000e+04
  4.5000000000e+04  2.0000000000e+04
  4.2500000000e+04  2.0000000000e+04
  4.0000000000e+04  2.0000000000e+04
  3.7500000000e+04  2.0000000000e+04
  3.5000000000e+04  2.0000000000e+04
  3.2500000000e+04  2.0000000000e+04
  2.9999990000e+04  2.0000000000e+04
  2.7499930000e+04  2.0000000000e+04
  2.4999860000e+04  2.0000000000e+04
  2.2499780000e+04  2.0000000000e+04
  1.9999710000e+04  1.9999990000e+04
  1.8000020000e+05  5.7500010000e+04
  1.8000010000e+05  5.5000010000e+04
  1.8000010000e+05  5.2500010000e+04
  1.8000000000e+05  5.0000000000e+04
  1.8000000000e+05  4.7500000000e+04
  1.8000000000e+05  4.5000000000e+04
  1.8000000000e+05  4.2500000000e+04
  1.8000000000e+05  4.0000000000e+04
  1.8000000000e+05  3.7500000000e+04
  1.8000000000e+05  3.5000000000e+04
  1.8000000000e+05  3.2499990000e+04
  1.8000000000e+05  2.9999980000e+04
  1.8000000000e+05  2.7499950000e+04
  1.8000000000e+05  2.4999930000e+04
  1.8000000000e+05  2.2499890000e+04
  1.9999810000e+04  2.2499990000e+04
  1.9999880000e+04  2.4999990000e+04
  1.9999930000e+04  2.7499990000e+04
  1.9999960000e+04  2.9999990000e+04
  1.9999970000e+04  3.2500000000e+04
  1.9999990000e+04  3.5000000000e+04
  1.9999990000e+04  3.7500000000e+04
  2.0000000000e+04  4.0000000000e+04
  2.0000000000e+04  4.2500000000e+04
  2.0000000000e+04  4.5000000000e+04
  2.0000000000e+04  4.7500010000e+04
  2.0000000000e+04  5.0000020000e+04
  2.0000000000e+04  5.2500040000e+04
  1.9999990000e+04  5.5000070000e+04
  1.9999970000e+04  5.7500110000e+04
  1.7750000000e+05  2.2499920000e+04
  1.7500000000e+05  2.2499940000e+04
  1.7250000000e+05  2.2499960000e+04
  1.7000000000e+05  2.2499980000e+04
  1.6750000000e+05  2.2499990000e+04
  1.6500000000e+05  2.2499990000e+04
  1.6250000000e+05  2.2500000000e+04
  1.6000000000e+05  2.2500000000e+04
  1.5750000000e+05  2.2500000000e+04
  1.5500000000e+05  2.2500000000e+04
  1.5250000000e+05  2.2500000000e+04
  1.5000000000e+05  2.2500000000e+04
  1.4750000000e+05  2.2500000000e+04
  1.4500000000e+05  2.2500000000e+04
  1.4250000000e+05  2.2500000000e+04
  1.4000000000e+05  2.2500000000e+04
  1.3750000000e+05  2.2500000000e+04
  1.3500000000e+05  2.2500000000e+04
  1.3250000000e+05  2.2500000000e+04
  1.3000000000e+05  2.2500000000e+04
  1.2750000000e+05  2.2500000000e+04
  1.2500000000e+05  2.2500000000e+04
  1.2250000000e+05  2.2500000000e+04
  1.2000000000e+05  2.2500000000e+04
  1.1750000000e+05  2.2500000000e+04
  1.1500000000e+05  2.2500000000e+04
  1.1250000000e+05  2.2500000000e+04
  1.1000000000e+05  2.2500000000e+04
  1.0750000000e+05  2.2500000000e+04
  1.0500000000e+05  2.2500000000e+04
  1.0250000000e+05  2.2500000000e+04
  1.0000000000e+05  2.2500000000e+04
  9.7500000000e+04  2.2500000000e+04
  9.5000000000e+04  2.2500000000e+04
  9.2500000000e+04  2.2500000000e+04
  9.0000000000e+04  2.2500000000e+04
  8.7500000000e+04  2.2500000000e+04
  8.5000000000e+04  2.2500000000e+04
  8.2500000000e+04  2.2500000000e+04
  8.0000000000e+04  2.2500000000e+04
  7.7500000000e+04  2.2500000000e+04
  7.5000000000e+04  2.2500000000e+04
  7.2500000000e+04  2.2500000000e+04
  7.0000000000e+04  2.2500000000e+04
  6.7500000000e+04  2.2500000000e+04
  6.5000000000e+04  2.2500000000e+04
  6.2500000000e+04  2.2500000000e+04
  6.0000000000e+04  2.2500000000e+04
  5.7500000000e+04  2.2500000000e+04
  5.5000000000e+04  2.2500000000e+04
  5.2500000000e+04  2.2500000000e+04
  5.0000000000e+04  2.2500000000e+04
  4.7500000000e+04  2.2500000000e+04
  4.5000000000e+04  2.2500000000e+04
  4.2500000000e+04  2.2500000000e+04
  4.0000000000e+04  2.2500000000e+04
  3.7500000000e+04  2.2500000000e+04
  3.5000000000e+04  2.2500000000e+04
  3.2500000000e+04  2.2500000000e+04
  2.9999980000e+04  2.2500000000e+04
  2.7499940000e+04  2.2500000000e+04
  2.4999900000e+04  2.2500000000e+04
  2.2499850000e+04  2.2500000000e+04
  2.2499970000e+04  5.7500080000e+04
  2.4999980000e+04  5.7500060000e+04
  2.7499980000e+04  5.7500040000e+04
  2.9999980000e+04  5.7500020000e+04
  3.2499990000e+04  5.7500010000e+04
  3.4999990000e+04  5.7500010000e+04
  3.7499990000e+04  5.7500000000e+04
  3.9999990000e+04  5.7500000000e+04
  4.2500000000e+04  5.7500000000e+04
  4.5000000000e+04  5.7500000000e+04
  4.7500000000e+04  5.7500000000e+04
  5.0000000000e+04  5.7500000000e+04
  5.2500000000e+04  5.7500000000e+04
  5.5000000000e+04  5.7500000000e+04
  5.7500000000e+04  5.7500000000e+04
  6.0000000000e+04  5.7500000000e+04
  6.2500000000e+04  5.7500000000e+04
  6.5000000000e+04  5.7500000000e+04
  6.7500000000e+04  5.7500000000e+04
  7.0000000000e+04  5.7500000000e+04
  7.2500000000e+04  5.7500000000e+04
  7.5000000000e+04  5.7500000000e+04
  7.7500000000e+04  5.7500000000e+04
  8.0000000000e+04  5.7500000000e+04
  8.2500000000e+04  5.7500000000e+04
  8.5000000000e+04  5.7500000000e+04
  8.7500000000e+04  5.7500000000e+04
  9.0000000000e+04  5.7500000000e+04
  9.2500000000e+04  5.7500000000e+04
  9.5000000000e+04  5.7500000000e+04
  9.7500000000e+04  5.7500000000e+04
  1.0000000000e+05  5.7500000000e+04
  1.0250000000e+05  5.7500000000e+04
  1.0500000000e+05  5.7500000000e+04
  1.0750000000e+05  5.7500000000e+04
  1.1000000000e+05  5.7500000000e+04
  1.1250000000e+05  5.7500000000e+04
  1.1500000000e+05  5.7500000000e+04
  1.1750000000e+05  5.7500000000e+04
  1.2000000000e+05  5.7500000000e+04
  1.2250000000e+05  5.7500000000e+04
  1.2500000000e+05  5.7500000000e+04
  1.2750000000e+05  5.7500000000e+04
  1.3000000000e+05  5.7500000000e+04
  1.3250000000e+05  5.7500000000e+04
  1.3500000000e+05  5.7500000000e+04
  1.3750000000e+05  5.7500000000e+04
  1.4000000000e+05  5.7500000000e+04
  1.4250000000e+05  5.7500000000e+04
  1.4500000000e+05  5.7500000000e+04
  1.4750000000e+05  5.7500000000e+04
  1.5000000000e+05  5.7500000000e+04
  1.5250000000e+05  5.7500000000e+04
  1.5500000000e+05  5.7500000000e+04
  1.5750000000e+05  5.7500000000e+04
  1.6000000000e+05  5.7500000000e+04
  1.6250000000e+05  5.7500000000e+04
  1.6500000000e+05  5.7500000000e+04
  1.6750000000e+05  5.7500000000e+04
  1.7000000000e+05  5.7500000000e+04
  1.7250000000e+05  5.7500000000e+04
  1.7500010000e+05  5.7500000000e+04
  1.7750010000e+05  5.7500000000e+04
  1.7750010000e+05  5.5000000000e+04
  1.7750010000e+05  5.2500000000e+04
  1.7750000000e+05  5.0000000000e+04
  1.7750000000e+05  4.7500000000e+04
  1.7750000000e+05  4.5000000000e+04
  1.7750000000e+05  4.2500000000e+04
  1.7750000000e+05  4.0000000000e+04
  1.7750000000e+05  3.7500000000e+04
  1.7750000000e+05  3.5000000000e+04
  1.7750000000e+05  3.2499990000e+04
  1.7750000000e+05  2.9999980000e+04
  1.7750000000e+05  2.7499960000e+04
  1.7750000000e+05  2.4999940000e+04
  2.2499900000e+04  2.5000000000e+04
  2.2499940000e+04  2.7500000000e+04
  2.2499960000e+04  3.0000000000e+04
  2.2499980000e+04  3.2500000000e+04
  2.2499990000e+04  3.5000000000e+04
  2.2499990000e+04  3.7500000000e+04
  2.2500000000e+04  4.0000000000e+04
  2.2500000000e+04  4.2500000000e+04
  2.2500000000e+04  4.5000000000e+04
  2.2500000000e+04  4.7500010000e+04
  2.2500000000e+04  5.0000020000e+04
  2.2499990000e+04  5.2500030000e+04
  2.2499980000e+04  5.5000060000e+04
  2.4999990000e+04  5.5000040000e+04
  2.7499990000e+04  5.5000030000e+04
  2.9999990000e+04  5.5000020000e+04
  3.2499990000e+04  5.5000010000e+04
  3.4999990000e+04  5.5000010000e+04
  3.7499990000e+04  5.5000000000e+04
  4.0000000000e+04  5.5000000000e+04
  4.2500000000e+04  5.5000000000e+04
  4.5000000000e+04  5.5000000000e+04
  4.7500000000e+04  5.5000000000e+04
  5.0000000000e+04  5.5000000000e+04
  5.2500000000e+04  5.5000000000e+04
  5.5000000000e+04  5.5000000000e+04
  5.7500000000e+04  5.5000000000e+04
  6.0000000000e+04  5.5000000000e+04
  6.2500000000e+04  5.5000000000e+04
  6.5000000000e+04  5.5000000000e+04
  6.7500000000e+04  5.5000000000e+04
  7.0000000000e+04  5.5000000000e+04
  7.2500000000e+04  5.5000000000e+04
  7.5000000000e+04  5.5000000000e+04
  7.7500000000e+04  5.5000000000e+04
  8.0000000000e+04  5.5000000000e+04
  8.2500000000e+04  5.5000000000e+04
  8.5000000000e+04  5.5000000000e+04
  8.7500000000e+04  5.5000000000e+04
  9.0000000000e+04  5.5000000000e+04
  9.2500000000e+04  5.5000000000e+04
  9.5000000000e+04  5.5000000000e+04
  9.7500000000e+04  5.5000000000e+04
  1.0000000000e+05  5.5000000000e+04
  1.0250000000e+05  5.5000000000e+04
  1.0500000000e+05  5.5000000000e+04
  1.0750000000e+05  5.5000000000e+04
  1.1000000000e+05  5.5000000000e+04
  1.1250000000e+05  5.5000000000e+04
  1.1500000000e+05  5.5000000000e+04
  1.1750000000e+05  5.5000000000e+04
  1.2000000000e+05  5.5000000000e+04
  1.2250000000e+05  5.5000000000e+04
  1.2500000000e+05  5.5000000000e+04
  1.2750000000e+05  5.5000000000e+04
  1.3000000000e+05  5.5000000000e+04
  1.3250000000e+05  5.5000000000e+04
  1.3500000000e+05  5.5000000000e+04
  1.3750000000e+05  5.5000000000e+04
  1.4000000000e+05  5.5000000000e+04
  1.4250000000e+05  5.5000000000e+04
  1.4500000000e+05  5.5000000000e+04
  1.4750000000e+05  5.5000000000e+04
  1.5000000000e+05  5.5000000000e+04
  1.5250000000e+05  5.5000000000e+04
  1.5500000000e+05  5.5000000000e+04
  1.5750000000e+05  5.5000000000e+04
  1.6000000000e+05  5.5000000000e+04
  1.6250000000e+05  5.5000000000e+04
  1.6500000000e+05  5.5000000000e+04
  1.6750000000e+05  5.5000000000e+04
  1.7000000000e+05  5.5000000000e+04
  1.7250000000e+05  5.5000000000e+04
  1.7500010000e+05  5.5000000000e+04
  1.7500000000e+05  2.4999960000e+04
  1.7250000000e+05  2.4999970000e+04
  1.7000000000e+05  2.4999980000e+04
  1.6750000000e+05  2.4999990000e+04
  1.6500000000e+05  2.4999990000e+04
  1.6250000000e+05  2.5000000000e+04
  1.6000000000e+05  2.5000000000e+04
  1.5750000000e+05  2.5000000000e+04
  1.5500000000e+05  2.5000000000e+04
  1.5250000000e+05  2.5000000000e+04
  1.5000000000e+05  2.5000000000e+04
  1.4750000000e+05  2.5000000000e+04
  1.4500000000e+05  2.5000000000e+04
  1.4250000000e+05  2.5000000000e+04
  1.4000000000e+05  2.5000000000e+04
  1.3750000000e+05  2.5000000000e+04
  1.3500000000e+05  2.5000000000e+04
  1.3250000000e+05  2.5000000000e+04
  1.3000000000e+05  2.5000000000e+04
  1.2750000000e+05  2.5000000000e+04
  1.2500000000e+05  2.5000000000e+04
  1.2250000000e+05  2.5000000000e+04
  1.2000000000e+05  2.5000000000e+04
  1.1750000000e+05  2.5000000000e+04
  1.1500000000e+05  2.5000000000e+04
  1.1250000000e+05  2.5000000000e+04
  1.1000000000e+05  2.5000000000e+04
  1.0750000000e+05  2.5000000000e+04
  1.0500000000e+05  2.5000000000e+04
  1.0250000000e+05  2.5000000000e+04
  1.0000000000e+05  2.5000000000e+04
  9.7500000000e+04  2.5000000000e+04
  9.5000000000e+04  2.5000000000e+04
  9.2500000000e+04  2.5000000000e+04
  9.0000000000e+04  2.5000000000e+04
  8.7500000000e+04  2.5000000000e+04
  8.5000000000e+04  2.5000000000e+04
  8.2500000000e+04  2.5000000000e+04
  8.0000000000e+04  2.5000000000e+04
  7.7500000000e+04  2.5000000000e+04
  7.5000000000e+04  2.5000000000e+04
  7.2500000000e+04  2.5000000000e+04
  7.0000000000e+04  2.5000000000e+04
  6.7500000000e+04  2.5000000000e+04
  6.5000000000e+04  2.5000000000e+04
  6.2500000000e+04  2.5000000000e+04
  6.0000000000e+04  2.5000000000e+04
  5.7500000000e+04  2.5000000000e+04
  5.5000000000e+04  2.5000000000e+04
  5.2500000000e+04  2.5000000000e+04
  5.0000000000e+04  2.5000000000e+04
  4.7500000000e+04  2.5000000000e+04
  4.5000000000e+04  2.5000000000e+04
  4.2500000000e+04  2.5000000000e+04
  4.0000000000e+04  2.5000000000e+04
  3.7500000000e+04  2.5000000000e+04
  3.5000000000e+04  2.5000000000e+04
  3.2499990000e+04  2.5000000000e+04
  2.9999980000e+04  2.5000000000e+04
  2.7499950000e+04  2.5000000000e+04
  2.4999930000e+04  2.5000000000e+04
  1.7500000000e+05  5.2500000000e+04
  1.7500000000e+05  5.0000000000e+04
  1.7500000000e+05  4.7500000000e+04
  1.7500000000e+05  4.5000000000e+04
  1.7500000000e+05  4.2500000000e+04
  1.7500000000e+05  4.0000000000e+04
  1.7500000000e+05  3.7500000000e+04
  1.7500000000e+05  3.5000000000e+04
  1.7500000000e+05  3.2499990000e+04
  1.7500000000e+05  2.9999980000e+04
  1.7500000000e+05  2.7499970000e+04
  2.4999950000e+04  2.7500000000e+04
  2.4999970000e+04  3.0000000000e+04
  2.4999980000e+04  3.2500000000e+04
  2.4999990000e+04  3.5000000000e+04
  2.4999990000e+04  3.7500000000e+04
  2.5000000000e+04  4.0000000000e+04
  2.5000000000e+04  4.2500000000e+04
  2.5000000000e+04  4.5000000000e+04
  2.5000000000e+04  4.7500010000e+04
  2.5000000000e+04  5.0000020000e+04
  2.4999990000e+04  5.2500030000e+04
  1.7250000000e+05  2.7499980000e+04
  1.7000000000e+05  2.7499980000e+04
  1.6750000000e+05  2.7499990000e+04
  1.6500000000e+05  2.7499990000e+04
  1.6250000000e+05  2.7500000000e+04
  1.6000000000e+05  2.7500000000e+04
  1.5750000000e+05  2.7500000000e+04
  1.5500000000e+05  2.7500000000e+04
  1.5250000000e+05  2.7500000000e+04
  1.5000000000e+05  2.7500000000e+04
  1.4750000000e+05  2.7500000000e+04
  1.4500000000e+05  2.7500000000e+04
  1.4250000000e+05  2.7500000000e+04
  1.4000000000e+05  2.7500000000e+04
  1.3750000000e+05  2.7500000000e+04
  1.3500000000e+05  2.7500000000e+04
  1.3250000000e+05  2.7500000000e+04
  1.3000000000e+05  2.7500000000e+04
  1.2750000000e+05  2.7500000000e+04
  1.2500000000e+05  2.7500000000e+04
  1.2250000000e+05  2.7500000000e+04
  1.2000000000e+05  2.7500000000e+04
  1.1750000000e+05  2.7500000000e+04
  1.1500000000e+05  2.7500000000e+04
  1.1250000000e+05  2.7500000000e+04
  1.1000000000e+05  2.7500000000e+04
  1.0750000000e+05  2.7500000000e+04
  1.0500000000e+05  2.7500000000e+04
  1.0250000000e+05  2.7500000000e+04
  1.0000000000e+05  2.7500000000e+04
  9.7500000000e+04  2.7500000000e+04
  9.5000000000e+04  2.7500000000e+04
  9.2500000000e+04  2.7500000000e+04
  9.0000000000e+04  2.7500000000e+04
  8.7500000000e+04  2.7500000000e+04
  8.5000000000e+04  2.7500000000e+04
  8.2500000000e+04  2.7500000000e+04
  8.0000000000e+04  2.7500000000e+04
  7.7500000000e+04  2.7500000000e+04
  7.5000000000e+04  2.7500000000e+04
  7.2500000000e+04  2.7500000000e+04
  7.0000000000e+04  2.7500000000e+04
  6.7500000000e+04  2.7500000000e+04
  6.5000000000e+04  2.7500000000e+04
  6.2500000000e+04  2.7500000000e+04
  6.0000000000e+04  2.7500000000e+04
  5.7500000000e+04  2.7500000000e+04
  5.5000000000e+04  2.7500000000e+04
  5.2500000000e+04  2.7500000000e+04
  5.0000000000e+04  2.7500000000e+04
  4.7500000000e+04  2.7500000000e+04
  4.5000000000e+04  2.7500000000e+04
  4.2500000000e+04  2.7500000000e+04
  4.0000000000e+04  2.7500000000e+04
  3.7500000000e+04  2.7500000000e+04
  3.5000000000e+04  2.7500000000e+04
  3.2499990000e+04  2.7500000000e+04
  2.9999980000e+04  2.7500000000e+04
  2.7499970000e+04  2.7500000000e+04
  2.7499990000e+04  5.2500020000e+04
  2.9999990000e+04  5.2500020000e+04
  3.2499990000e+04  5.2500010000e+04
  3.4999990000e+04  5.2500010000e+04
  3.7500000000e+04  5.2500000000e+04
  4.0000000000e+04  5.2500000000e+04
  4.2500000000e+04  5.2500000000e+04
  4.5000000000e+04  5.2500000000e+04
  4.7500000000e+04  5.2500000000e+04
  5.0000000000e+04  5.2500000000e+04
  5.2500000000e+04  5.2500000000e+04
  5.5000000000e+04  5.2500000000e+04
  5.7500000000e+04  5.2500000000e+04
  6.0000000000e+04  5.2500000000e+04
  6.2500000000e+04  5.2500000000e+04
  6.5000000000e+04  5.2500000000e+04
  6.7500000000e+04  5.2500000000e+04
  7.0000000000e+04  5.2500000000e+04
  7.2500000000e+04  5.2500000000e+04
  7.5000000000e+04  5.2500000000e+04
  7.7500000000e+04  5.2500000000e+04
  8.0000000000e+04  5.2500000000e+04
  8.2500000000e+04  5.2500000000e+04
  8.5000000000e+04  5.2500000000e+04
  8.7500000000e+04  5.2500000000e+04
  9.0000000000e+04  5.2500000000e+04
  9.2500000000e+04  5.2500000000e+04
  9.5000000000e+04  5.2500000000e+04
  9.7500000000e+04  5.2500000000e+04
  1.0000000000e+05  5.2500000000e+04
  1.0250000000e+05  5.2500000000e+04
  1.0500000000e+05  5.2500000000e+04
  1.0750000000e+05  5.2500000000e+04
  1.1000000000e+05  5.2500000000e+04
  1.1250000000e+05  5.2500000000e+04
  1.1500000000e+05  5.2500000000e+04
  1.1750000000e+05  5.2500000000e+04
  1.2000000000e+05  5.2500000000e+04
  1.2250000000e+05  5.2500000000e+04
  1.2500000000e+05  5.2500000000e+04
  1.2750000000e+05  5.2500000000e+04
  1.3000000000e+05  5.2500000000e+04
  1.3250000000e+05  5.2500000000e+04
  1.3500000000e+05  5.2500000000e+04
  1.3750000000e+05  5.2500000000e+04
  1.4000000000e+05  5.2500000000e+04
  1.4250000000e+05  5.2500000000e+04
  1.4500000000e+05  5.2500000000e+04
  1.4750000000e+05  5.2500000000e+04
  1.5000000000e+05  5.2500000000e+04
  1.5250000000e+05  5.2500000000e+04
  1.5500000000e+05  5.2500000000e+04
  1.5750000000e+05  5.2500000000e+04
  1.6000000000e+05  5.2500000000e+04
  1.6250000000e+05  5.2500000000e+04
  1.6500000000e+05  5.2500000000e+04
  1.6750000000e+05  5.2500000000e+04
  1.7000000000e+05  5.2500000000e+04
  1.7250000000e+05  5.2500000000e+04
  1.7250000000e+05  5.0000000000e+04
  1.7250000000e+05  4.7500000000e+04
  1.7250000000e+05  4.5000000000e+04
  1.7250000000e+05  4.2500000000e+04
  1.7250000000e+05  4.0000000000e+04
  1.7250000000e+05  3.7500000000e+04
  1.7250000000e+05  3.5000000000e+04
  1.7250000000e+05  3.2499990000e+04
  1.7250000000e+05  2.9999980000e+04
  2.7499980000e+04  3.0000000000e+04
  2.7499980000e+04  3.2500000000e+04
  2.7499990000e+04  3.5000000000e+04
  2.7499990000e+04  3.7500000000e+04
  2.7500000000e+04  4.0000000000e+04
  2.7500000000e+04  4.2500000000e+04
  2.7500000000e+04  4.5000000000e+04
  2.7500000000e+04  4.7500010000e+04
  2.7500000000e+04  5.0000010000e+04
  1.7000000000e+05  2.9999990000e+04
  1.6750000000e+05  2.9999990000e+04
  1.6500000000e+05  2.9999990000e+04
  1.6250000000e+05  3.0000000000e+04
  1.6000000000e+05  3.0000000000e+04
  1.5750000000e+05  3.0000000000e+04
  1.5500000000e+05  3.0000000000e+04
  1.5250000000e+05  3.0000000000e+04
  1.5000000000e+05  3.0000000000e+04
  1.4750000000e+05  3.0000000000e+04
  1.4500000000e+05  3.0000000000e+04
  1.4250000000e+05  3.0000000000e+04
  1.4000000000e+05  3.0000000000e+04
  1.3750000000e+05  3.0000000000e+04
  1.3500000000e+05  3.0000000000e+04
  1.3250000000e+05  3.0000000000e+04
  1.3000000000e+05  3.0000000000e+04
  1.2750000000e+05  3.0000000000e+04
  1.2500000000e+05  3.0000000000e+04
  1.2250000000e+05  3.0000000000e+04
  1.2000000000e+05  3.0000000000e+04
  1.1750000000e+05  3.0000000000e+04
  1.1500000000e+05  3.0000000000e+04
  1.1250000000e+05  3.0000000000e+04
  1.1000000000e+05  3.0000000000e+04
  1.0750000000e+05  3.0000000000e+04
  1.0500000000e+05  3.0000000000e+04
  1.0250000000e+05  3.0000000000e+04
  1.0000000000e+05  3.0000000000e+04
  9.7500000000e+04  3.0000000000e+04
  9.5000000000e+04  3.0000000000e+04
  9.2500000000e+04  3.0000000000e+04
  9.0000000000e+04  3.0000000000e+04
  8.7500000000e+04  3.0000000000e+04
  8.5000000000e+04  3.0000000000e+04
  8.2500000000e+04  3.0000000000e+04
  8.0000000000e+04  3.0000000000e+04
  7.7500000000e+04  3.0000000000e+04
  7.5000000000e+04  3.0000000000e+04
  7.2500000000e+04  3.0000000000e+04
  7.0000000000e+04  3.0000000000e+04
  6.7500000000e+04  3.0000000000e+04
  6.5000000000e+04  3.0000000000e+04
  6.2500000000e+04  3.0000000000e+04
  6.0000000000e+04  3.0000000000e+04
  5.7500000000e+04  3.0000000000e+04
  5.5000000000e+04  3.0000000000e+04
  5.2500000000e+04  3.0000000000e+04
  5.0000000000e+04  3.0000000000e+04
  4.7500000000e+04  3.0000000000e+04
  4.5000000000e+04  3.0000000000e+04
  4.2500000000e+04  3.0000000000e+04
  4.0000000000e+04  3.0000000000e+04
  3.7500000000e+04  3.0000000000e+04
  3.5000000000e+04  3.0000000000e+04
  3.2499990000e+04  3.0000000000e+04
  2.9999980000e+04  3.0000000000e+04
  3.0000000000e+04  5.0000010000e+04
  3.2500000000e+04  5.0000010000e+04
  3.5000000000e+04  5.0000010000e+04
  3.7500000000e+04  5.0000000000e+04
  4.0000000000e+04  5.0000000000e+04
  4.2500000000e+04  5.0000000000e+04
  4.5000000000e+04  5.0000000000e+04
  4.7500000000e+04  5.0000000000e+04
  5.0000000000e+04  5.0000000000e+04
  5.2500000000e+04  5.0000000000e+04
  5.5000000000e+04  5.0000000000e+04
  5.7500000000e+04  5.0000000000e+04
  6.0000000000e+04  5.0000000000e+04
  6.2500000000e+04  5.0000000000e+04
  6.5000000000e+04  5.0000000000e+04
  6.7500000000e+04  5.0000000000e+04
  7.0000000000e+04  5.0000000000e+04
  7.2500000000e+04  5.0000000000e+04
  7.5000000000e+04  5.0000000000e+04
  7.7500000000e+04  5.0000000000e+04
  8.0000000000e+04  5.0000000000e+04
  8.2500000000e+04  5.0000000000e+04
  8.5000000000e+04  5.0000000000e+04
  8.7500000000e+04  5.0000000000e+04
  9.0000000000e+04  5.0000000000e+04
  9.2500000000e+04  5.0000000000e+04
  9.5000000000e+04  5.0000000000e+04
  9.7500000000e+04  5.0000000000e+04
  1.0000000000e+05  5.0000000000e+04
  1.0250000000e+05  5.0000000000e+04
  1.0500000000e+05  5.0000000000e+04
  1.0750000000e+05  5.0000000000e+04
  1.1000000000e+05  5.0000000000e+04
  1.1250000000e+05  5.0000000000e+04
  1.1500000000e+05  5.0000000000e+04
  1.1750000000e+05  5.0000000000e+04
  1.2000000000e+05  5.0000000000e+04
  1.2250000000e+05  5.0000000000e+04
  1.2500000000e+05  5.0000000000e+04
  1.2750000000e+05  5.0000000000e+04
  1.3000000000e+05  5.0000000000e+04
  1.3250000000e+05  5.0000000000e+04
  1.3500000000e+05  5.0000000000e+04
  1.3750000000e+05  5.0000000000e+04
  1.4000000000e+05  5.0000000000e+04
  1.4250000000e+05  5.0000000000e+04
  1.4500000000e+05  5.0000000000e+04
  1.4750000000e+05  5.0000000000e+04
  1.5000000000e+05  5.0000000000e+04
  1.5250000000e+05  5.0000000000e+04
  1.5500000000e+05  5.0000000000e+04
  1.5750000000e+05  5.0000000000e+04
  1.6000000000e+05  5.0000000000e+04
  1.6250000000e+05  5.0000000000e+04
  1.6500000000e+05  5.0000000000e+04
  1.6750000000e+05  5.0000000000e+04
  1.7000000000e+05  5.0000000000e+04
  1.7000000000e+05  4.7500000000e+04
  1.7000000000e+05  4.5000000000e+04
  1.7000000000e+05  4.2500000000e+04
  1.7000000000e+05  4.0000000000e+04
  1.7000000000e+05  3.7500000000e+04
  1.7000000000e+05  3.5000000000e+04
  1.7000000000e+05  3.2499990000e+04
  2.9999990000e+04  3.2500000000e+04
  2.9999990000e+04  3.5000000000e+04
  2.9999990000e+04  3.7500000000e+04
  3.0000000000e+04  4.0000000000e+04
  3.0000000000e+04  4.2500000000e+04
  3.0000000000e+04  4.5000000000e+04
  3.0000000000e+04  4.7500010000e+04
  1.6750000000e+05  3.2499990000e+04
  1.6500000000e+05  3.2500000000e+04
  1.6250000000e+05  3.2500000000e+04
  1.6000000000e+05  3.2500000000e+04
  1.5750000000e+05  3.2500000000e+04
  1.5500000000e+05  3.2500000000e+04
  1.5250000000e+05  3.2500000000e+04
  1.5000000000e+05  3.2500000000e+04
  1.4750000000e+05  3.2500000000e+04
  1.4500000000e+05  3.2500000000e+04
  1.4250000000e+05  3.2500000000e+04
  1.4000000000e+05  3.2500000000e+04
  1.3750000000e+05  3.2500000000e+04
  1.3500000000e+05  3.2500000000e+04
  1.3250000000e+05  3.2500000000e+04
  1.3000000000e+05  3.2500000000e+04
  1.2750000000e+05  3.2500000000e+04
  1.2500000000e+05  3.2500000000e+04
  1.2250000000e+05  3.2500000000e+04
  1.2000000000e+05  3.2500000000e+04
  1.1750000000e+05  3.2500000000e+04
  1.1500000000e+05  3.2500000000e+04
  1.1250000000e+05  3.2500000000e+04
  1.1000000000e+05  3.2500000000e+04
  1.0750000000e+05  3.2500000000e+04
  1.0500000000e+05  3.2500000000e+04
  1.0250000000e+05  3.2500000000e+04
  1.0000000000e+05  3.2500000000e+04
  9.7500000000e+04  3.2500000000e+04
  9.5000000000e+04  3.2500000000e+04
  9.2500000000e+04  3.2500000000e+04
  9.0000000000e+04  3.2500000000e+04
  8.7500000000e+04  3.2500000000e+04
  8.5000000000e+04  3.2500000000e+04
  8.2500000000e+04  3.2500000000e+04
  8.0000000000e+04  3.2500000000e+04
  7.7500000000e+04  3.2500000000e+04
  7.5000000000e+04  3.2500000000e+04
  7.2500000000e+04  3.2500000000e+04
  7.0000000000e+04  3.2500000000e+04
  6.7500000000e+04  3.2500000000e+04
  6.5000000000e+04  3.2500000000e+04
  6.2500000000e+04  3.2500000000e+04
  6.0000000000e+04  3.2500000000e+04
  5.7500000000e+04  3.2500000000e+04
  5.5000000000e+04  3.2500000000e+04
  5.2500000000e+04  3.2500000000e+04
  5.0000000000e+04  3.2500000000e+04
  4.7500000000e+04  3.2500000000e+04
  4.5000000000e+04  3.2500000000e+04
  4.2500000000e+04  3.2500000000e+04
  4.0000000000e+04  3.2500000000e+04
  3.7500000000e+04  3.2500000000e+04
  3.5000000000e+04  3.2500000000e+04
  3.2499990000e+04  3.2500000000e+04
  3.2500000000e+04  4.7500010000e+04
  3.5000000000e+04  4.7500000000e+04
  3.7500000000e+04  4.7500000000e+04
  4.0000000000e+04  4.7500000000e+04
  4.2500000000e+04  4.7500000000e+04
  4.5000000000e+04  4.7500000000e+04
  4.7500000000e+04  4.7500000000e+04
  5.0000000000e+04  4.7500000000e+04
  5.2500000000e+04  4.7500000000e+04
  5.5000000000e+04  4.7500000000e+04
  5.7500000000e+04  4.7500000000e+04
  6.0000000000e+04  4.7500000000e+04
  6.2500000000e+04  4.7500000000e+04
  6.5000000000e+04  4.7500000000e+04
  6.7500000000e+04  4.7500000000e+04
  7.0000000000e+04  4.7500000000e+04
  7.2500000000e+04  4.7500000000e+04
  7.5000000000e+04  4.7500000000e+04
  7.7500000000e+04  4.7500000000e+04
  8.0000000000e+04  4.7500000000e+04
  8.2500000000e+04  4.7500000000e+04
  8.5000000000e+04  4.7500000000e+04
  8.7500000000e+04  4.7500000000e+04
  9.0000000000e+04  4.7500000000e+04
  9.2500000000e+04  4.7500000000e+04
  9.5000000000e+04  4.7500000000e+04
  9.7500000000e+04  4.7500000000e+04
  1.0000000000e+05  4.7500000000e+04
  1.0250000000e+05  4.7500000000e+04
  1.0500000000e+05  4.7500000000e+04
  1.0750000000e+05  4.7500000000e+04
  1.1000000000e+05  4.7500000000e+04
  1.1250000000e+05  4.7500000000e+04
  1.1500000000e+05  4.7500000000e+04
  1.1750000000e+05  4.7500000000e+04
  1.2000000000e+05  4.7500000000e+04
  1.2250000000e+05  4.7500000000e+04
  1.2500000000e+05  4.7500000000e+04
  1.2750000000e+05  4.7500000000e+04
  1.3000000000e+05  4.7500000000e+04
  1.3250000000e+05  4.7500000000e+04
  1.3500000000e+05  4.7500000000e+04
  1.3750000000e+05  4.7500000000e+04
  1.4000000000e+05  4.7500000000e+04
  1.4250000000e+05  4.7500000000e+04
  1.4500000000e+05  4.7500000000e+04
  1.4750000000e+05  4.7500000000e+04
  1.5000000000e+05  4.7500000000e+04
  1.5250000000e+05  4.7500000000e+04
  1.5500000000e+05  4.7500000000e+04
  1.5750000000e+05  4.7500000000e+04
  1.6000000000e+05  4.7500000000e+04
  1.6250000000e+05  4.7500000000e+04
  1.6500000000e+05  4.7500000000e+04
  1.6750000000e+05  4.7500000000e+04
  1.6750000000e+05  4.5000000000e+04
  1.6750000000e+05  4.2500000000e+04
  1.6750000000e+05  4.0000000000e+04
  1.6750000000e+05  3.7500000000e+04
  1.6750000000e+05  3.5000000000e+04
  3.2499990000e+04  3.5000000000e+04
  3.2500000000e+04  3.7500000000e+04
  3.2500000000e+04  4.0000000000e+04
  3.2500000000e+04  4.2500000000e+04
  3.2500000000e+04  4.5000000000e+04
  1.6500000000e+05  3.5000000000e+04
  1.6250000000e+05  3.5000000000e+04
  1.6000000000e+05  3.5000000000e+04
  1.5750000000e+05  3.5000000000e+04
  1.5500000000e+05  3.5000000000e+04
  1.5250000000e+05  3.5000000000e+04
  1.5000000000e+05  3.5000000000e+04
  1.4750000000e+05  3.5000000000e+04
  1.4500000000e+05  3.5000000000e+04
  1.4250000000e+05  3.5000000000e+04
  1.4000000000e+05  3.5000000000e+04
  1.3750000000e+05  3.5000000000e+04
  1.3500000000e+05  3.5000000000e+04
  1.3250000000e+05  3.5000000000e+04
  1.3000000000e+05  3.5000000000e+04
  1.2750000000e+05  3.5000000000e+04
  1.2500000000e+05  3.5000000000e+04
  1.2250000000e+05  3.5000000000e+04
  1.2000000000e+05  3.5000000000e+04
  1.1750000000e+05  3.5000000000e+04
  1.1500000000e+05  3.5000000000e+04
  1.1250000000e+05  3.5000000000e+04
  1.1000000000e+05  3.5000000000e+04
  1.0750000000e+05  3.5000000000e+04
  1.0500000000e+05  3.5000000000e+04
  1.0250000000e+05  3.5000000000e+04
  1.0000000000e+05  3.5000000000e+04
  9.7500000000e+04  3.5000000000e+04
  9.5000000000e+04  3.5000000000e+04
  9.2500000000e+04  3.5000000000e+04
  9.0000000000e+04  3.5000000000e+04
  8.7500000000e+04  3.5000000000e+04
  8.5000000000e+04  3.5000000000e+04
  8.2500000000e+04  3.5000000000e+04
  8.0000000000e+04  3.5000000000e+04
  7.7500000000e+04  3.5000000000e+04
  7.5000000000e+04  3.5000000000e+04
  7.2500000000e+04  3.5000000000e+04
  7.0000000000e+04  3.5000000000e+04
  6.7500000000e+04  3.5000000000e+04
  6.5000000000e+04  3.5000000000e+04
  6.2500000000e+04  3.5000000000e+04
  6.0000000000e+04  3.5000000000e+04
  5.7500000000e+04  3.5000000000e+04
  5.5000000000e+04  3.5000000000e+04
  5.2500000000e+04  3.5000000000e+04
  5.0000000000e+04  3.5000000000e+04
  4.7500000000e+04  3.5000000000e+04
  4.5000000000e+04  3.5000000000e+04
  4.2500000000e+04  3.5000000000e+04
  4.0000000000e+04  3.5000000000e+04
  3.7500000000e+04  3.5000000000e+04
  3.5000000000e+04  3.5000000000e+04
  3.5000000000e+04  4.5000000000e+04
  3.7500000000e+04  4.5000000000e+04
  4.0000000000e+04  4.5000000000e+04
  4.2500000000e+04  4.5000000000e+04
  4.5000000000e+04  4.5000000000e+04
  4.7500000000e+04  4.5000000000e+04
  5.0000000000e+04  4.5000000000e+04
  5.2500000000e+04  4.5000000000e+04
  5.5000000000e+04  4.5000000000e+04
  5.7500000000e+04  4.5000000000e+04
  6.0000000000e+04  4.5000000000e+04
  6.2500000000e+04  4.5000000000e+04
  6.5000000000e+04  4.5000000000e+04
  6.7500000000e+04  4.5000000000e+04
  7.0000000000e+04  4.5000000000e+04
  7.2500000000e+04  4.5000000000e+04
  7.5000000000e+04  4.5000000000e+04
  7.7500000000e+04  4.5000000000e+04
  8.0000000000e+04  4.5000000000e+04
  8.2500000000e+04  4.5000000000e+04
  8.5000000000e+04  4.5000000000e+04
  8.7500000000e+04  4.5000000000e+04
  9.0000000000e+04  4.5000000000e+04
  9.2500000000e+04  4.5000000000e+04
  9.5000000000e+04  4.5000000000e+04
  9.7500000000e+04  4.5000000000e+04
  1.0000000000e+05  4.5000000000e+04
  1.0250000000e+05  4.5000000000e+04
  1.0500000000e+05  4.5000000000e+04
  1.0750000000e+05  4.5000000000e+04
  1.1000000000e+05  4.5000000000e+04
  1.1250000000e+05  4.5000000000e+04
  1.1500000000e+05  4.5000000000e+04
  1.1750000000e+05  4.5000000000e+04
  1.2000000000e+05  4.5000000000e+04
  1.2250000000e+05  4.5000000000e+04
  1.2500000000e+05  4.5000000000e+04
  1.2750000000e+05  4.5000000000e+04
  1.3000000000e+05  4.5000000000e+04
  1.3250000000e+05  4.5000000000e+04
  1.3500000000e+05  4.5000000000e+04
  1.3750000000e+05  4.5000000000e+04
  1.4000000000e+05  4.5000000000e+04
  1.4250000000e+05  4.5000000000e+04
  1.4500000000e+05  4.5000000000e+04
  1.4750000000e+05  4.5000000000e+04
  1.5000000000e+05  4.5000000000e+04
  1.5250000000e+05  4.5000000000e+04
  1.5500000000e+05  4.5000000000e+04
  1.5750000000e+05  4.5000000000e+04
  1.6000000000e+05  4.5000000000e+04
  1.6250000000e+05  4.5000000000e+04
  1.6500000000e+05  4.5000000000e+04
  1.6500000000e+05  4.2500000000e+04
  1.6500000000e+05  4.0000000000e+04
  1.6500000000e+05  3.7500000000e+04
  3.5000000000e+04  3.7500000000e+04
  3.5000000000e+04  4.0000000000e+04
  3.5000000000e+04  4.2500000000e+04
  1.6250000000e+05  3.7500000000e+04
  1.6000000000e+05  3.7500000000e+04
  1.5750000000e+05  3.7500000000e+04
  1.5500000000e+05  3.7500000000e+04
  1.5250000000e+05  3.7500000000e+04
  1.5000000000e+05  3.7500000000e+04
  1.4750000000e+05  3.7500000000e+04
  1.4500000000e+05  3.7500000000e+04
  1.4250000000e+05  3.7500000000e+04
  1.4000000000e+05  3.7500000000e+04
  1.3750000000e+05  3.7500000000e+04
  1.3500000000e+05  3.7500000000e+04
  1.3250000000e+05  3.7500000000e+04
  1.3000000000e+05  3.7500000000e+04
  1.2750000000e+05  3.7500000000e+04
  1.2500000000e+05  3.7500000000e+04
  1.2250000000e+05  3.7500000000e+04
  1.2000000000e+05  3.7500000000e+04
  1.1750000000e+05  3.7500000000e+04
  1.1500000000e+05  3.7500000000e+04
  1.1250000000e+05  3.7500000000e+04
  1.1000000000e+05  3.7500000000e+04
  1.0750000000e+05  3.7500000000e+04
  1.0500000000e+05  3.7500000000e+04
  1.0250000000e+05  3.7500000000e+04
  1.0000000000e+05  3.7500000000e+04
  9.7500000000e+04  3.7500000000e+04
  9.5000000000e+04  3.7500000000e+04
  9.2500000000e+04  3.7500000000e+04
  9.0000000000e+04  3.7500000000e+04
  8.7500000000e+04  3.7500000000e+04
  8.5000000000e+04  3.7500000000e+04
  8.2500000000e+04  3.7500000000e+04
  8.0000000000e+04  3.7500000000e+04
  7.7500000000e+04  3.7500000000e+04
  7.5000000000e+04  3.7500000000e+04
  7.2500000000e+04  3.7500000000e+04
  7.0000000000e+04  3.7500000000e+04
  6.7500000000e+04  3.7500000000e+04
  6.5000000000e+04  3.7500000000e+04
  6.2500000000e+04  3.7500000000e+04
  6.0000000000e+04  3.7500000000e+04
  5.7500000000e+04  3.7500000000e+04
  5.5000000000e+04  3.7500000000e+04
  5.2500000000e+04  3.7500000000e+04
  5.0000000000e+04  3.7500000000e+04
  4.7500000000e+04  3.7500000000e+04
  4.5000000000e+04  3.7500000000e+04
  4.2500000000e+04  3.7500000000e+04
  4.0000000000e+04  3.7500000000e+04
  3.7500000000e+04  3.7500000000e+04
  3.7500000000e+04  4.2500000000e+04
  4.0000000000e+04  4.2500000000e+04
  4.2500000000e+04  4.2500000000e+04
  4.5000000000e+04  4.2500000000e+04
  4.7500000000e+04  4.2500000000e+04
  5.0000000000e+04  4.2500000000e+04
  5.2500000000e+04  4.2500000000e+04
  5.5000000000e+04  4.2500000000e+04
  5.7500000000e+04  4.2500000000e+04
  6.0000000000e+04  4.2500000000e+04
  6.2500000000e+04  4.2500000000e+04
  6.5000000000e+04  4.2500000000e+04
  6.7500000000e+04  4.2500000000e+04
  7.0000000000e+04  4.2500000000e+04
  7.2500000000e+04  4.2500000000e+04
  7.5000000000e+04  4.2500000000e+04
  7.7500000000e+04  4.2500000000e+04
  8.0000000000e+04  4.2500000000e+04
  8.2500000000e+04  4.2500000000e+04
  8.5000000000e+04  4.2500000000e+04
  8.7500000000e+04  4.2500000000e+04
  9.0000000000e+04  4.2500000000e+04
  9.2500000000e+04  4.2500000000e+04
  9.5000000000e+04  4.2500000000e+04
  9.7500000000e+04  4.2500000000e+04
  1.0000000000e+05  4.2500000000e+04
  1.0250000000e+05  4.2500000000e+04
  1.0500000000e+05  4.2500000000e+04
  1.0750000000e+05  4.2500000000e+04
  1.1000000000e+05  4.2500000000e+04
  1.1250000000e+05  4.2500000000e+04
  1.1500000000e+05  4.2500000000e+04
  1.1750000000e+05  4.2500000000e+04
  1.2000000000e+05  4.2500000000e+04
  1.2250000000e+05  4.2500000000e+04
  1.2500000000e+05  4.2500000000e+04
  1.2750000000e+05  4.2500000000e+04
  1.3000000000e+05  4.2500000000e+04
  1.3250000000e+05  4.2500000000e+04
  1.3500000000e+05  4.2500000000e+04
  1.3750000000e+05  4.2500000000e+04
  1.4000000000e+05  4.2500000000e+04
  1.4250000000e+05  4.2500000000e+04
  1.4500000000e+05  4.2500000000e+04
  1.4750000000e+05  4.2500000000e+04
  1.5000000000e+05  4.2500000000e+04
  1.5250000000e+05  4.2500000000e+04
  1.5500000000e+05  4.2500000000e+04
  1.5750000000e+05  4.2500000000e+04
  1.6000000000e+05  4.2500000000e+04
  1.6250000000e+05  4.2500000000e+04
  1.6250000000e+05  4.0000000000e+04
  3.7500000000e+04  4.0000000000e+04
  1.6000000000e+05  4.0000000000e+04
  1.5750000000e+05  4.0000000000e+04
  1.5500000000e+05  4.0000000000e+04
  1.5250000000e+05  4.0000000000e+04
  1.5000000000e+05  4.0000000000e+04
  1.4750000000e+05  4.0000000000e+04
  1.4500000000e+05  4.0000000000e+04
  1.4250000000e+05  4.0000000000e+04
  1.4000000000e+05  4.0000000000e+04
  1.3750000000e+05  4.0000000000e+04
  1.3500000000e+05  4.0000000000e+04
  1.3250000000e+05  4.0000000000e+04
  1.3000000000e+05  4.0000000000e+04
  1.2750000000e+05  4.0000000000e+04
  1.2500000000e+05  4.0000000000e+04
  1.2250000000e+05  4.0000000000e+04
  1.2000000000e+05  4.0000000000e+04
  1.1750000000e+05  4.0000000000e+04
  1.1500000000e+05  4.0000000000e+04
  1.1250000000e+05  4.0000000000e+04
  1.1000000000e+05  4.0000000000e+04
  1.0750000000e+05  4.0000000000e+04
  1.0500000000e+05  4.0000000000e+04
  1.0250000000e+05  4.0000000000e+04
  1.0000000000e+05  4.0000000000e+04
  9.7500000000e+04  4.0000000000e+04
  9.5000000000e+04  4.0000000000e+04
  9.2500000000e+04  4.0000000000e+04
  9.0000000000e+04  4.0000000000e+04
  8.7500000000e+04  4.0000000000e+04
  8.5000000000e+04  4.0000000000e+04
  8.2500000000e+04  4.0000000000e+04
  8.0000000000e+04  4.0000000000e+04
  7.7500000000e+04  4.0000000000e+04
  7.5000000000e+04  4.0000000000e+04
  7.2500000000e+04  4.0000000000e+04
  7.0000000000e+04  4.0000000000e+04
  6.7500000000e+04  4.0000000000e+04
  6.5000000000e+04  4.0000000000e+04
  6.2500000000e+04  4.0000000000e+04
  6.0000000000e+04  4.0000000000e+04
  5.7500000000e+04  4.0000000000e+04
  5.5000000000e+04  4.0000000000e+04
  5.2500000000e+04  4.0000000000e+04
  5.0000000000e+04  4.0000000000e+04
  4.7500000000e+04  4.0000000000e+04
  4.5000000000e+04  4.0000000000e+04
  4.2500000000e+04  4.0000000000e+04
  4.0000000000e+04  4.0000000000e+04
