48
377 2 233 234
380 2 232 233
406 2 230 231
407 2 232 231
465 2 245 246
468 2 244 245
531 2 238 239
532 2 240 239
617 2 216 215
620 2 214 215
869 2 227 228
872 2 226 227
1315 2 210 211
1316 2 211 212
1415 2 220 221
1416 2 221 222
1643 2 240 241
1644 2 241 242
1646 2 206 207
1647 2 208 207
1781 2 3 203
1782 2 203 204
1789 2 208 209
1790 2 209 210
2017 2 212 213
2018 2 213 214
2304 2 222 223
2305 2 224 223
2382 2 234 235
2383 2 235 236
2430 2 218 219
2431 2 219 220
2562 2 236 237
2563 2 237 238
2586 2 216 217
2587 2 217 218
2631 2 246 247
2632 2 248 247
2649 2 242 243
2650 2 243 244
2664 2 228 229
2665 2 229 230
2679 2 224 225
2680 2 225 226
2703 2 249 2
2705 2 248 249
2715 2 204 205
2716 2 205 206
