48
457 2 328 327
458 2 328 329
513 2 336 337
516 2 336 335
571 2 305 306
572 2 306 307
881 2 310 311
884 2 309 310
891 2 315 316
892 2 316 317
895 2 317 318
896 2 318 319
1010 2 321 322
1011 2 322 323
1295 2 331 332
1296 2 332 333
1857 2 307 308
1858 2 308 309
1906 2 333 334
1907 2 334 335
1927 2 329 330
1928 2 330 331
2013 2 320 321
2016 2 320 319
2109 2 340 341
2112 2 339 340
2115 2 301 302
2116 2 302 303
2517 2 325 326
2518 2 326 327
2520 2 337 338
2521 2 338 339
2523 2 304 303
2524 2 304 305
2592 2 312 311
2593 2 312 313
2610 2 323 324
2611 2 324 325
2646 2 313 314
2647 2 314 315
2700 2 344 1
2702 2 344 343
2709 2 2 298
2710 2 298 299
2727 2 341 342
2728 2 342 343
2730 2 299 300
2731 2 300 301
