 -0.40400000000000003        0.0000000000000000     
 -0.40200000000000002        0.0000000000000000     
 -0.40000000000000002        0.0000000000000000     
 -0.39800000000000002        0.0000000000000000     
 -0.39600000000000002        0.0000000000000000     
 -0.39400000000000002        0.0000000000000000     
 -0.39200000000000002        0.0000000000000000     
 -0.39000000000000001        0.0000000000000000     
 -0.38800000000000001        0.0000000000000000     
 -0.38600000000000001        0.0000000000000000     
 -0.38400000000000001        0.0000000000000000     
 -0.38200000000000001        0.0000000000000000     
 -0.38000000000000000        0.0000000000000000     
 -0.37800000000000000        0.0000000000000000     
 -0.37600000000000000        0.0000000000000000     
 -0.37400000000000000        0.0000000000000000     
 -0.37200000000000000        0.0000000000000000     
 -0.37000000000000000        0.0000000000000000     
 -0.36799999999999999        0.0000000000000000     
 -0.36599999999999999        0.0000000000000000     
 -0.36399999999999999        0.0000000000000000     
 -0.36199999999999999        0.0000000000000000     
 -0.35999999999999999        0.0000000000000000     
 -0.35799999999999998        0.0000000000000000     
 -0.35599999999999998        0.0000000000000000     
 -0.35399999999999998        0.0000000000000000     
 -0.35199999999999998        0.0000000000000000     
 -0.34999999999999998        0.0000000000000000     
 -0.34799999999999998        0.0000000000000000     
 -0.34599999999999997        0.0000000000000000     
 -0.34400000000000003        0.0000000000000000     
 -0.34200000000000003        0.0000000000000000     
 -0.34000000000000002        0.0000000000000000     
 -0.33800000000000002        0.0000000000000000     
 -0.33600000000000002        0.0000000000000000     
 -0.33400000000000002        0.0000000000000000     
 -0.33200000000000002        0.0000000000000000     
 -0.33000000000000002        0.0000000000000000     
 -0.32800000000000001        0.0000000000000000     
 -0.32600000000000001        0.0000000000000000     
 -0.32400000000000001        0.0000000000000000     
 -0.32200000000000001        0.0000000000000000     
 -0.32000000000000001        0.0000000000000000     
 -0.31800000000000000        0.0000000000000000     
 -0.31600000000000000        0.0000000000000000     
 -0.31400000000000000        0.0000000000000000     
 -0.31200000000000000        0.0000000000000000     
 -0.31000000000000000        0.0000000000000000     
 -0.30800000000000000        0.0000000000000000     
 -0.30599999999999999        0.0000000000000000     
 -0.30400000000000005        0.0000000000000000     
 -0.30200000000000005        0.0000000000000000     
 -0.30000000000000004        0.0000000000000000     
 -0.29800000000000004        0.0000000000000000     
 -0.29600000000000004        0.0000000000000000     
 -0.29400000000000004        0.0000000000000000     
 -0.29200000000000004        0.0000000000000000     
 -0.29000000000000004        0.0000000000000000     
 -0.28800000000000003        0.0000000000000000     
 -0.28600000000000003        0.0000000000000000     
 -0.28400000000000003        0.0000000000000000     
 -0.28200000000000003        0.0000000000000000     
 -0.28000000000000003        0.0000000000000000     
 -0.27800000000000002        0.0000000000000000     
 -0.27600000000000002        0.0000000000000000     
 -0.27400000000000002        0.0000000000000000     
 -0.27200000000000002        0.0000000000000000     
 -0.27000000000000002        0.0000000000000000     
 -0.26800000000000002        0.0000000000000000     
 -0.26600000000000001        0.0000000000000000     
 -0.26400000000000001        0.0000000000000000     
 -0.26200000000000001        0.0000000000000000     
 -0.26000000000000001        0.0000000000000000     
 -0.25800000000000001        0.0000000000000000     
 -0.25600000000000001        0.0000000000000000     
 -0.25400000000000000        0.0000000000000000     
 -0.25200000000000000        0.0000000000000000     
 -0.25000000000000000        0.0000000000000000     
 -0.24800000000000000        0.0000000000000000     
 -0.24600000000000000        0.0000000000000000     
 -0.24399999999999999        0.0000000000000000     
 -0.24200000000000002        0.0000000000000000     
 -0.24000000000000002        0.0000000000000000     
 -0.23800000000000002        0.0000000000000000     
 -0.23600000000000002        0.0000000000000000     
 -0.23400000000000001        0.0000000000000000     
 -0.23200000000000001        0.0000000000000000     
 -0.23000000000000001        0.0000000000000000     
 -0.22800000000000001        0.0000000000000000     
 -0.22600000000000001        0.0000000000000000     
 -0.22400000000000000        0.0000000000000000     
 -0.22200000000000000        0.0000000000000000     
 -0.22000000000000000        0.0000000000000000     
 -0.21800000000000003        0.0000000000000000     
 -0.21600000000000003        0.0000000000000000     
 -0.21400000000000002        0.0000000000000000     
 -0.21200000000000002        0.0000000000000000     
 -0.21000000000000002        0.0000000000000000     
 -0.20800000000000002        0.0000000000000000     
 -0.20600000000000002        0.0000000000000000     
 -0.20400000000000001        0.0000000000000000     
 -0.20200000000000001        0.0000000000000000     
 -0.20000000000000001        0.0000000000000000     
 -0.19800000000000001        0.0000000000000000     
 -0.19600000000000001        0.0000000000000000     
 -0.19400000000000001        0.0000000000000000     
 -0.19200000000000000        0.0000000000000000     
 -0.19000000000000000        0.0000000000000000     
 -0.18800000000000000        0.0000000000000000     
 -0.18600000000000000        0.0000000000000000     
 -0.18400000000000000        0.0000000000000000     
 -0.18200000000000000        0.0000000000000000     
 -0.18000000000000002        0.0000000000000000     
 -0.17800000000000002        1.7625919974528883E-071
 -0.17600000000000002        1.0063955175425410E-070
 -0.17400000000000002        4.8729691249456249E-070
 -0.17200000000000001        2.2874832163066832E-069
 -0.17000000000000001        1.0621112530540225E-068
 -0.16800000000000001        4.8894461208688334E-068
 -0.16600000000000001        2.2328648294089400E-067
 -0.16400000000000001        1.0115779763113480E-066
 -0.16200000000000001        4.5464873930492704E-066
 -0.16000000000000000        2.0271852478173231E-065
 -0.15800000000000000        8.9670937069006522E-065
 -0.15600000000000003        3.9350526507454518E-064
 -0.15400000000000003        1.7131273295202872E-063
 -0.15200000000000002        7.3989256641913150E-063
 -0.15000000000000002        3.1702044644930755E-062
 -0.14800000000000002        1.3475507452332574E-061
 -0.14600000000000002        5.6825318919318223E-061
 -0.14400000000000002        2.3772627146041208E-060
 -0.14200000000000002        9.8662169233219930E-060
 -0.14000000000000001        4.0622061436457443E-059
 -0.13800000000000001        1.6592457085588010E-058
 -0.13600000000000001        6.7235171113496653E-058
 -0.13400000000000001        2.7028317247373003E-057
 -0.13200000000000001        1.0778983110443504E-056
 -0.13000000000000000        4.2645426944465516E-056
 -0.12800000000000000        1.6737963952454288E-055
 -0.12600000000000000        6.5173022622349611E-055
 -0.12400000000000001        2.5174899893187630E-054
 -0.12200000000000001        9.6472130056298164E-054
 -0.12000000000000001        3.6674970607562081E-053
 -0.11800000000000001        1.3831555698699280E-052
 -0.11600000000000001        5.1749383855913630E-052
 -0.11400000000000000        1.9207541293213064E-051
 -0.11200000000000002        7.0724573827003967E-051
 -0.11000000000000001        2.5834520078315573E-050
 -0.10800000000000001        9.3618454582868199E-050
 -0.10600000000000001        3.3655268041514511E-049
 -0.10400000000000001        1.2002581212806456E-048
 -0.10200000000000001        4.2464474425055059E-048
 -0.10000000000000001        1.4904102595835840E-047
  -9.8000000000000004E-002   5.1893666359081589E-047
  -9.6000000000000002E-002   1.7924654029858646E-046
  -9.4000000000000014E-002   6.1420671210852914E-046
  -9.2000000000000012E-002   2.0878780076572242E-045
  -9.0000000000000011E-002   7.0407981114908098E-045
  -8.8000000000000009E-002   2.3553979177476095E-044
  -8.6000000000000007E-002   7.8168487230656120E-044
  -8.4000000000000005E-002   2.5734962670028716E-043
  -8.2000000000000003E-002   8.4050281074641141E-043
  -8.0000000000000016E-002   2.7231900675755501E-042
  -7.8000000000000014E-002   8.7526436461012141E-042
  -7.6000000000000012E-002   2.7907593357254200E-041
  -7.4000000000000010E-002   8.8272758103547722E-041
  -7.2000000000000008E-002   2.7698196241620353E-040
  -7.0000000000000007E-002   8.6217625205449436E-040
  -6.8000000000000005E-002   2.6623164930020839E-039
  -6.6000000000000003E-002   8.1553317419217815E-039
  -6.4000000000000001E-002   2.4782273970339422E-038
  -6.2000000000000000E-002   7.4706343691297232E-038
  -5.9999999999999998E-002   2.2340342723502927E-037
  -5.7999999999999996E-002   6.6273117818080692E-037
  -5.5999999999999994E-002   1.9502908180463660E-036
  -5.4000000000000020E-002   5.6934421899483997E-036
  -5.2000000000000018E-002   1.6487817207415293E-035
  -5.0000000000000017E-002   4.7365622220560134E-035
  -4.8000000000000015E-002   1.3498150567013240E-034
  -4.6000000000000013E-002   3.8158853005955938E-034
  -4.4000000000000011E-002   1.0701026526716355E-033
  -4.2000000000000010E-002   2.9768962186260202E-033
  -4.0000000000000008E-002   8.2150288140189644E-033
  -3.8000000000000006E-002   2.2488507047242380E-032
  -3.6000000000000004E-002   6.1068501782286991E-032
  -3.4000000000000002E-002   1.6450456648823298E-031
  -3.2000000000000001E-002   4.3958374208735900E-031
  -2.9999999999999999E-002   1.1652179035667054E-030
  -2.7999999999999997E-002   3.0638916595299805E-030
  -2.5999999999999995E-002   7.9917009541081085E-030
  -2.4000000000000021E-002   2.0677756450316099E-029
  -2.2000000000000020E-002   5.3071914515919871E-029
  -2.0000000000000018E-002   1.3512073089687320E-028
  -1.8000000000000016E-002   3.4125091226358562E-028
  -1.6000000000000014E-002   8.5490712893520082E-028
  -1.4000000000000012E-002   2.1244963118532565E-027
  -1.2000000000000011E-002   5.2370118474268388E-027
  -1.0000000000000009E-002   1.2805608858243467E-026
  -8.0000000000000071E-003   3.1060220850039526E-026
  -6.0000000000000053E-003   7.4729997382717331E-026
  -4.0000000000000036E-003   1.7834870604083952E-025
  -2.0000000000000018E-003   4.2220943147179395E-025
   0.0000000000000000        9.9144180840962177E-025
   2.0000000000000018E-003   2.3093309144404131E-024
   4.0000000000000036E-003   5.3355969406141606E-024
   6.0000000000000053E-003   1.2228015405050805E-023
   8.0000000000000071E-003   2.7797338485812091E-023
   9.9999999999999811E-003   6.2679111836905998E-023
   1.1999999999999983E-002   1.4018865833229548E-022
   1.3999999999999985E-002   3.1100784166201634E-022
   1.5999999999999986E-002   6.8437815583210217E-022
   1.7999999999999988E-002   1.4937748376430199E-021
   1.9999999999999990E-002   3.2339710945877364E-021
   2.1999999999999992E-002   6.9445937481429032E-021
   2.3999999999999994E-002   1.4791592124456497E-020
   2.5999999999999995E-002   3.1249130662443544E-020
   2.7999999999999997E-002   6.5480711497851086E-020
   2.9999999999999999E-002   1.3609390676442066E-019
   3.2000000000000001E-002   2.8055055780219140E-019
   3.4000000000000002E-002   5.7362488777347263E-019
   3.6000000000000004E-002   1.1632856302311419E-018
   3.8000000000000006E-002   2.3398246051078278E-018
   3.9999999999999980E-002   4.6678375708768059E-018
   4.1999999999999982E-002   9.2359266874123373E-018
   4.3999999999999984E-002   1.8124842083429703E-017
   4.5999999999999985E-002   3.5277157153496949E-017
   4.7999999999999987E-002   6.8098096986011684E-017
   4.9999999999999989E-002   1.3037512506579583E-016
   5.1999999999999991E-002   2.4755348511084907E-016
   5.3999999999999992E-002   4.6618030847818225E-016
   5.5999999999999994E-002   8.7065330026254657E-016
   5.7999999999999996E-002   1.6126448302247779E-015
   5.9999999999999998E-002   2.9623058182540490E-015
   6.2000000000000000E-002   5.3965236837696473E-015
   6.4000000000000001E-002   9.7495926222487934E-015
   6.6000000000000003E-002   1.7467951809300190E-014
   6.8000000000000005E-002   3.1036687496096968E-014
   7.0000000000000007E-002   5.4686622555488694E-014
   7.2000000000000008E-002   9.5555008196415878E-014
   7.4000000000000010E-002   1.6557181563667841E-013
   7.6000000000000012E-002   2.8449437823903691E-013
   7.8000000000000014E-002   4.8473983197100919E-013
   8.0000000000000016E-002   8.1900127041137819E-013
   8.2000000000000017E-002   1.3721262214749512E-012
   8.4000000000000019E-002   2.2794474714684288E-012
   8.6000000000000021E-002   3.7547686528044991E-012
   8.8000000000000023E-002   6.1326259110762735E-012
   8.9999999999999969E-002   9.9314039481327021E-012
   9.1999999999999971E-002   1.5946538306579529E-011
   9.3999999999999972E-002   2.5386568907662571E-011
   9.5999999999999974E-002   4.0069422233524854E-011
   9.7999999999999976E-002   6.2702191726007912E-011
   9.9999999999999978E-002   9.7275032733757413E-011
  0.10199999999999998        1.4960869771480275E-010
  0.10399999999999998        2.2810569238602526E-010
  0.10599999999999998        3.4476681407155203E-010
  0.10799999999999998        5.1654741834950866E-010
  0.10999999999999999        7.6714021058161251E-010
  0.11199999999999999        1.1292821918285622E-009
  0.11399999999999999        1.6476904506666104E-009
  0.11599999999999999        2.3827318561188645E-009
  0.11799999999999999        3.4149216167731624E-009
  0.12000000000000000        4.8503205757473391E-009
  0.12200000000000000        6.8268558245617039E-009
  0.12400000000000000        9.5215182572423471E-009
  0.12600000000000000        1.3158288821310617E-008
  0.12800000000000000        1.8016508285506723E-008
  0.13000000000000000        2.4439231282400178E-008
  0.13200000000000001        3.2840895545157412E-008
  0.13400000000000001        4.3713397821056604E-008
  0.13600000000000001        5.7629411360075348E-008
  0.13800000000000001        7.5241526107742029E-008
  0.14000000000000001        9.7275570028818091E-008
  0.14200000000000002        1.2451631488784564E-007
  0.14400000000000002        1.5778372601728216E-007
  0.14600000000000002        1.9789803145421514E-007
  0.14800000000000002        2.4563221014617113E-007
  0.15000000000000002        3.0165107519573098E-007
  0.15199999999999997        3.6643698715543792E-007
  0.15399999999999997        4.4020338403830651E-007
  0.15599999999999997        5.2279873929497973E-007
  0.15799999999999997        6.1360519969867942E-007
  0.15999999999999998        7.1143791254307705E-007
  0.16199999999999998        8.1445278237294175E-007
  0.16399999999999998        9.2007191770303202E-007
  0.16599999999999998        1.0249371232716672E-006
  0.16799999999999998        1.1249022347921489E-006
  0.16999999999999998        1.2150746615762817E-006
  0.17199999999999999        1.2899150159876919E-006
  0.17399999999999999        1.3434010541405875E-006
  0.17599999999999999        1.3692583150588007E-006
  0.17799999999999999        1.3612549351063364E-006
  0.17999999999999999        1.3135523799808550E-006
  0.18200000000000000        1.2210976684381658E-006
  0.18400000000000000        1.0800365767989621E-006
  0.18600000000000000        8.8812191987827048E-007
  0.18800000000000000        6.4508695109615716E-007
  0.19000000000000000        3.5295183458719064E-007
  0.19200000000000000        1.6231536041836056E-008
  0.19400000000000001       -3.5798329913812586E-007
  0.19600000000000001       -7.6009476067922384E-007
  0.19800000000000001       -1.1782287691585138E-006
  0.20000000000000001       -1.5986311023430333E-006
  0.20200000000000001       -2.0062180052293451E-006
  0.20400000000000001       -2.3852580079385041E-006
  0.20600000000000002       -2.7201492926338179E-006
  0.20800000000000002       -2.9962466296762938E-006
  0.21000000000000002       -3.2006846686936060E-006
  0.21200000000000002       -3.3231411245007651E-006
  0.21400000000000002       -3.3564847065490533E-006
  0.21600000000000003       -3.2972586490167831E-006
  0.21799999999999997       -3.1459610912741528E-006
  0.21999999999999997       -2.9070975696851841E-006
  0.22199999999999998       -2.5889973588513804E-006
  0.22399999999999998       -2.2034029132793390E-006
  0.22599999999999998       -1.7648586460355554E-006
  0.22799999999999998       -1.2899402062369544E-006
  0.22999999999999998       -7.9637694104156519E-007
  0.23199999999999998       -3.0212734194013707E-007
  0.23399999999999999        1.7553059214546127E-007
  0.23599999999999999        6.2083507281944933E-007
  0.23799999999999999        1.0202509059806817E-006
  0.23999999999999999        1.3630145309440270E-006
  0.24199999999999999        1.6414877585141587E-006
  0.24399999999999999        1.8513095907235396E-006
  0.24600000000000000        1.9913507187786438E-006
  0.24800000000000000        2.0634890741735352E-006
  0.25000000000000000        2.0722360672514425E-006
  0.25200000000000000        2.0242511233891897E-006
  0.25400000000000000        1.9277864256343838E-006
  0.25600000000000001        1.7921043776960466E-006
  0.25800000000000001        1.6269075395687326E-006
  0.26000000000000001        1.4418152623120651E-006
  0.26200000000000001        1.2459137469889784E-006
  0.26400000000000001        1.0473976502141944E-006
  0.26600000000000001        8.5331251951990749E-007
  0.26800000000000002        6.6939903632454247E-007
  0.27000000000000002        5.0003288690217950E-007
  0.27200000000000002        3.4824849290571094E-007
  0.27400000000000002        2.1583102779049076E-007
  0.27600000000000002        1.0345914501608101E-007
  0.27800000000000002        1.0880504957560649E-008
  0.27999999999999997       -6.2896755792101175E-008
  0.28199999999999997       -1.1941135793270774E-007
  0.28399999999999997       -1.6056696593757430E-007
  0.28599999999999998       -1.8846985744112788E-007
  0.28799999999999998       -2.0529187540109766E-007
  0.28999999999999998       -2.1316147381418515E-007
  0.29199999999999998       -2.1408319576579920E-007
  0.29399999999999998       -2.0988396856805951E-007
  0.29599999999999999       -2.0218319754889025E-007
  0.29799999999999999       -1.9238276504201885E-007
  0.29999999999999999       -1.8167263141242222E-007
  0.30199999999999999       -1.7104770328183485E-007
  0.30399999999999999       -1.6133188348856877E-007
  0.30599999999999999       -1.5320565311305522E-007
  0.30800000000000000       -1.4723407489754950E-007
  0.31000000000000000       -1.4389268338578395E-007
  0.31200000000000000       -1.4358929342204190E-007
  0.31400000000000000       -1.4668028789632240E-007
  0.31600000000000000       -1.5348042740161840E-007
  0.31800000000000000       -1.6426566158004960E-007
  0.32000000000000001       -1.7926882575497123E-007
  0.32200000000000001       -1.9657898198851894E-007
  0.32400000000000001       -2.1981278531448512E-007
  0.32600000000000001       -2.4804708226310670E-007
  0.32800000000000001       -2.8101707995256653E-007
  0.33000000000000002       -3.1811750395873641E-007
  0.33200000000000002       -3.5916399519191758E-007
  0.33400000000000002       -4.0323253526425276E-007
  0.33600000000000002       -4.4947429521506932E-007
  0.33800000000000002       -4.9680810833546923E-007
  0.34000000000000002       -5.4391899443269330E-007
  0.34200000000000003       -5.8927027753725191E-007
  0.34400000000000003       -6.3135203407173381E-007
  0.34600000000000003       -6.6785014432308693E-007
  0.34800000000000003       -6.9700755925807120E-007
  0.35000000000000003       -7.1705226195403145E-007
  0.35200000000000004       -7.2584431854715230E-007
  0.35400000000000004       -7.2147215318832495E-007
  0.35600000000000004       -7.0282141161625641E-007
  0.35800000000000004       -6.6842531844940992E-007
  0.36000000000000004       -6.1799093964924812E-007
  0.36200000000000004       -5.5121731236865195E-007
  0.36400000000000005       -4.6842436874353100E-007
  0.36600000000000005       -3.7103975878582003E-007
  0.36800000000000005       -2.6060778635897491E-007
  0.37000000000000005       -1.3943246498861338E-007
  0.37200000000000005       -1.0337807320855688E-008
  0.37400000000000005        1.2356356611502381E-007
  0.37600000000000006        2.5844824953089663E-007
  0.37799999999999995        3.9076062354338484E-007
  0.37999999999999995        5.1680341142210368E-007
  0.38199999999999995        6.3304326121256433E-007
  0.38399999999999995        7.3626602471535801E-007
  0.38599999999999995        8.2371708354519929E-007
  0.38799999999999996        8.9321839576374303E-007
  0.38999999999999996        9.4336524616880294E-007
  0.39199999999999996        9.7313444408750068E-007
  0.39399999999999996        9.8257294301865709E-007
  0.39599999999999996        9.7232096763491591E-007
  0.39799999999999996        9.4367041124808948E-007
  0.39999999999999997        8.9847816404874976E-007
  0.40199999999999997        8.3905596924468864E-007
  0.40399999999999997        7.6804441305495281E-007
  0.40599999999999997        6.8827922346179861E-007
  0.40799999999999997        6.0265799853324087E-007
  0.40999999999999998        5.1401485384143476E-007
  0.41199999999999998        4.2500936248826106E-007
  0.41399999999999998        3.3803468752382743E-007
  0.41599999999999998        2.5514812202485679E-007
  0.41799999999999998        1.7802550821248210E-007
  0.41999999999999998        1.0793934522263257E-007
  0.42199999999999999        4.5758935027875731E-008
  0.42399999999999999       -8.0302534555305746E-009
  0.42599999999999999       -5.3291646983999417E-008
  0.42799999999999999       -9.0261676410918189E-008
  0.42999999999999999       -1.1921392649133720E-007
  0.43200000000000000       -1.4082593790240275E-007
  0.43400000000000000       -1.5583993698705197E-007
  0.43600000000000000       -1.6508050092582481E-007
  0.43800000000000000       -1.6940703535942011E-007
  0.44000000000000000       -1.6967339234651330E-007
  0.44200000000000000       -1.6669544166027095E-007
  0.44400000000000001       -1.6122677604179912E-007
  0.44600000000000001       -1.5394220875107608E-007
  0.44800000000000001       -1.4542832647746343E-007
  0.45000000000000001       -1.3618009569958012E-007
  0.45200000000000001       -1.2665723142695173E-007
  0.45400000000000001       -1.1707095673044658E-007
  0.45600000000000002       -1.0771827344717823E-007
  0.45800000000000002       -9.8774568655594677E-008
  0.46000000000000002       -9.0357766683908741E-008
  0.46200000000000002       -8.2538480592305843E-008
  0.46400000000000002       -7.5349659402701463E-008
  0.46600000000000003       -6.8795372458063177E-008
  0.46800000000000003       -6.2904476919388935E-008
  0.47000000000000003       -5.7554572070259951E-008
  0.47200000000000003       -5.2749411186648819E-008
  0.47400000000000003       -4.8442923869212529E-008
  0.47600000000000003       -4.4587232438572863E-008
  0.47800000000000004       -4.1135015577280620E-008
  0.48000000000000004       -3.8041140930164316E-008
  0.48200000000000004       -3.5303525103493914E-008
  0.48400000000000004       -3.2329166840369032E-008
  0.48600000000000004       -2.9875292403142322E-008
  0.48800000000000004       -2.7842941992887148E-008
  0.49000000000000005       -2.5988624343995308E-008
  0.49200000000000005       -2.4284128711931446E-008
  0.49400000000000005       -2.2702971561870933E-008
  0.49600000000000005       -2.1256718459137497E-008
  0.49800000000000005       -2.0045591933095652E-008
  0.50000000000000000       -1.8736334350433730E-008
  0.50200000000000000       -1.7700652268309514E-008
  0.50400000000000000       -1.6735508996183118E-008
  0.50600000000000001       -1.5641770306085971E-008
  0.50800000000000001       -1.4806794543916952E-008
  0.51000000000000001       -1.4024634714313812E-008
  0.51200000000000001       -1.3291585761453653E-008
  0.51400000000000001       -1.2603422903711719E-008
  0.51600000000000001       -1.1956177273620770E-008
  0.51800000000000002       -1.1374649617760903E-008
  0.52000000000000002       -1.0799638860340713E-008
  0.52200000000000002       -1.0254823693823393E-008
  0.52400000000000002       -9.7368619268672535E-009
  0.52600000000000002       -9.2424954708022235E-009
  0.52800000000000002       -8.7940086434969024E-009
  0.53000000000000003       -8.3387266975778514E-009
  0.53200000000000003       -7.8975896522024624E-009
  0.53400000000000003       -7.8220849244568929E-009
  0.53600000000000003       -7.4301385950818832E-009
  0.53800000000000003       -7.0478064775033103E-009
  0.54000000000000004       -6.6962889065637620E-009
  0.54200000000000004       -6.3252012006405629E-009
  0.54400000000000004       -5.9544979635520555E-009
  0.54600000000000004       -5.9917409337174916E-009
  0.54800000000000004       -5.6601207458601640E-009
  0.55000000000000004       -5.3487041020734097E-009
  0.55200000000000005       -5.0102219062304628E-009
  0.55400000000000005       -5.0849811622073233E-009
  0.55600000000000005       -4.7815510506216935E-009
  0.55800000000000005       -4.4898718569207320E-009
  0.56000000000000005       -4.1678320709544833E-009
  0.56200000000000006       -4.2868922990590194E-009
  0.56400000000000006       -3.9985006388407483E-009
  0.56600000000000006       -3.6962188345146209E-009
  0.56800000000000006       -3.8377008634735388E-009
  0.57000000000000006       -3.5683402347357977E-009
  0.57200000000000006       -3.2828026434465291E-009
  0.57400000000000007       -3.4157156162617928E-009
  0.57600000000000007       -3.1603951539140508E-009
  0.57800000000000007       -2.9039075014076019E-009
  0.58000000000000007       -3.0509773942842628E-009
  0.58200000000000007       -2.8069823334745238E-009
  0.58400000000000007       -2.5409425571148742E-009
  0.58600000000000008       -2.7204205116253884E-009
  0.58800000000000008       -2.4831561084552656E-009
  0.59000000000000008       -2.2199797267552623E-009
  0.59200000000000008       -2.4045769637187175E-009
  0.59400000000000008       -2.1677448933104863E-009
  0.59600000000000009       -1.9156886195776284E-009
  0.59800000000000009       -2.1244739403707775E-009
  0.60000000000000009       -1.8834958405405737E-009
  0.60200000000000009       -2.0610914754713697E-009
  0.60400000000000009       -1.8562459222596146E-009
  0.60600000000000009       -1.6050542571065201E-009
  0.60800000000000010       -1.8099425661120283E-009
  0.61000000000000010       -1.5805042772219258E-009
  0.61200000000000010       -1.3242291620347519E-009
  0.61400000000000010       -1.5615367520668716E-009
  0.61600000000000010       -1.3155353958325941E-009
  0.61800000000000010       -1.5244813522039288E-009
  0.62000000000000011       -1.2982022439294747E-009
  0.62200000000000011       -1.4953263195224897E-009
  0.62400000000000011       -1.2877246721936818E-009
  0.62600000000000011       -1.0389439999359694E-009
  0.62800000000000011       -1.2603353575012324E-009
  0.63000000000000012       -1.0414612051539988E-009
  0.63200000000000012       -1.2413734628933253E-009
  0.63399999999999990       -1.0280821138105385E-009
  0.63599999999999990       -7.6755777309514460E-010
  0.63799999999999990       -1.0201500101143326E-009
  0.63999999999999990       -7.7715218891728570E-010
  0.64199999999999990       -9.9808139624293300E-010
  0.64399999999999991       -7.6970719410475011E-010
  0.64599999999999991       -9.8108631116031837E-010
  0.64799999999999991       -7.6629074418260468E-010
  0.64999999999999991       -9.5062516043196364E-010
  0.65199999999999991       -7.4692772769600777E-010
  0.65399999999999991       -5.0160162830094975E-010
  0.65599999999999992       -7.3149673810661197E-010
  0.65799999999999992       -4.8937739286886769E-010
  0.65999999999999992       -7.0188114975783441E-010
  0.66199999999999992       -4.7063633109413778E-010
  0.66399999999999992       -6.7758559252463498E-010
  0.66599999999999993       -4.5746066318878078E-010
  0.66799999999999993       -6.4250601931279586E-010
  0.66999999999999993       -4.3236356212273413E-010
  0.67199999999999993       -1.7485722485780323E-010
  0.67399999999999993       -4.1615079037712318E-010
  0.67599999999999993       -1.6209943852898282E-010
  0.67799999999999994       -3.9230150162787794E-010
  0.67999999999999994       -1.5832892218019935E-010
  0.68199999999999994       -3.7996445856213605E-010
  0.68399999999999994       -1.4883472435834214E-010
  0.68599999999999994       -3.6242071867958614E-010
  0.68799999999999994       -1.4938185274010420E-010
  0.68999999999999995       -3.5646828949218477E-010
  0.69199999999999995       -1.4453936871902739E-010
  0.69399999999999995       -3.4478103517152312E-010
  0.69599999999999995       -1.4797339672822290E-010
  0.69799999999999995       -3.4219904823712449E-010
  0.69999999999999996       -1.4398649756390564E-010
  0.70199999999999996       -3.3837059589415650E-010
  0.70399999999999996       -1.4521000259794609E-010
  0.70599999999999996       -3.2667526920376196E-010
  0.70799999999999996       -1.3676495114615565E-010
  0.70999999999999996       -3.1833936435966555E-010
  0.71199999999999997       -1.3142770598303614E-010
  0.71399999999999997        1.1893395647988431E-010
  0.71599999999999997       -1.1586783433307461E-010
  0.71799999999999997        1.2582319017063390E-010
  0.71999999999999997       -1.0340308403557954E-010
  0.72199999999999998        1.4203234614256072E-010
  0.72399999999999998       -8.2055716877083935E-011
  0.72599999999999998        1.5536056674212023E-010
  0.72799999999999998       -6.5245811755905742E-011
  0.72999999999999998        1.7594692347318832E-010
  0.73199999999999998       -4.1618983974877694E-011
  0.73399999999999999        1.9193984625355401E-010
  0.73599999999999999       -2.4081743721487151E-011
  0.73799999999999999        2.1337146375285929E-010
  0.73999999999999999       -1.3313015353157992E-012
  0.74199999999999999        2.2911062563624043E-010
  0.74399999999999999        1.4501186233301629E-011
  0.74600000000000000        2.4932953511848515E-010
  0.74800000000000000        3.4828906708081170E-011
  0.75000000000000000        2.6362221814691021E-010
  0.75200000000000000        4.8246442276444875E-011
  0.75400000000000000        2.8229613735694201E-010
  0.75600000000000001        6.1248323556038656E-011
  0.75800000000000001        2.9556056708543073E-010
  0.76000000000000001        7.8064675086623857E-011
  0.76200000000000001        3.1381714338730403E-010
  0.76400000000000001        9.0304242057730570E-011
  0.76600000000000001        3.2773987768806041E-010
  0.76800000000000002        1.0732606952664120E-010
  0.77000000000000002       -4.9460637042980494E-011
  0.77200000000000002        1.2097936588015540E-010
  0.77400000000000002       -3.7253510311647803E-011
  0.77600000000000002        1.4037075291125615E-010
  0.77800000000000002       -1.9009007315605124E-011
  0.78000000000000003        1.5723684862124377E-010
  0.78200000000000003       -4.0294653659285028E-012
  0.78400000000000003        1.8018079176537292E-010
  0.78600000000000003        1.2918301534134142E-011
  0.78800000000000003        2.0069633090367960E-010
  0.79000000000000004        3.4939168328002066E-011
  0.79200000000000004        2.2696139915908187E-010
  0.79400000000000004        5.4305103128378045E-011
  0.79600000000000004        2.5039936069038084E-010
  0.79800000000000004        7.8206919759294707E-011
  0.80000000000000004        2.7909026996320693E-010
  0.80200000000000005        9.9074943692244607E-011
  0.80400000000000005        3.0469469522064948E-010
  0.80600000000000005        1.2422638775802126E-010
  0.80800000000000005        3.3545067125188114E-010
  0.81000000000000005        1.4640030160866446E-010
  0.81200000000000006        3.6332523020223354E-010
  0.81400000000000006        1.7306061239809932E-010
  0.81600000000000006        3.9299987192456171E-010
  0.81800000000000006        1.9708839437872679E-010
  0.82000000000000006        5.7875387633563556E-011
  0.82200000000000006        2.2587282991762616E-010
  0.82400000000000007        7.8791696024248028E-011
  0.82600000000000007        2.5217818114468253E-010
  0.82800000000000007        1.0364826432098891E-010
  0.83000000000000007        2.8313861278659041E-010
  0.83200000000000007        1.2579792931710453E-010
  0.83400000000000007        3.1133850457315567E-010
  0.83600000000000008        1.5150091210719767E-010
  0.83800000000000008        3.4055951863569006E-010
  0.84000000000000008        1.7407935586053577E-010
  0.84200000000000008        3.7321057716729202E-010
  0.84400000000000008        1.9991396610155897E-010
  0.84600000000000009        4.0348725139458843E-010
  0.84800000000000009        2.2256612029995843E-010
  0.85000000000000009        9.3190384041382430E-011
  0.85200000000000009        2.4874878305050576E-010
  0.85400000000000009        1.1036311086783415E-010
  0.85600000000000009        2.7233222074015454E-010
  0.85800000000000010        1.3085695513100032E-010
  0.86000000000000010        2.9732394128548359E-010
  0.86200000000000010        1.4927256010593756E-010
  0.86400000000000010        3.2649346058326768E-010
  0.86600000000000010        1.7188169512715070E-010
  0.86800000000000010        3.5499977006611042E-010
  0.87000000000000011        1.9313067440559571E-010
  0.87200000000000011        3.8840974905600414E-010
  0.87400000000000011        2.1645210727814390E-010
  0.87600000000000011        4.2161938454460496E-010
  0.87800000000000011        2.4402790875381914E-010
  0.88000000000000012        1.1699739917665273E-010
  0.88200000000000012        2.7111273175183610E-010
  0.88400000000000012        1.3737421852136406E-010
  0.88600000000000012        3.0248604627525377E-010
  0.88800000000000012        1.6177122715651952E-010
  0.89000000000000012        3.3334059511123079E-010
  0.89200000000000013        1.8480660014844509E-010
  0.89400000000000013        3.6859562764498068E-010
  0.89600000000000013        2.0952294813929896E-010
  0.89800000000000013        4.0354948912706975E-010
  0.90000000000000013        2.3801179888982668E-010
  0.90200000000000014        1.1965245723875236E-010
  0.90400000000000014        2.6609329345715834E-010
  0.90600000000000014        1.4065662623987378E-010
  0.90800000000000014        2.9843311831814201E-010
  0.91000000000000014        1.6343920149407036E-010
  0.91200000000000014        3.3077234536901436E-010
  0.91400000000000015        1.8992963603699861E-010
  0.91600000000000015        3.6777912700907062E-010
  0.91800000000000015        2.1619677079291517E-010
  0.92000000000000015        4.0504403855069931E-010
  0.92200000000000015        2.4636158072703770E-010
  0.92400000000000015        1.3086126109076438E-010
  0.92600000000000016        2.7636038802933318E-010
  0.92800000000000016        1.5534143922786278E-010
  0.93000000000000016        3.1040889411610246E-010
  0.93200000000000016        1.7931952119380491E-010
  0.93400000000000016        3.4444137508016680E-010
  0.93600000000000017        2.0667376354027423E-010
  0.93800000000000017        3.8289781524069671E-010
  0.94000000000000017        2.3382461168640066E-010
  0.94200000000000017        1.2868883004334758E-010
  0.94400000000000017        2.6487690620616523E-010
  0.94600000000000017        1.5057224686729530E-010
  0.94800000000000018        2.9627018143876769E-010
  0.95000000000000018        1.7595878381514362E-010
  0.95200000000000018        3.3218086115996038E-010
  0.95399999999999996        2.0152922235553901E-010
  0.95599999999999996        3.6885557510251859E-010
  0.95799999999999996        2.3094232809839834E-010
  0.95999999999999996        4.0857490374918597E-010
  0.96199999999999997        2.6060438918852147E-010
  0.96399999999999997        1.5471166856325962E-010
  0.96599999999999997        2.9409244692941584E-010
  0.96799999999999997        1.7825088935917862E-010
  0.96999999999999997        3.2764344871918060E-010
  0.97199999999999998        2.0459902271055752E-010
  0.97399999999999998        3.6323954277576714E-010
  0.97599999999999998        2.3036704708918820E-010
  0.97799999999999998        4.0232305149399004E-010
  0.97999999999999998        2.5906486346957255E-010
  0.98199999999999998        1.5426654890926223E-010
  0.98399999999999999        2.8751394010663552E-010
  0.98599999999999999        1.7596936204137332E-010
  0.98799999999999999        3.1804078807783034E-010
  0.98999999999999999        1.9748863289709619E-010
  0.99199999999999999        3.5244313221131233E-010
  0.99399999999999999        2.2253463485537422E-010
  0.99600000000000000        3.8845302400822489E-010
  0.99800000000000000        2.4840633322840881E-010
   1.0000000000000000        1.4777213000619199E-010
   1.0020000000000000        2.7736942370340128E-010
   1.0040000000000000        1.6877430108934481E-010
   1.0060000000000000        3.1102655763520187E-010
   1.0080000000000000        1.9398758714586594E-010
   1.0100000000000000        3.4696654889003981E-010
   1.0120000000000000        2.2054926743704468E-010
   1.0140000000000000        3.8813141847769351E-010
   1.0160000000000000        2.5022402519564893E-010
   1.0180000000000000        1.5233626802342351E-010
   1.0200000000000000        2.8417789834622157E-010
   1.0220000000000000        1.7808926854586087E-010
   1.0240000000000000        3.1990019020645820E-010
   1.0260000000000000        2.0460374633144401E-010
   1.0280000000000000        3.6002163914038050E-010
   1.0300000000000000        2.3346892033842055E-010
   1.0320000000000000        1.4377200087995083E-010
   1.0340000000000000        2.6582119193985036E-010
   1.0360000000000000        1.6804218114926253E-010
   1.0380000000000000        2.9939666424224869E-010
   1.0400000000000000        1.9263007307729462E-010
   1.0420000000000000        3.3684515367161034E-010
   1.0440000000000000        2.1920434238291086E-010
   1.0460000000000000        3.7594417632809300E-010
   1.0480000000000000        2.4900535215004964E-010
   1.0500000000000000        1.5786377777129954E-010
   1.0520000000000000        2.8001555339155322E-010
   1.0540000000000000        1.8031207368158511E-010
   1.0560000000000000        3.1487410492320626E-010
   1.0580000000000001        2.0481308762374792E-010
   1.0600000000000001        3.5152578161067993E-010
   1.0620000000000001        2.3259915139263832E-010
   1.0640000000000001        1.4727233154977335E-010
   1.0660000000000001        2.6177086244884682E-010
   1.0680000000000001        1.6829449802446489E-010
   1.0700000000000001        2.9484232318481274E-010
   1.0720000000000001        1.9147007360978141E-010
   1.0740000000000001        3.2983905051974289E-010
   1.0760000000000001        2.1795384165463991E-010
   1.0780000000000001        1.3776408545589839E-010
   1.0800000000000001        2.4590802390811743E-010
   1.0820000000000001        1.5788008459249859E-010
   1.0840000000000001        2.7771371239914725E-010
   1.0860000000000001        1.8014249477889665E-010
   1.0880000000000001        3.1146967963054870E-010
   1.0900000000000001        2.0564447673670923E-010
   1.0920000000000001        3.4968099580044113E-010
   1.0940000000000001        2.3262238547776292E-010
   1.0960000000000001        1.4923238180671454E-010
   1.0980000000000001        2.6335158412939670E-010
   1.1000000000000001        1.7071033115361193E-010
   1.1020000000000001        2.9602517391733424E-010
   1.1040000000000001        1.9532786620728974E-010
   1.1060000000000001        3.3205259990872755E-010
   1.1080000000000001        2.2138591811123463E-010
   1.1100000000000001        1.4187372029055996E-010
   1.1120000000000001        2.5106157337915075E-010
   1.1140000000000001        1.6250635398147962E-010
   1.1160000000000001        2.8260980612454680E-010
   1.1180000000000001        1.8613012224727098E-010
   1.1200000000000001        3.1738812450712164E-010
   1.1220000000000001        2.1111953012572237E-010
   1.1240000000000001        1.3472784069810841E-010
   1.1260000000000001        2.3960403466084960E-010
   1.1280000000000001        1.5436431265461042E-010
   1.1300000000000001        2.6996834389042253E-010
   1.1320000000000001        1.7697267270929580E-010
   1.1340000000000001        3.0361548974958100E-010
   1.1360000000000001        2.0108954249917730E-010
   1.1380000000000001        1.2742664026681196E-010
   1.1400000000000001        2.2888365412047171E-010
   1.1420000000000001        1.4669481275216619E-010
   1.1440000000000001        2.5889799313539843E-010
   1.1460000000000001        1.6924578961262969E-010
   1.1480000000000001        2.9255091270374169E-010
   1.1500000000000001        1.9369797560362126E-010
   1.1520000000000001        1.2288638738772625E-010
   1.1540000000000001        2.2211285797616689E-010
   1.1560000000000001        1.4303302240237681E-010
   1.1580000000000001        2.5297571069074261E-010
   1.1600000000000001        1.6655074218282484E-010
   1.1620000000000001        2.8749974998786217E-010
   1.1640000000000001        1.9192384810878438E-010
   1.1660000000000001        1.2356991368693303E-010
   1.1680000000000001        2.2018241716143779E-010
   1.1700000000000002        1.4426582788441958E-010
   1.1720000000000002        2.5209252163278201E-010
   1.1740000000000002        1.6786116310400437E-010
   1.1760000000000002        2.8640919515622839E-010
   1.1780000000000002        1.9287483257298018E-010
   1.1800000000000002        1.2584600099898528E-010
   1.1820000000000002        2.2039214246798933E-010
   1.1840000000000002        1.4571483163945829E-010
   1.1860000000000002        2.5131761588739294E-010
   1.1880000000000002        1.6832421266753901E-010
   1.1900000000000002        2.8463297744715351E-010
   1.1920000000000002        1.9242002981000398E-010
   1.1940000000000002        1.2626069425888169E-010
   1.1960000000000002        2.1920402131119296E-010
   1.1980000000000002        1.4553881263861312E-010
   1.2000000000000002        2.4963325249355948E-010
   1.2020000000000002        1.6709624772234982E-010
   1.2040000000000002        2.8271417024614224E-010
   1.2060000000000002        1.9174872877959961E-010
   1.2080000000000000        1.2647626356765022E-010
   1.2100000000000000        2.1851212661845772E-010
   1.2120000000000000        1.4574594966684599E-010
   1.2140000000000000        2.4892993444275366E-010
   1.2160000000000000        1.6727424374291281E-010
   1.2180000000000000        2.8198506604200915E-010
   1.2200000000000000        1.9183187076044441E-010
   1.2220000000000000        1.2707528956840174E-010
   1.2240000000000000        2.1848475545031774E-010
   1.2260000000000000        1.4620169446297183E-010
   1.2280000000000000        2.4880620689649678E-010
   1.2300000000000000        1.6763622187910068E-010
   1.2320000000000000        2.8187616637809607E-010
   1.2340000000000000        1.9219566748737609E-010
   1.2360000000000000        1.2775139508172308E-010
   1.2380000000000000        2.1899448234664198E-010
   1.2400000000000000        1.4701721436243209E-010
   1.2420000000000000        2.4955652352936908E-010
   1.2440000000000000        1.6865716209695303E-010
   1.2460000000000000        2.8293139454797215E-010
   1.2480000000000000        1.9341116726692096E-010
   1.2500000000000000        1.2840610056629203E-010
   1.2520000000000000        2.2035979001280137E-010
   1.2540000000000000        1.4829164382362581E-010
   1.2560000000000000        2.5098656002041188E-010
   1.2580000000000000        1.6987099291597086E-010
   1.2600000000000000        2.8440381585244018E-010
   1.2620000000000000        1.9454092450958195E-010
   1.2640000000000000        1.2920631335847565E-010
   1.2660000000000000        2.2151334214136850E-010
   1.2680000000000000        1.4908061166860868E-010
   1.2700000000000000        2.5237495209941950E-010
   1.2720000000000000        1.7091765603337054E-010
   1.2740000000000000        1.1283587994637349E-010
   1.2760000000000000        1.9617493768813786E-010
   1.2780000000000000        1.3067744646743924E-010
   1.2800000000000000        2.2410622561684885E-010
   1.2820000000000000        1.5151323106658668E-010
   1.2840000000000000        2.5568252900334661E-010
   1.2860000000000000        1.7456386318793862E-010
   1.2880000000000000        1.1640913947213175E-010
   1.2900000000000000        2.0114385977558577E-010
   1.2920000000000000        1.3543299081064814E-010
   1.2940000000000000        2.3037920301644417E-010
   1.2960000000000000        1.5732558384393537E-010
   1.2980000000000000        2.6310036146803021E-010
   1.3000000000000000        1.8120594212148185E-010
   1.3020000000000000        1.2237494435841599E-010
   1.3040000000000000        2.0781043135114895E-010
   1.3060000000000000        1.4159029229138307E-010
   1.3080000000000001        2.3776067821337135E-010
   1.3100000000000001        1.6335836821287494E-010
   1.3120000000000001        1.0941247941495673E-010
   1.3140000000000001        1.8689749004267676E-010
   1.3160000000000001        1.2663140917124571E-010
   1.3180000000000001        2.1307451360144580E-010
   1.3200000000000001        1.4522669637245521E-010
   1.3220000000000001        2.4266109954629061E-010
   1.3240000000000001        1.6650051826876209E-010
   1.3260000000000001        1.1114316054806134E-010
   1.3280000000000001        1.8983324550744939E-010
   1.3300000000000001        1.2813284491465312E-010
   1.3320000000000001        2.1619706956878332E-010
   1.3340000000000001        1.4690778074712064E-010
   1.3360000000000001        2.4641629680990882E-010
   1.3380000000000001        1.6833108368217085E-010
   1.3400000000000001        1.1238533685808318E-010
   1.3420000000000001        1.9310996299931766E-010
   1.3440000000000001        1.3030310393406568E-010
   1.3460000000000001        2.2077513176066007E-010
   1.3480000000000001        1.5023801649364245E-010
   1.3500000000000001        9.9627726698346342E-011
   1.3520000000000001        1.7294146344230073E-010
   1.3540000000000001        1.1592776231214479E-010
   1.3560000000000001        1.9903345678300039E-010
   1.3580000000000001        1.3489619978646299E-010
   1.3600000000000001        2.2799717205757589E-010
   1.3620000000000001        1.5583699918539814E-010
   1.3640000000000001        1.0399827733412592E-010
   1.3660000000000001        1.7951957164785624E-010
   1.3680000000000001        1.2103672185314901E-010
   1.3700000000000001        2.0662349490710693E-010
   1.3720000000000001        1.4037143918900871E-010
   1.3740000000000001        2.3672018669387118E-010
   1.3760000000000001        1.6263722649916075E-010
   1.3780000000000001        1.0938393920302770E-010
   1.3800000000000001        1.8742506356486333E-010
   1.3820000000000001        1.2736688476704632E-010
   1.3840000000000001        2.1586236180803503E-010
   1.3860000000000001        1.4784610526465264E-010
   1.3880000000000001        9.9378367038329473E-011
   1.3900000000000001        1.7142602572632622E-010
   1.3920000000000001        1.1632523920614535E-010
   1.3940000000000001        1.9764132481975730E-010
   1.3960000000000001        1.3584140974387339E-010
   1.3980000000000001        2.2753172056617406E-010
   1.4000000000000001        1.5742773287505571E-010
   1.4020000000000001        1.0735930287049601E-010
   1.4040000000000001        1.8200898150943823E-010
   1.4060000000000001        1.2495145899688408E-010
   1.4080000000000001        2.0909737548129051E-010
   1.4100000000000001        1.4495231268197272E-010
   1.4120000000000001        9.8937867352875391E-011
   1.4140000000000001        1.6690715261247638E-010
   1.4160000000000001        1.1466266817575901E-010
   1.4180000000000001        1.9182278325147803E-010
   1.4200000000000002        1.3228825856762685E-010
   1.4220000000000002        2.1931295487008092E-010
   1.4240000000000002        1.5241051536890954E-010
   1.4260000000000002        1.0389184037796585E-010
   1.4280000000000002        1.7467465562830016E-010
   1.4300000000000002        1.2009752888875994E-010
   1.4320000000000002        2.0016229596610844E-010
   1.4340000000000002        1.3809975677743315E-010
   1.4360000000000002        2.2853281587424545E-010
   1.4380000000000002        1.5887634730022377E-010
   1.4400000000000002        1.0829135609247699E-010
   1.4420000000000002        1.8206989303481671E-010
   1.4440000000000002        1.2521942694275367E-010
   1.4460000000000002        2.0840442235880831E-010
   1.4480000000000002        1.4414222028532251E-010
   1.4500000000000002        9.7897429153328009E-011
   1.4520000000000002        1.6600481022244005E-010
   1.4540000000000002        1.1328252188963680E-010
   1.4560000000000002        1.9042698653051610E-010
   1.4580000000000002        1.3113714291239251E-010
   1.4600000000000002        2.1811787050692008E-010
   1.4620000000000002        1.5107906952630029E-010
   1.4640000000000002        1.0274421778489488E-010
   1.4660000000000000        1.7375531871648180E-010
   1.4680000000000000        1.1896708513873938E-010
   1.4700000000000000        1.9975494359679548E-010
   1.4720000000000000        1.3777850990252855E-010
   1.4740000000000000        9.2864586016517815E-011
   1.4760000000000000        1.5883741740560671E-010
   1.4780000000000000        1.0825767394926573E-010
   1.4800000000000000        1.8283573838845407E-010
   1.4820000000000000        1.2553350005055620E-010
   1.4840000000000000        2.1039269630594067E-010
   1.4860000000000000        1.4531198065623719E-010
   1.4880000000000000        9.8631717652626855E-011
   1.4900000000000000        1.6813797455335825E-010
   1.4920000000000000        1.1523406293500283E-010
   1.4940000000000000        1.9381164787589793E-010
   1.4960000000000000        1.3386644946016139E-010
   1.4980000000000000        9.0821607841995966E-011
   1.5000000000000000        1.5511708829712529E-010
   1.5020000000000000        1.0619281834541091E-010
   1.5040000000000000        1.7950275356045657E-010
   1.5060000000000000        1.2398856060478269E-010
   1.5080000000000000        8.3894592888201877E-011
   1.5100000000000000        1.4383560657324909E-010
   1.5120000000000000        9.8516753377122103E-011
   1.5140000000000000        1.6633927484812886E-010
   1.5160000000000000        1.1478493957497754E-010
   1.5180000000000000        1.9205140477605869E-010
   1.5200000000000000        1.3325899500392795E-010
   1.5220000000000000        9.1178664274168852E-011
   1.5240000000000000        1.5444832051784717E-010
   1.5260000000000000        1.0656986457612822E-010
   1.5280000000000000        1.7817473816578333E-010
   1.5300000000000000        1.2373876103656400E-010
   1.5320000000000000        8.4692619834120981E-011
   1.5340000000000000        1.4326308932855216E-010
   1.5360000000000000        9.8745222988446856E-011
   1.5380000000000000        1.6565092847555478E-010
   1.5400000000000000        1.1473621602353175E-010
   1.5420000000000000        1.9069876832893337E-010
   1.5440000000000000        1.3309994973010153E-010
   1.5460000000000000        9.1647022787200661E-011
   1.5480000000000000        1.5361483310999387E-010
   1.5500000000000000        1.0633318121870004E-010
   1.5520000000000000        1.7705824784092573E-010
   1.5540000000000000        1.2298998424589295E-010
   1.5560000000000000        8.4255802721735863E-011
   1.5580000000000001        1.4209776312418441E-010
   1.5600000000000001        9.7673898790022508E-011
   1.5620000000000001        1.6350029182621906E-010
   1.5640000000000001        1.1317814359095794E-010
   1.5660000000000001        1.8805433495591827E-010
   1.5680000000000001        1.3062159366244105E-010
   1.5700000000000001        8.9368378401760504E-011
   1.5720000000000001        1.5079914510383433E-010
   1.5740000000000001        1.0361121997407026E-010
   1.5760000000000001        1.7359379828702213E-010
   1.5780000000000001        1.2023172057086556E-010
   1.5800000000000001        8.1620012008208429E-011
   1.5820000000000001        1.3907547874479592E-010
   1.5840000000000001        9.5349682978733759E-011
   1.5860000000000001        1.6091559967252730E-010
   1.5880000000000001        1.1093153496146061E-010
   1.5900000000000001        1.8558433592876710E-010
   1.5920000000000001        1.2903889068673015E-010
   1.5940000000000001        8.8071117004086044E-011
   1.5960000000000001        1.4947226779935813E-010
   1.5980000000000001        1.0301882059355111E-010
   1.6000000000000001        1.7276781153653465E-010
   1.6020000000000001        1.1985633794346960E-010
   1.6040000000000001        8.1794413830765889E-011
   1.6060000000000001        1.3928550752635287E-010
   1.6080000000000001        9.5608703711250398E-011
   1.6100000000000001        1.6115526325685504E-010
   1.6120000000000001        1.1162635174534616E-010
   1.6140000000000001        7.5847315979692383E-011
   1.6160000000000001        1.2970067971431752E-010
   1.6180000000000001        8.9075524117942222E-011
   1.6200000000000001        1.5038523377889562E-010
   1.6220000000000001        1.0404504371475018E-010
   1.6240000000000001        1.7418769862424658E-010
   1.6260000000000001        1.2143567746689365E-010
   1.6280000000000001        8.3286830806977395E-011
   1.6300000000000001        1.4107805606322773E-010
   1.6320000000000001        9.7751691328347637E-011
   1.6340000000000001        1.6348918521928187E-010
   1.6360000000000001        1.1404281206233059E-010
   1.6380000000000001        7.8543458320775175E-011
   1.6400000000000001        1.3260011641604494E-010
   1.6420000000000001        9.1942183366804836E-011
   1.6440000000000001        1.5383328159390268E-010
   1.6460000000000001        1.0736013731739557E-010
   1.6480000000000001        7.3793726741764925E-011
   1.6500000000000001        1.2460833845713434E-010
   1.6520000000000001        8.6350242578110496E-011
   1.6540000000000001        1.4419118797279949E-010
   1.6560000000000001        1.0039945441130605E-010
   1.6580000000000001        1.6659739624472210E-010
   1.6600000000000001        1.1641806285442345E-010
   1.6620000000000001        8.0387467701955017E-011
   1.6640000000000001        1.3485934604636777E-010
   1.6660000000000001        9.3654499005759736E-011
   1.6680000000000001        1.5570754010434917E-010
   1.6700000000000002        1.0864347900722709E-010
   1.6720000000000002        7.4797231097831944E-011
   1.6740000000000002        1.2584563185476636E-010
   1.6760000000000002        8.7099711746903622E-011
   1.6780000000000002        1.4571217811707853E-010
   1.6800000000000002        1.0126781701032053E-010
   1.6820000000000002        1.6820699208158084E-010
   1.6840000000000002        1.1769103453346046E-010
   1.6860000000000002        8.1272435019469128E-011
   1.6880000000000002        1.3630658196084212E-010
   1.6900000000000002        9.4632234295617172E-011
   1.6920000000000002        1.5775568032473691E-010
   1.6940000000000002        1.0998021341722308E-010
   1.6960000000000002        7.5696398362375790E-011
   1.6980000000000002        1.2772309172411981E-010
   1.7000000000000002        8.8299813123447953E-011
   1.7020000000000002        1.4781349126452312E-010
   1.7040000000000002        1.0292192836400807E-010
   1.7060000000000002        7.0641926241142653E-011
   1.7080000000000002        1.1949492152097560E-010
   1.7100000000000002        8.2480129102565897E-011
   1.7120000000000002        1.3862695321531585E-010
   1.7140000000000002        9.6102517054339338E-011
   1.7160000000000002        1.6029212066137402E-010
   1.7180000000000002        1.1190267076759424E-010
   1.7200000000000000        7.6847507157354271E-011
   1.7220000000000000        1.2984490420644236E-010
   1.7240000000000000        8.9894318411458905E-011
   1.7260000000000000        1.5058459754715428E-010
   1.7280000000000000        1.0476177094761489E-010
   1.7300000000000000        7.1907083844054480E-011
   1.7320000000000000        1.2204074388438444E-010
   1.7340000000000000        8.4254442426108068E-011
   1.7360000000000000        1.4170147880580557E-010
   1.7380000000000000        9.8663367554283799E-011
   1.7400000000000000        6.7611342946421876E-011
   1.7420000000000000        1.1505777213447842E-010
   1.7440000000000000        7.9604081546845883E-011
   1.7460000000000000        1.3400251464371494E-010
   1.7480000000000000        9.3207758792507778E-011
   1.7500000000000000        6.4062190655303797E-011
   1.7520000000000000        1.0891862341843597E-010
   1.7540000000000000        7.5248192411916082E-011
   1.7560000000000000        1.2665270864112152E-010
   1.7580000000000000        8.8165623577938510E-011
   1.7600000000000000        1.4685310298588613E-010
   1.7620000000000000        1.0273565475801912E-010
   1.7640000000000000        7.0961182386512294E-011
   1.7660000000000000        1.1952920963717242E-010
   1.7680000000000000        8.2884438282034356E-011
   1.7700000000000000        1.3853848568673906E-010
   1.7720000000000000        9.6727663276105043E-011
   1.7740000000000000        6.6507148683522856E-011
   1.7760000000000000        1.1247081851666990E-010
   1.7780000000000000        7.7951679407298777E-011
   1.7800000000000000        1.3058058398817210E-010
   1.7820000000000000        9.1017561635561684E-011
   1.7840000000000000        6.2628428612256928E-011
   1.7860000000000000        1.0623694680948970E-010
   1.7880000000000000        7.3472002377189782E-011
   1.7900000000000000        1.2354840446786947E-010
   1.7920000000000000        8.6118045767546795E-011
   1.7940000000000000        1.4337879823344931E-010
   1.7960000000000000        1.0046794655810381E-010
   1.7980000000000000        6.9570009586986217E-011
   1.8000000000000000        1.1689837244541840E-010
