48
215 2 145 146
216 2 146 147
237 2 116 117
240 2 115 116
303 2 137 138
304 2 138 139
338 2 123 124
339 2 124 125
593 2 130 131
596 2 129 130
787 2 136 135
788 2 136 137
1175 2 149 150
1176 2 150 151
1189 2 112 113
1192 2 112 111
1453 2 126 127
1456 2 125 126
1777 2 108 4
1778 2 108 109
1781 2 154 3
1784 2 153 154
1886 2 128 127
1887 2 128 129
1965 2 109 110
1966 2 110 111
1970 2 152 151
1971 2 152 153
2154 2 113 114
2155 2 114 115
2346 2 133 134
2347 2 134 135
2448 2 120 119
2449 2 120 121
2451 2 141 142
2452 2 142 143
2490 2 117 118
2491 2 118 119
2493 2 144 143
2494 2 144 145
2568 2 131 132
2569 2 132 133
2622 2 139 140
2623 2 140 141
2625 2 121 122
2626 2 122 123
2673 2 147 148
2674 2 148 149
