48
387 2 28 29
388 2 29 30
433 2 30 31
434 2 32 31
449 2 24 23
452 2 22 23
479 2 16 17
480 2 17 18
615 2 46 47
616 2 48 47
839 2 34 35
840 2 35 36
1301 2 51 52
1304 2 50 51
1405 2 41 42
1408 2 40 41
1625 2 21 22
1628 2 20 21
1657 2 54 55
1658 2 56 55
1777 2 59 4
1780 2 58 59
1786 2 52 53
1787 2 53 54
2010 2 48 49
2011 2 49 50
2301 2 38 39
2302 2 40 39
2379 2 26 27
2380 2 27 28
2433 2 42 43
2434 2 43 44
2565 2 24 25
2566 2 25 26
2589 2 44 45
2590 2 45 46
2628 2 14 15
2629 2 16 15
2652 2 18 19
2653 2 19 20
2661 2 32 33
2662 2 33 34
2676 2 36 37
2677 2 37 38
2706 2 1 13
2707 2 13 14
2712 2 56 57
2713 2 57 58
