984
11885 2
11886 2
11887 2
11888 2
11889 2
11890 2
11891 2
11892 2
11893 2
11894 2
11895 2
11896 2
11897 2
11898 2
11899 2
11900 2
11901 2
11902 2
11903 2
11904 2
11905 2
11906 2
11907 2
11908 2
11909 2
11910 2
11911 2
11912 2
11913 2
11914 2
11915 2
11916 2
11917 2
11918 2
11919 2
11920 2
11921 2
11922 2
11923 2
11924 2
11925 2
11926 2
11927 2
11928 2
11929 2
11930 2
11931 2
11932 2
11933 2
11934 2
11935 2
11936 2
11937 2
11938 2
11939 2
11940 2
11941 2
11942 2
11943 2
11944 2
11945 2
11946 2
11947 2
11948 2
11949 2
11950 2
11951 2
11952 2
11953 2
11954 2
11955 2
11956 2
11957 2
11958 2
11959 2
11960 2
11961 2
11962 2
11963 2
11964 2
11965 2
11966 2
11967 2
11968 2
11969 2
11970 2
11971 2
11972 2
11973 2
11974 2
11975 2
11976 2
11977 2
11978 2
11979 2
11980 2
11981 2
11982 2
11983 2
11984 2
11985 2
11986 2
11987 2
11988 2
11989 2
11990 2
11991 2
11992 2
11993 2
11994 2
11995 2
11996 2
11997 2
11998 2
11999 2
12000 2
12001 2
12002 2
12003 2
12004 2
12005 2
12006 2
12007 2
12008 2
12009 2
12010 2
12011 2
12012 2
12013 2
12014 2
12015 2
12016 2
12017 2
12018 2
12019 2
12020 2
12021 2
12022 2
12023 2
12024 2
12025 2
12026 2
12027 2
12028 2
12029 2
12030 2
12031 2
12032 2
12033 2
12034 2
12035 2
12036 2
12037 2
12038 2
12039 2
12040 2
12041 2
12042 2
12043 2
12044 2
12045 2
12046 2
12047 2
12048 2
12049 2
12050 2
12051 2
12052 2
12053 2
12054 2
12055 2
12056 2
12057 2
12058 2
12059 2
12060 2
12061 2
12062 2
12063 2
12064 2
12065 2
12066 2
12067 2
12068 2
12069 2
12070 2
12071 2
12072 2
12073 2
12074 2
12075 2
12076 2
12077 2
12078 2
12079 2
12080 2
12081 2
12082 2
12083 2
12084 2
12085 2
12086 2
12087 2
12088 2
12089 2
12090 2
12091 2
12092 2
12093 2
12094 2
12095 2
12096 2
12097 2
12098 2
12099 2
12100 2
12101 2
12102 2
12103 2
12104 2
12105 2
12106 2
12107 2
12108 2
12109 2
12110 2
12111 2
12112 2
12113 2
12114 2
12115 2
12116 2
12117 2
12118 2
12119 2
12120 2
12121 2
12122 2
12123 2
12124 2
12125 2
12126 2
12127 2
12128 2
12129 2
12130 2
12131 2
12132 2
12133 2
12134 2
12135 2
12136 2
12137 2
12138 2
12139 2
12140 2
12141 2
12142 2
12143 2
12144 2
12145 2
12146 2
12147 2
12148 2
12149 2
12150 2
12151 2
12152 2
12153 2
12154 2
12155 2
12156 2
12157 2
12158 2
12159 2
12160 2
12161 2
12162 2
12163 2
12164 2
12165 2
12166 2
12167 2
12168 2
12169 2
12170 2
12171 2
12172 2
12173 2
12174 2
12175 2
12176 2
12177 2
12178 2
12179 2
12180 2
12181 2
12182 2
12183 2
12184 2
12185 2
12186 2
12187 2
12188 1
12189 1
12190 1
12191 1
12192 1
12193 1
12194 1
12195 1
12196 1
12197 1
12198 1
12199 1
12200 1
12201 1
12202 1
12203 1
12204 1
12205 1
12206 1
12207 1
12208 1
12209 1
12210 1
12211 1
12212 1
12213 1
12214 1
12215 1
12216 1
12217 1
12218 1
12219 1
12220 1
12221 1
12222 1
12223 1
12224 1
12225 1
12226 1
12227 1
12228 1
12229 1
12230 1
12231 1
12232 1
12233 1
12234 1
12235 1
12236 1
12237 1
12238 1
12239 1
12240 1
12241 1
12242 1
12243 1
12244 1
12245 1
12246 1
12247 1
12248 1
12249 1
12250 1
12251 1
12252 1
12253 1
12254 1
12255 1
12256 1
12257 1
12258 1
12259 1
12260 1
12261 1
12262 1
12263 1
12264 1
12265 1
12266 1
12267 1
12268 1
12269 1
12270 1
12271 1
12272 1
12273 1
12274 1
12275 1
12276 1
12277 1
12278 1
12279 1
12280 1
12281 1
12282 1
12283 1
12284 1
12285 1
12286 1
12287 1
12288 1
12289 1
12290 1
12291 1
12292 1
12293 1
12294 1
12295 1
12296 1
12297 1
12298 1
12299 1
12300 1
12301 1
12302 1
12303 1
12304 1
12305 1
12306 1
12307 1
12308 1
12309 1
12310 1
12311 1
12312 1
12313 1
12314 1
12315 1
12316 1
12317 1
12318 1
12319 1
12320 1
12321 1
12322 1
12323 1
12324 1
12325 1
12326 1
12327 1
12328 1
12329 1
12330 1
12331 1
12332 1
12333 1
12334 1
12335 1
12336 1
12337 1
12338 1
12339 1
12340 1
12341 1
12342 1
12343 1
12344 1
12345 1
12346 1
12347 1
12348 1
12349 1
12350 1
12351 1
12352 1
12353 1
12354 1
12355 1
12356 1
12357 1
12358 1
12359 1
12360 1
12361 1
12362 1
12363 1
12364 1
12365 1
12366 1
12367 1
12368 1
12369 1
12370 1
12371 1
12372 1
12373 1
12374 1
12375 1
12376 1
12377 1
12378 1
12379 1
12380 1
12381 1
12382 1
12383 1
12384 1
12385 1
12386 1
12387 1
12388 1
12389 1
12390 1
12391 1
12392 1
12393 1
12394 1
12395 1
12396 1
12397 1
12398 1
12399 1
12400 1
12401 1
12402 1
12403 1
12404 1
12405 1
12406 1
12407 1
12408 1
12409 1
12410 1
12411 1
12412 1
12413 1
12414 1
12415 1
12416 1
12417 1
12418 1
12419 1
12420 1
12421 1
12422 1
12423 1
12424 1
12425 1
12426 1
12427 1
12428 1
12429 1
12430 1
12431 1
12432 1
12433 1
12434 1
12435 1
12436 1
12437 1
12438 1
12439 1
12440 1
12441 1
12442 1
12443 1
12444 1
12445 1
12446 1
12447 1
12448 1
12449 1
12450 1
12451 1
12452 1
12453 1
12454 1
12455 1
12456 1
12457 1
12458 1
12459 1
12460 1
12461 1
12462 1
12463 1
12464 1
12465 1
12466 1
12467 1
12468 1
12469 1
12470 1
12471 1
12472 1
12473 1
12474 1
12475 1
12476 1
12477 1
12478 1
12479 1
12480 1
12481 1
12482 1
12483 1
12484 1
12485 1
12486 1
12487 1
12488 7
12489 7
12490 7
12491 3
12492 3
12493 3
12494 3
12495 3
12496 3
12497 3
12498 3
12499 3
12500 3
12501 3
12502 3
12503 3
12504 3
12505 3
12506 3
12507 3
12508 3
12509 3
12510 3
12511 3
12512 3
12513 3
12514 3
12515 3
12516 3
12517 3
12518 3
12519 3
12520 3
12521 3
12522 3
12523 3
12524 3
12525 3
12526 3
12527 3
12528 3
12529 3
12530 3
12531 3
12532 3
12533 3
12534 3
12535 3
12536 3
12537 3
12538 3
12539 3
12540 3
12541 3
12542 3
12543 3
12544 3
12545 3
12546 3
12547 3
12548 3
12549 3
12550 3
12551 3
12552 3
12553 3
12554 3
12555 3
12556 3
12557 3
12558 3
12559 3
12560 3
12561 3
12562 3
12563 3
12564 3
12565 3
12566 3
12567 3
12568 3
12569 3
12570 3
12571 3
12572 3
12573 3
12574 3
12575 3
12576 3
12577 3
12578 3
12579 3
12580 3
12581 3
12582 3
12583 3
12584 3
12585 3
12586 3
12587 3
12588 3
12589 3
12590 3
12591 3
12592 3
12593 3
12594 3
12595 3
12596 3
12597 3
12598 3
12599 3
12600 3
12601 3
12602 3
12603 3
12604 3
12605 3
12606 3
12607 3
12608 3
12609 3
12610 3
12611 3
12612 8
12613 8
12614 8
12615 7
12616 7
12617 7
12618 3
12619 3
12620 3
12621 3
12622 3
12623 3
12624 3
12625 3
12626 3
12627 3
12628 3
12629 3
12630 3
12631 3
12632 3
12633 3
12634 3
12635 3
12636 3
12637 3
12638 3
12639 3
12640 3
12641 3
12642 3
12643 3
12644 3
12645 3
12646 3
12647 3
12648 3
12649 3
12650 3
12651 3
12652 3
12653 3
12654 3
12655 3
12656 3
12657 3
12658 3
12659 3
12660 3
12661 3
12662 3
12663 3
12664 3
12665 3
12666 3
12667 3
12668 3
12669 3
12670 3
12671 3
12672 3
12673 3
12674 3
12675 3
12676 3
12677 3
12678 3
12679 3
12680 3
12681 3
12682 3
12683 3
12684 3
12685 3
12686 3
12687 3
12688 3
12689 3
12690 3
12691 3
12692 3
12693 3
12694 3
12695 3
12696 3
12697 3
12698 3
12699 3
12700 3
12701 3
12702 3
12703 3
12704 3
12705 3
12706 3
12707 3
12708 3
12709 3
12710 3
12711 3
12712 3
12713 3
12714 3
12715 3
12716 3
12717 3
12718 3
12719 3
12720 3
12721 3
12722 3
12723 3
12724 3
12725 3
12726 3
12727 3
12728 3
12729 3
12730 3
12731 3
12732 3
12733 3
12734 3
12735 3
12736 3
12737 3
12738 3
12739 8
12740 8
12741 8
12742 7
12743 7
12744 7
12745 3
12746 3
12747 3
12748 3
12749 3
12750 3
12751 3
12752 3
12753 3
12754 3
12755 3
12756 3
12757 3
12758 3
12759 3
12760 3
12761 3
12762 3
12763 3
12764 3
12765 3
12766 3
12767 3
12768 3
12769 3
12770 3
12771 3
12772 3
12773 3
12774 3
12775 3
12776 3
12777 3
12778 3
12779 3
12780 3
12781 3
12782 3
12783 3
12784 3
12785 3
12786 3
12787 3
12788 3
12789 3
12790 3
12791 3
12792 3
12793 3
12794 3
12795 3
12796 3
12797 3
12798 3
12799 3
12800 3
12801 3
12802 3
12803 3
12804 3
12805 3
12806 3
12807 3
12808 3
12809 3
12810 3
12811 3
12812 3
12813 3
12814 3
12815 3
12816 3
12817 3
12818 3
12819 3
12820 3
12821 3
12822 3
12823 3
12824 3
12825 3
12826 3
12827 3
12828 3
12829 3
12830 3
12831 3
12832 3
12833 3
12834 3
12835 3
12836 3
12837 3
12838 3
12839 3
12840 3
12841 3
12842 3
12843 3
12844 3
12845 3
12846 3
12847 3
12848 3
12849 3
12850 3
12851 3
12852 3
12853 3
12854 3
12855 3
12856 3
12857 3
12858 3
12859 3
12860 3
12861 3
12862 3
12863 3
12864 3
12865 3
12866 8
12867 8
12868 8
