         180
         401           2         452         453 1
         402           2         453         454 1
         403           2         454         455 1
         404           2         455         456 1
         405           2         456         457 1
         406           2         457         458 1
         407           2         458         459 1
         408           2         459         460 1
         409           2         460         461 1
         410           2         461         462 1
         411           2         462         463 1
         412           2         463         464 1
         413           2         464         465 1
         414           2         465         466 1
         415           2         466         467 1
         416           2         467         468 1
         417           2         468         469 1
         418           2         469         470 1
         419           2         470         471 1
         420           2         471         472 1
         420           2         472         493 2
         440           2         493         514 2
         460           2         514         535 2
         480           2         535         556 2
         500           2         556         577 2
         520           2         577         598 2
         540           2         598         619 2
         560           2         619         640 2
         580           2         640         661 2
         600           2         661         682 2
         620           2         682         703 2
         640           2         703         724 2
         660           2         724         745 2
         680           2         745         766 2
         700           2         766         787 2
         720           2         787         808 2
         740           2         808         829 2
         760           2         829         850 2
         780           2         850         871 2
         800           2         871         891 2
         820           2         891         911 2
         840           2         911         931 2
         860           2         931         951 2
         880           2         951         971 2
         900           2         971         991 2
         920           2         991        1011 2
         940           2        1011        1031 2
         960           2        1031        1051 2
         980           2        1051        1071 2
        1000           2        1071        1091 2
        1020           2        1091        1111 2
        1040           2        1111        1131 2
        1060           2        1131        1151 2
        1080           2        1151        1171 2
        1100           2        1171        1191 2
        1120           2        1191        1211 2
        1140           2        1211        1231 2
        1160           2        1231        1251 2
        1180           2        1251        1271 2
        1200           2        1271        1291 2
        1201           2        1292        1293 1
        1202           2        1293        1294 1
        1203           2        1294        1295 1
        1204           2        1295        1296 1
        1205           2        1296        1297 1
        1206           2        1297        1298 1
        1207           2        1298        1299 1
        1208           2        1299        1300 1
        1209           2        1300        1301 1
        1210           2        1301        1302 1
        1211           2        1302        1303 1
        1212           2        1303        1304 1
        1213           2        1304        1305 1
        1214           2        1305        1306 1
        1215           2        1306        1307 1
        1216           2        1307        1308 1
        1217           2        1308        1309 1
        1218           2        1309        1310 1
        1219           2        1310        1311 1
        1220           2        1311         452 1
        2001           2        2132        2133 1
        2001           2        2173        2132 4
        2002           2        2133        2134 1
        2003           2        2134        2135 1
        2004           2        2135        2136 1
        2005           2        2136        2137 1
        2006           2        2137        2138 1
        2007           2        2138        2139 1
        2008           2        2139        2140 1
        2009           2        2140        2141 1
        2010           2        2141        2142 1
        2011           2        2142        2143 1
        2012           2        2143        2144 1
        2013           2        2144        2145 1
        2014           2        2145        2146 1
        2015           2        2146        2147 1
        2016           2        2147        2148 1
        2017           2        2148        2149 1
        2018           2        2149        2150 1
        2019           2        2150        2151 1
        2020           2        2151        2152 1
        2021           2        2152        2153 1
        2022           2        2153        2154 1
        2023           2        2154        2155 1
        2024           2        2155        2156 1
        2025           2        2156        2157 1
        2026           2        2157        2158 1
        2027           2        2158        2159 1
        2028           2        2159        2160 1
        2029           2        2160        2161 1
        2030           2        2161        2162 1
        2031           2        2162        2163 1
        2032           2        2163        2164 1
        2033           2        2164        2165 1
        2034           2        2165        2166 1
        2035           2        2166        2167 1
        2036           2        2167        2168 1
        2037           2        2168        2169 1
        2038           2        2169        2170 1
        2039           2        2170        2171 1
        2040           2        2171        2172 1
        2041           2        2214        2173 4
        2081           2        2255        2214 4
        2121           2        2296        2255 4
        2161           2        2337        2296 4
        2201           2        2378        2337 4
        2241           2        2419        2378 4
        2281           2        2460        2419 4
        2321           2        2501        2460 4
        2361           2        2542        2501 4
        2401           2        2583        2542 4
        2441           2        2624        2583 4
        2481           2        2665        2624 4
        2521           2        2706        2665 4
        2561           2        2747        2706 4
        2601           2        2788        2747 4
        2641           2        2829        2788 4
        2681           2        2870        2829 4
        2721           2        2911        2870 4
        2761           2        2952        2911 4
        2801           2        2992        2952 4
        2841           2        3032        2992 4
        2881           2        3072        3032 4
        2921           2        3112        3072 4
        2961           2        3152        3112 4
        3001           2        3192        3152 4
        3041           2        3232        3192 4
        3081           2        3272        3232 4
        3121           2        3312        3272 4
        3161           2        3352        3312 4
        3201           2        3392        3352 4
        3241           2        3432        3392 4
        3281           2        3472        3432 4
        3321           2        3512        3472 4
        3361           2        3552        3512 4
        3401           2        3592        3552 4
        3441           2        3632        3592 4
        3481           2        3672        3632 4
        3521           2        3712        3672 4
        3561           2        3752        3712 4
        3601           2        2172        3792 1
        3602           2        3792        3793 1
        3603           2        3793        3794 1
        3604           2        3794        3795 1
        3605           2        3795        3796 1
        3606           2        3796        3797 1
        3607           2        3797        3798 1
        3608           2        3798        3799 1
        3609           2        3799        3800 1
        3610           2        3800        3801 1
        3611           2        3801        3802 1
        3612           2        3802        3803 1
        3613           2        3803        3804 1
        3614           2        3804        3805 1
        3615           2        3805        3806 1
        3616           2        3806        3807 1
        3617           2        3807        3808 1
        3618           2        3808        3809 1
        3619           2        3809        3810 1
        3620           2        3810        1292 1
