   0.00000000       0.00000000    
   1.09999999E-03   0.00000000    
   2.19999999E-03   0.00000000    
   3.29999998E-03   0.00000000    
   4.39999998E-03   0.00000000    
   5.49999997E-03   0.00000000    
   6.59999996E-03   0.00000000    
   7.69999996E-03   0.00000000    
   8.79999995E-03   0.00000000    
   9.89999995E-03   0.00000000    
   1.09999999E-02   0.00000000    
   1.20999999E-02   0.00000000    
   1.31999999E-02   0.00000000    
   1.42999999E-02   0.00000000    
   1.53999999E-02   0.00000000    
   1.64999999E-02   0.00000000    
   1.75999999E-02   0.00000000    
   1.86999999E-02   0.00000000    
   1.97999999E-02   0.00000000    
   2.08999999E-02   0.00000000    
   2.19999999E-02   0.00000000    
   2.30999999E-02   0.00000000    
   2.41999999E-02   0.00000000    
   2.52999999E-02   0.00000000    
   2.63999999E-02   0.00000000    
   2.74999999E-02   0.00000000    
   2.85999998E-02   0.00000000    
   2.96999998E-02   0.00000000    
   3.07999998E-02   0.00000000    
   3.18999998E-02   0.00000000    
   3.29999998E-02   0.00000000    
   3.40999998E-02   0.00000000    
   3.51999998E-02   0.00000000    
   3.62999998E-02   0.00000000    
   3.73999998E-02   0.00000000    
   3.84999998E-02   0.00000000    
   3.95999998E-02   0.00000000    
   4.06999998E-02   0.00000000    
   4.17999998E-02   0.00000000    
   4.28999998E-02   0.00000000    
   4.39999998E-02   0.00000000    
   4.50999998E-02   0.00000000    
   4.61999997E-02   0.00000000    
   4.72999997E-02   0.00000000    
   4.83999997E-02   0.00000000    
   4.94999997E-02   0.00000000    
   5.05999997E-02   0.00000000    
   5.16999997E-02   0.00000000    
   5.27999997E-02   0.00000000    
   5.38999997E-02   0.00000000    
   5.49999997E-02   0.00000000    
   5.60999997E-02   0.00000000    
   5.71999997E-02   0.00000000    
   5.82999997E-02   0.00000000    
   5.93999997E-02   0.00000000    
   6.04999997E-02   0.00000000    
   6.15999997E-02   0.00000000    
   6.27000034E-02   0.00000000    
   6.37999997E-02   0.00000000    
   6.48999959E-02   0.00000000    
   6.59999996E-02   0.00000000    
   6.71000034E-02   0.00000000    
   6.81999996E-02   0.00000000    
   6.92999959E-02   0.00000000    
   7.03999996E-02   0.00000000    
   7.15000033E-02   0.00000000    
   7.25999996E-02   0.00000000    
   7.36999959E-02   0.00000000    
   7.47999996E-02   0.00000000    
   7.59000033E-02   0.00000000    
   7.69999996E-02   0.00000000    
   7.80999959E-02   0.00000000    
   7.91999996E-02   0.00000000    
   8.03000033E-02   0.00000000    
   8.13999996E-02   0.00000000    
   8.24999958E-02   0.00000000    
   8.35999995E-02   0.00000000    
   8.47000033E-02   0.00000000    
   8.57999995E-02   0.00000000    
   8.68999958E-02   0.00000000    
   8.79999995E-02   0.00000000    
   8.91000032E-02   0.00000000    
   9.01999995E-02   0.00000000    
   9.12999958E-02   0.00000000    
   9.23999995E-02   0.00000000    
   9.35000032E-02   0.00000000    
   9.45999995E-02   0.00000000    
   9.56999958E-02   0.00000000    
   9.67999995E-02   0.00000000    
   9.79000032E-02   0.00000000    
   9.89999995E-02   0.00000000    
  0.100099996       0.00000000    
  0.101199999       0.00000000    
  0.102300003       0.00000000    
  0.103399999       0.00000000    
  0.104499996       0.00000000    
  0.105599999       0.00000000    
  0.106700003       0.00000000    
  0.107799999       0.00000000    
  0.108899996       0.00000000    
  0.109999999       0.00000000    
  0.111100003       0.00000000    
  0.112199999       0.00000000    
  0.113299996       0.00000000    
  0.114399999       0.00000000    
  0.115500003       0.00000000    
  0.116599999       0.00000000    
  0.117699996       0.00000000    
  0.118799999       0.00000000    
  0.119900003       0.00000000    
  0.120999999       0.00000000    
  0.122099996       0.00000000    
  0.123199999      -0.00000000    
  0.124300003       1.40129846E-45
  0.125400007       0.00000000    
  0.126499996      -1.40129846E-45
  0.127599999      -1.40129846E-45
  0.128700003       0.00000000    
  0.129799992      -1.40129846E-45
  0.130899996      -2.80259693E-45
  0.131999999      -0.00000000    
  0.133100003       7.00649232E-45
  0.134200007       1.40129846E-44
  0.135299996       8.40779079E-45
  0.136399999      -1.96181785E-44
  0.137500003      -5.88545355E-44
  0.138599992      -7.28675201E-44
  0.139699996      -5.60519386E-45
  0.140799999       1.75162308E-43
  0.141900003       3.81153182E-43
  0.143000007       3.62936302E-43
  0.144099995      -1.93379188E-43
  0.145199999      -1.30741147E-42
  0.146300003      -2.25609053E-42
  0.147399992      -1.50219195E-42
  0.148499995       2.36679311E-42
  0.149599999       8.55772972E-42
  0.150700003       1.20833967E-41
  0.151800007       4.62568623E-42
  0.152899995      -1.90856851E-41
  0.153999999      -5.04089097E-41
  0.155100003      -5.95089419E-41
  0.156199992      -5.49449128E-42
  0.157299995       1.26603112E-40
  0.158399999       2.73979073E-40
  0.159500003       2.74651696E-40
  0.160600007      -5.93576017E-41
  0.161699995      -7.46042895E-40
  0.162799999      -1.40063985E-39
  0.163900003      -1.20102349E-39
  0.164999992       6.67231066E-40
  0.166099995       4.03891912E-39
  0.167199999       6.79050879E-39
  0.168300003       4.99368122E-39
  0.169400007      -4.65922211E-39
  0.170499995      -2.03434570E-38
  0.171599999      -3.13009327E-38
  0.172700003      -1.98690670E-38
  0.173799992       2.64902078E-38
  0.174899995       9.56748746E-38
  0.175999999       1.37466897E-37
  0.177100003       7.72074088E-38
  0.178200006      -1.29924739E-37
  0.179299995      -4.20492540E-37
  0.180399999      -5.78576540E-37
  0.181500003      -3.05468200E-37
  0.182599992       5.57572444E-37
  0.183699995       1.73227467E-36
  0.184799999       2.35823761E-36
  0.185900003       1.28320349E-36
  0.187000006      -2.09299033E-36
  0.188099995      -6.72625415E-36
  0.189199999      -9.39667254E-36
  0.190300003      -5.73511382E-36
  0.191399992       6.75972245E-36
  0.192499995       2.47186373E-35
  0.193599999       3.66810315E-35
  0.194700003       2.62259505E-35
  0.195800006      -1.76550312E-35
  0.196899995      -8.58410432E-35
  0.197999999      -1.39306561E-34
  0.199100003      -1.17290057E-34
  0.200199991       2.81295224E-35
  0.201299995       2.78565575E-34
  0.202399999       5.07657852E-34
  0.203500003       4.97987070E-34
  0.204600006       5.16438118E-35
  0.205699995      -8.22753016E-34
  0.206799999      -1.74462500E-33
  0.207900003      -1.97719013E-33
  0.208999991      -7.57139309E-34
  0.210099995       2.09037609E-33
  0.211199999       5.54184130E-33
  0.212300003       7.27749655E-33
  0.213400006       4.56009524E-33
  0.214499995      -3.89531865E-33
  0.215599999      -1.58274790E-32
  0.216700003      -2.45925100E-32
  0.217799991      -2.11113643E-32
  0.218899995       9.67116396E-34
  0.219999999       3.85896311E-32
  0.221100003       7.50411613E-32
  0.222200006       8.28021453E-32
  0.223299995       3.60919201E-32
  0.224399999      -6.95885544E-32
  0.225500003      -2.00151400E-31
  0.226599991      -2.81234649E-31
  0.227699995      -2.23069237E-31
  0.228799999       2.84273414E-32
  0.229900002       4.32245824E-31
  0.231000006       8.18686488E-31
  0.232099995       9.19254450E-31
  0.233199999       4.79249000E-31
  0.234300002      -5.68986709E-31
  0.235399991      -1.94515558E-30
  0.236499995      -2.98061658E-30
  0.237599999      -2.79577545E-30
  0.238700002      -7.16604490E-31
  0.239800006       3.18035244E-30
  0.240899995       7.64669043E-30
  0.241999999       1.02929152E-29
  0.243100002       8.32495105E-30
  0.244199991      -2.40383452E-32
  0.245299995      -1.37928467E-29
  0.246399999      -2.81630361E-29
  0.247500002      -3.49139923E-29
  0.248600006      -2.51618399E-29
  0.249699995       5.82813898E-30
  0.250800014       5.33005987E-29
  0.251899987       9.99145131E-29
  0.252999991       1.18031640E-28
  0.254099995       7.92889108E-29
  0.255199999      -2.96725770E-29
  0.256300002      -1.90556986E-28
  0.257400006      -3.44584954E-28
  0.258500010      -4.00932055E-28
  0.259599984      -2.67786475E-28
  0.260699987       9.78161342E-29
  0.261799991       6.37397252E-28
  0.262899995       1.16226280E-27
  0.263999999       1.37752033E-27
  0.265100002       9.76799890E-28
  0.266200006      -2.01239325E-28
  0.267300010      -2.00080991E-27
  0.268400013      -3.84197101E-27
  0.269499987      -4.77270208E-27
  0.270599991      -3.74572073E-27
  0.271699995      -1.08254055E-28
  0.272799999       5.82402679E-27
  0.273900002       1.23541226E-26
  0.275000006       1.64585597E-26
  0.276100010       1.45511834E-26
  0.277199984       3.98105204E-27
  0.278299987      -1.50705805E-26
  0.279399991      -3.80164704E-26
  0.280499995      -5.55813460E-26
  0.281599998      -5.56964149E-26
  0.282700002      -2.78766619E-26
  0.283800006       3.06589712E-26
  0.284900010       1.09136552E-25
  0.286000013       1.80640778E-25
  0.287099987       2.05901386E-25
  0.288199991       1.45243578E-25
  0.289299995      -2.24724578E-26
  0.290399998      -2.79018081E-25
  0.291500002      -5.52916947E-25
  0.292600006      -7.23001719E-25
  0.293700010      -6.47472182E-25
  0.294799984      -2.19017123E-25
  0.295899987       5.65222635E-25
  0.296999991       1.54306735E-24
  0.298099995       2.36912028E-24
  0.299199998       2.57101819E-24
  0.300300002       1.69522323E-24
  0.301400006      -4.74584144E-25
  0.302500010      -3.68573446E-24
  0.303600013      -7.06805882E-24
  0.304699987      -9.18143532E-24
  0.305799991      -8.34508578E-24
  0.306899995      -3.25534773E-24
  0.307999998       6.22372797E-24
  0.309100002       1.83515836E-23
  0.310200006       2.92396911E-23
  0.311300009       3.33721106E-23
  0.312399983       2.51205892E-23
  0.313499987       1.13317611E-24
  0.314599991      -3.69605978E-23
  0.315699995      -8.05223079E-23
  0.316799998      -1.13779504E-22
  0.317900002      -1.16672692E-22
  0.319000006      -7.10644463E-23
  0.320100009       3.05333315E-23
  0.321200013       1.76021046E-22
  0.322299987       3.28196404E-22
  0.323399991       4.26754565E-22
  0.324499995       4.00938694E-22
  0.325599998       1.93226152E-22
  0.326700002      -2.09837506E-22
  0.327800006      -7.48603200E-22
  0.328900009      -1.27566265E-21
  0.329999983      -1.56908811E-21
  0.331099987      -1.38271923E-21
  0.332199991      -5.32386448E-22
  0.333299994       9.97496515E-22
  0.334399998       2.95876830E-21
  0.335500002       4.79961332E-21
  0.336600006       5.72338100E-21
  0.337700009       4.87389640E-21
  0.338800013       1.63980559E-21
  0.339899987      -3.97983129E-21
  0.340999991      -1.10579395E-20
  0.342099994      -1.76173298E-20
  0.343199998      -2.08472375E-20
  0.344300002      -1.77489291E-20
  0.345400006      -6.18179012E-21
  0.346500009       1.38860134E-20
  0.347599983       3.92855053E-20
  0.348699987       6.32047672E-20
  0.349799991       7.58809547E-20
  0.350899994       6.67308960E-20
  0.351999998       2.78561408E-20
  0.353100002      -4.16946785E-20
  0.354200006      -1.32070009E-19
  0.355300009      -2.20790248E-19
  0.356400013      -2.74591858E-19
  0.357499987      -2.56056809E-19
  0.358599991      -1.35000438E-19
  0.359699994       9.71174081E-20
  0.360799998       4.13451133E-19
  0.361900002       7.43778783E-19
  0.363000005       9.77914840E-19
  0.364100009       9.84769790E-19
  0.365199983       6.47927213E-19
  0.366299987      -8.68068473E-20
  0.367399991      -1.16228802E-18
  0.368499994      -2.37563914E-18
  0.369599998      -3.37730193E-18
  0.370700002      -3.71921124E-18
  0.371800005      -2.95928807E-18
  0.372900009      -8.13347568E-19
  0.374000013       2.67377427E-18
  0.375099987       6.98678022E-18
  0.376199991       1.10869937E-17
  0.377299994       1.35079032E-17
  0.378399998       1.26349134E-17
  0.379500002       7.16364963E-18
  0.380600005      -3.33054037E-18
  0.381700009      -1.78428450E-17
  0.382799983      -3.35979258E-17
  0.383899987      -4.61134630E-17
  0.384999990      -4.98382142E-17
  0.386099994      -3.94154738E-17
  0.387199998      -1.14617678E-17
  0.388300002       3.34728131E-17
  0.389400005       8.92761675E-17
  0.390500009       1.43635903E-16
  0.391600013       1.79022875E-16
  0.392699987       1.75710923E-16
  0.393799990       1.16785488E-16
  0.394899994      -5.48809976E-18
  0.395999998      -1.83191945E-16
  0.397100002      -3.88197503E-16
  0.398200005      -5.71566292E-16
  0.399300009      -6.68830450E-16
  0.400399983      -6.12127418E-16
  0.401499987      -3.48537673E-16
  0.402599990       1.37967823E-16
  0.403699994       8.05967202E-16
  0.404799998       1.54352209E-15
  0.405900002       2.16979284E-15
  0.407000005       2.45661832E-15
  0.408100009       2.17266090E-15
  0.409200013       1.14680934E-15
  0.410299987      -6.58812909E-16
  0.411399990      -3.08227010E-15
  0.412499994      -5.72237714E-15
  0.413599998      -7.94793122E-15
  0.414700001      -8.97322818E-15
  0.415800005      -8.00544814E-15
  0.416900009      -4.45312876E-15
  0.417999983       1.83454885E-15
  0.419099987       1.03480084E-14
  0.420199990       1.97835980E-14
  0.421299994       2.80605939E-14
  0.422399998       3.25458993E-14
  0.423500001       3.05068233E-14
  0.424600005       1.97656798E-14
  0.425700009      -5.35064995E-16
  0.426800013      -2.92001225E-14
  0.427899987      -6.24755103E-14
  0.428999990      -9.39821747E-14
  0.430099994      -1.15256966E-13
  0.431199998      -1.17005526E-13
  0.432300001      -9.10085809E-14
  0.433400005      -3.24853839E-14
  0.434500009       5.74914329E-14
  0.435599983       1.70062396E-13
  0.436699986       2.87753382E-13
  0.437799990       3.85307373E-13
  0.438899994       4.32584171E-13
  0.439999998       3.99568155E-13
  0.441100001       2.63075559E-13
  0.442200005       1.43727532E-14
  0.443300009      -3.33913588E-13
  0.444400012      -7.43010417E-13
  0.445499986      -1.14714900E-12
  0.446599990      -1.45818785E-12
  0.447699994      -1.57641489E-12
  0.448799998      -1.40709514E-12
  0.449900001      -8.81572322E-13
  0.451000005       2.03836276E-14
  0.452100009       1.25081542E-12
  0.453199983       2.68069855E-12
  0.454299986       4.09920145E-12
  0.455399990       5.22808186E-12
  0.456499994       5.75292158E-12
  0.457599998       5.37053908E-12
  0.458700001       3.84744233E-12
  0.459800005       1.08285104E-12
  0.460900009      -2.83390130E-12
  0.462000012      -7.58326214E-12
  0.463099986      -1.26038849E-11
  0.464199990      -1.71173249E-11
  0.465299994      -2.01938934E-11
  0.466399997      -2.08596439E-11
  0.467500001      -1.82345198E-11
  0.468600005      -1.16882597E-11
  0.469700009      -9.95943779E-13
  0.470799983       1.35332405E-11
  0.471899986       3.09718362E-11
  0.472999990       4.97508562E-11
  0.474099994       6.77150627E-11
  0.475199997       8.22496238E-11
  0.476300001       9.04696040E-11
  0.477400005       8.94468249E-11
  0.478500009       7.64442815E-11
  0.479600012       4.91148129E-11
  0.480699986       5.62587824E-12
  0.481799990      -5.52919932E-11
  0.482899994      -1.34461095E-10
  0.483999997      -2.32475081E-10
  0.485100001      -3.50068030E-10
  0.486200005      -4.88572571E-10
  0.487300009      -6.50431986E-10
  0.488399982      -8.39773362E-10
  0.489499986      -1.06291631E-09
  0.490599990      -1.32892997E-09
  0.491699994      -1.64995784E-09
  0.492799997      -2.04169104E-09
  0.493900001      -2.52366861E-09
  0.495000005      -3.11935633E-09
  0.496100008      -3.85700005E-09
  0.497200012      -4.76924056E-09
  0.498299986      -5.89449911E-09
  0.499399990      -7.27757854E-09
  0.500500023      -8.96973962E-09
  0.501600027      -1.10312266E-08
  0.502699971      -1.35315998E-08
  0.503799975      -1.65523204E-08
  0.504899979      -2.01872918E-08
  0.505999982      -2.45453293E-08
  0.507099986      -2.97525951E-08
  0.508199990      -3.59567771E-08
  0.509299994      -4.33248495E-08
  0.510399997      -5.20461683E-08
  0.511500001      -6.23328305E-08
  0.512600005      -7.44329540E-08
  0.513700008      -8.86202969E-08
  0.514800012      -1.05192150E-07
  0.515900016      -1.24495457E-07
  0.517000020      -1.46903702E-07
  0.518100023      -1.72821245E-07
  0.519199967      -2.02690430E-07
  0.520299971      -2.37015215E-07
  0.521399975      -2.76297527E-07
  0.522499979      -3.21081387E-07
  0.523599982      -3.71962983E-07
  0.524699986      -4.29564892E-07
  0.525799990      -4.94543258E-07
  0.526899993      -5.67549648E-07
  0.527999997      -6.49221761E-07
  0.529100001      -7.40211021E-07
  0.530200005      -8.41188410E-07
  0.531300008      -9.52833602E-07
  0.532400012      -1.07570395E-06
  0.533500016      -1.21029041E-06
  0.534600019      -1.35706432E-06
  0.535700023      -1.51652046E-06
  0.536800027      -1.68870827E-06
  0.537899971      -1.87383580E-06
  0.538999975      -2.07176913E-06
  0.540099978      -2.28224485E-06
  0.541199982      -2.50473727E-06
  0.542299986      -2.73836622E-06
  0.543399990      -2.98235159E-06
  0.544499993      -3.23551330E-06
  0.545599997      -3.49576726E-06
  0.546700001      -3.76142566E-06
  0.547800004      -4.02997330E-06
  0.548900008      -4.29858437E-06
