   0.00000000       0.00000000    
   1.09999999E-03   0.00000000    
   2.19999999E-03   0.00000000    
   3.29999998E-03   0.00000000    
   4.39999998E-03   0.00000000    
   5.49999997E-03   0.00000000    
   6.59999996E-03   0.00000000    
   7.69999996E-03   0.00000000    
   8.79999995E-03   0.00000000    
   9.89999995E-03   0.00000000    
   1.09999999E-02   0.00000000    
   1.20999999E-02   0.00000000    
   1.31999999E-02   0.00000000    
   1.42999999E-02   0.00000000    
   1.53999999E-02   0.00000000    
   1.64999999E-02   0.00000000    
   1.75999999E-02   0.00000000    
   1.86999999E-02   0.00000000    
   1.97999999E-02   0.00000000    
   2.08999999E-02   0.00000000    
   2.19999999E-02   0.00000000    
   2.30999999E-02   0.00000000    
   2.41999999E-02   0.00000000    
   2.52999999E-02   0.00000000    
   2.63999999E-02   0.00000000    
   2.74999999E-02   0.00000000    
   2.85999998E-02   0.00000000    
   2.96999998E-02   0.00000000    
   3.07999998E-02   0.00000000    
   3.18999998E-02   0.00000000    
   3.29999998E-02  -0.00000000    
   3.40999998E-02  -0.00000000    
   3.51999998E-02  -1.40129846E-45
   3.62999998E-02   2.80259693E-45
   3.73999998E-02   8.40779079E-45
   3.84999998E-02   2.80259693E-45
   3.95999998E-02  -6.30584309E-44
   4.06999998E-02  -1.69557114E-43
   4.17999998E-02   3.92363570E-44
   4.28999998E-02   1.24435304E-42
   4.39999998E-02   2.52794243E-42
   4.50999998E-02  -2.27150481E-42
   4.61999997E-02  -1.96994538E-41
   4.72999997E-02  -2.77989589E-41
   4.83999997E-02   4.81149841E-41
   4.94999997E-02   2.35202342E-40
   5.05999997E-02   2.34382582E-40
   5.16999997E-02  -6.09716172E-40
   5.27999997E-02  -2.21490496E-39
   5.38999997E-02  -1.79723675E-39
   5.49999997E-02   5.39860463E-39
   5.60999997E-02   1.77266190E-38
   5.71999997E-02   1.47630899E-38
   5.82999997E-02  -3.63733473E-38
   5.93999997E-02  -1.26912822E-37
   6.04999997E-02  -1.25587474E-37
   6.15999997E-02   1.91775475E-37
   6.27000034E-02   8.13953428E-37
   6.37999997E-02   9.77037216E-37
   6.48999959E-02  -7.22907322E-37
   6.59999996E-02  -4.50134805E-36
   6.71000034E-02  -6.51414214E-36
   6.81999996E-02   7.79996625E-37
   6.92999959E-02   2.01110366E-35
   7.03999996E-02   3.63279354E-35
   7.15000033E-02   1.60704370E-35
   7.25999996E-02  -6.27769716E-35
   7.36999959E-02  -1.63461248E-34
   7.47999996E-02  -1.72016023E-34
   7.59000033E-02   4.72565948E-35
   7.69999996E-02   5.26333840E-34
   7.80999959E-02   1.04125942E-33
   7.91999996E-02   9.91552168E-34
   8.03000033E-02  -5.29228357E-34
   8.13999996E-02  -4.07423587E-33
   8.24999958E-02  -8.20381328E-33
   8.35999995E-02  -7.51660899E-33
   8.47000033E-02   6.63517117E-33
   8.57999995E-02   3.78857333E-32
   8.68999958E-02   6.78121650E-32
   8.79999995E-02   4.31922057E-32
   8.91000032E-02  -9.93935957E-32
   9.01999995E-02  -3.41680684E-31
   9.12999958E-02  -4.62876903E-31
   9.23999995E-02  -5.40178387E-32
   9.35000032E-02   1.12177219E-30
   9.45999995E-02   2.46585970E-30
   9.56999958E-02   2.19559587E-30
   9.67999995E-02  -1.67954953E-30
   9.79000032E-02  -8.71679278E-30
   9.89999995E-02  -1.34209105E-29
  0.100099996      -6.34833529E-30
  0.101199999       1.81616834E-29
  0.102300003       5.01831441E-29
  0.103399999       5.87397920E-29
  0.104499996       6.13702015E-30
  0.105599999      -1.14417741E-28
  0.106700003      -2.38148532E-28
  0.107799999      -2.28472925E-28
  0.108899996       4.36407269E-29
  0.109999999       5.53314762E-28
  0.111100003       1.00327507E-27
  0.112199999       8.76796363E-28
  0.113299996      -2.51948494E-28
  0.114399999      -2.23794735E-27
  0.115500003      -4.00607218E-27
  0.116599999      -3.69981350E-27
  0.117699996       3.81350692E-28
  0.118799999       8.13486770E-27
  0.119900003       1.60076810E-26
  0.120999999       1.68119170E-26
  0.122099996       2.74431304E-27
  0.123199999      -2.78687332E-26
  0.124300003      -6.28250797E-26
  0.125400007      -7.39316619E-26
  0.126499996      -2.81187004E-26
  0.127599999       8.64114106E-26
  0.128700003       2.29903773E-25
  0.129799992       3.00900318E-25
  0.130899996       1.72715746E-25
  0.131999999      -2.16803974E-25
  0.133100003      -7.57592579E-25
  0.134200007      -1.12113799E-24
  0.135299996      -8.62916209E-25
  0.136399999       3.01974771E-25
  0.137500003       2.15200170E-24
  0.138599992       3.76665857E-24
  0.139699996       3.73430975E-24
  0.140799999       8.59672018E-25
  0.141900003      -4.81727575E-24
  0.143000007      -1.11956836E-23
  0.144099995      -1.41700876E-23
  0.145199999      -9.13151700E-24
  0.146300003       6.11355842E-24
  0.147399992       2.80690594E-23
  0.148499995       4.60443374E-23
  0.149599999       4.47670675E-23
  0.150700003       1.20082916E-23
  0.151800007      -5.10061369E-23
  0.152899995      -1.21988983E-22
  0.153999999      -1.59623947E-22
  0.155100003      -1.19224171E-22
  0.156199992       2.09093405E-23
  0.157299995       2.33617838E-22
  0.158399999       4.33540081E-22
  0.159500003       4.97203756E-22
  0.160600007       3.13370312E-22
  0.161699995      -1.51843469E-22
  0.162799999      -8.02131590E-22
  0.163900003      -1.39795028E-21
  0.164999992      -1.60092346E-21
  0.166099995      -1.08018277E-21
  0.167199999       3.28825044E-22
  0.168300003       2.44449461E-21
  0.169400007       4.60705230E-21
  0.170499995       5.70295432E-21
  0.171599999       4.45602963E-21
  0.172700003       1.59667056E-23
  0.173799992      -7.29186125E-21
  0.174899995      -1.53843202E-20
  0.175999999      -2.04454232E-20
  0.177100003      -1.79130679E-20
  0.178200006      -4.45402833E-21
  0.179299995       1.95690851E-20
  0.180399999       4.81606428E-20
  0.181500003       6.95585806E-20
  0.182599992       6.89000802E-20
  0.183699995       3.37896462E-20
  0.184799999      -3.84243004E-20
  0.185900003      -1.34172366E-19
  0.187000006      -2.21290718E-19
  0.188099995      -2.53867598E-19
  0.189199999      -1.85864744E-19
  0.190300003       7.96007051E-21
  0.191399992       3.09377750E-19
  0.192499995       6.41428986E-19
  0.193599999       8.71176902E-19
  0.194700003       8.38484398E-19
  0.195800006       4.11630069E-19
  0.196899995      -4.40278772E-19
  0.197999999      -1.58002695E-18
  0.199100003      -2.67111095E-18
  0.200199991      -3.21451175E-18
  0.201299995      -2.67358609E-18
  0.202399999      -6.80579341E-19
  0.203500003       2.71869886E-18
  0.204600006       6.86408989E-18
  0.205699995       1.04287383E-17
  0.206799999       1.16129565E-17
  0.207900003       8.63069498E-18
  0.208999991       4.42936400E-19
  0.210099995      -1.24315171E-17
  0.211199999      -2.73093481E-17
  0.212300003      -3.92845080E-17
  0.213400006      -4.20169436E-17
  0.214499995      -2.94857463E-17
  0.215599999       1.49140334E-18
  0.216700003       4.85653884E-17
  0.217799991       1.01934420E-16
  0.218899995       1.44313516E-16
  0.219999999       1.53728843E-16
  0.221100003       1.09459944E-16
  0.222200006       4.28063382E-19
  0.223299995      -1.65909760E-16
  0.224399999      -3.57176297E-16
  0.225500003      -5.15693669E-16
  0.226599991      -5.67035195E-16
  0.227699995      -4.38572722E-16
  0.228799999      -8.61280372E-17
  0.229900002       4.76870708E-16
  0.231000006       1.15661777E-15
  0.232099995       1.77319984E-15
  0.233199999       2.08149707E-15
  0.234300002       1.82370768E-15
  0.235399991       8.10324392E-16
  0.236499995      -9.84425291E-16
  0.237599999      -3.33759547E-15
  0.238700002      -5.73493610E-15
  0.239800006      -7.40412167E-15
  0.240899995      -7.44624208E-15
  0.241999999      -5.06758679E-15
  0.243100002       1.17670677E-16
  0.244199991       7.77884820E-15
  0.245299995       1.66472738E-14
  0.246399999       2.44908396E-14
  0.247500002       2.83745161E-14
  0.248600006       2.52513092E-14
  0.249699995       1.28407671E-14
  0.250800014      -9.34416085E-15
  0.251899987      -3.90701333E-14
  0.252999991      -7.08699795E-14
  0.254099995      -9.62577525E-14
  0.255199999      -1.04906582E-13
  0.256300002      -8.68387190E-14
  0.257400006      -3.54078102E-14
  0.258500010       4.94381486E-14
  0.259599984       1.58419922E-13
  0.260699987       2.71644821E-13
  0.261799991       3.59701906E-13
  0.262899995       3.87729725E-13
  0.263999999       3.22523150E-13
  0.265100002       1.41937446E-13
  0.266200006      -1.54948184E-13
  0.267300010      -5.39291702E-13
  0.268400013      -9.48227499E-13
  0.269499987      -1.28755698E-12
  0.270599991      -1.44319127E-12
  0.271699995      -1.30160401E-12
  0.272799999      -7.77591424E-13
  0.273900002       1.54942018E-13
  0.275000006       1.43512459E-12
  0.276100010       2.89774107E-12
  0.277199984       4.27383693E-12
  0.278299987       5.21496474E-12
  0.279399991       5.34314563E-12
  0.280499995       4.32365038E-12
  0.281599998       1.95232979E-12
  0.282700002      -1.75710304E-12
  0.283800006      -6.50350824E-12
  0.284900010      -1.16661836E-11
  0.286000013      -1.63261696E-11
  0.287099987      -1.93519992E-11
  0.288199991      -1.95496761E-11
  0.289299995      -1.58663915E-11
  0.290399998      -7.62239490E-12
  0.291500002       5.26128230E-12
  0.292600006       2.20783079E-11
  0.293700010       4.12331488E-11
  0.294799984       6.02500758E-11
  0.295899987       7.59048241E-11
  0.296999991       8.44750866E-11
  0.298099995       8.20817581E-11
  0.299199998       6.50654669E-11
  0.300300002       3.03416042E-11
  0.301400006      -2.43385520E-11
  0.302500010      -1.00299040E-10
  0.303600013      -1.98045580E-10
  0.304699987      -3.17608190E-10
  0.305799991      -4.59086325E-10
  0.306899995      -6.23362140E-10
  0.307999998      -8.12895196E-10
  0.309100002      -1.03253139E-09
  0.310200006      -1.29015809E-09
  0.311300009      -1.59728353E-09
  0.312399983      -1.96933558E-09
  0.313499987      -2.42583731E-09
  0.314599991      -2.99035019E-09
  0.315699995      -3.69081166E-09
  0.316799998      -4.55928628E-09
  0.317900002      -5.63227420E-09
  0.319000006      -6.95159219E-09
  0.320100009      -8.56484217E-09
  0.321200013      -1.05274740E-08
  0.322299987      -1.29032989E-08
  0.323399991      -1.57677036E-08
  0.324499995      -1.92091267E-08
  0.325599998      -2.33303101E-08
  0.326700002      -2.82509269E-08
  0.327800006      -3.41100979E-08
  0.328900009      -4.10681409E-08
  0.329999983      -4.93069088E-08
  0.331099987      -5.90339972E-08
  0.332199991      -7.04802119E-08
  0.333299994      -8.39024423E-08
  0.334399998      -9.95905651E-08
  0.335500002      -1.17865092E-07
  0.336600006      -1.39080242E-07
  0.337700009      -1.63620697E-07
  0.338800013      -1.91911255E-07
  0.339899987      -2.24417406E-07
  0.340999991      -2.61635989E-07
  0.342099994      -3.04090293E-07
  0.343199998      -3.52364310E-07
  0.344300002      -4.07050635E-07
  0.345400006      -4.68793957E-07
  0.346500009      -5.38228051E-07
  0.347599983      -6.15993258E-07
  0.348699987      -7.02730972E-07
  0.349799991      -7.99124109E-07
  0.350899994      -9.05807667E-07
  0.351999998      -1.02337629E-06
  0.353100002      -1.15237958E-06
  0.354200006      -1.29329692E-06
  0.355300009      -1.44650483E-06
  0.356400013      -1.61238711E-06
  0.357499987      -1.79102221E-06
  0.358599991      -1.98245971E-06
  0.359699994      -2.18643390E-06
  0.360799998      -2.40265604E-06
  0.361900002      -2.63045695E-06
  0.363000005      -2.86916406E-06
  0.364100009      -3.11735084E-06
  0.365199983      -3.37363531E-06
  0.366299987      -3.63600111E-06
  0.367399991      -3.90246623E-06
  0.368499994      -4.17069032E-06
  0.369599998      -4.43781573E-06
  0.370700002      -4.70046871E-06
  0.371800005      -4.95492031E-06
  0.372900009      -5.19720970E-06
  0.374000013      -5.42311636E-06
  0.375099987      -5.62835567E-06
  0.376199991      -5.80813321E-06
  0.377299994      -5.95735492E-06
  0.378399998      -6.07033417E-06
  0.379500002      -6.14205101E-06
  0.380600005      -6.16720854E-06
  0.381700009      -6.14077271E-06
  0.382799983      -6.05818832E-06
  0.383899987      -5.91444041E-06
  0.384999990      -5.70474322E-06
  0.386099994      -5.42550470E-06
  0.387199998      -5.07308505E-06
  0.388300002      -4.64498771E-06
  0.389400005      -4.13998850E-06
  0.390500009      -3.55859834E-06
  0.391600013      -2.89912714E-06
  0.392699987      -2.16237481E-06
  0.393799990      -1.35104494E-06
  0.394899994      -4.69365347E-07
  0.395999998       4.77200615E-07
  0.397100002       1.48283061E-06
  0.398200005       2.54166139E-06
  0.399300009       3.64472021E-06
  0.400399983       4.78261154E-06
  0.401499987       5.94408903E-06
  0.402599990       7.11799476E-06
  0.403699994       8.29162127E-06
  0.404799998       9.45177180E-06
  0.405900002       1.05861491E-05
  0.407000005       1.16805877E-05
  0.408100009       1.27218564E-05
  0.409200013       1.36959561E-05
  0.410299987       1.45891318E-05
  0.411399990       1.53883884E-05
  0.412499994       1.60828586E-05
  0.413599998       1.66620412E-05
  0.414700001       1.71161810E-05
  0.415800005       1.74366614E-05
  0.416900009       1.76170142E-05
  0.417999983       1.76525409E-05
  0.419099987       1.75398509E-05
  0.420199990       1.72786677E-05
  0.421299994       1.68685820E-05
  0.422399998       1.63119785E-05
  0.423500001       1.56150145E-05
  0.424600005       1.47841765E-05
  0.425700009       1.38275964E-05
  0.426800013       1.27547955E-05
  0.427899987       1.15783478E-05
  0.428999990       1.03103621E-05
  0.430099994       8.96547226E-06
  0.431199998       7.55838664E-06
  0.432300001       6.10447796E-06
  0.433400005       4.62044773E-06
  0.434500009       3.12115912E-06
  0.435599983       1.62480853E-06
  0.436699986       1.46354765E-07
  0.437799990      -1.29904947E-06
  0.438899994      -2.69649331E-06
  0.439999998      -4.03337845E-06
  0.441100001      -5.29725457E-06
  0.442200005      -6.47669231E-06
  0.443300009      -7.56182862E-06
  0.444400012      -8.54442078E-06
  0.445499986      -9.41922463E-06
  0.446599990      -1.01809446E-05
  0.447699994      -1.08251961E-05
  0.448799998      -1.13520000E-05
  0.449900001      -1.17601303E-05
  0.451000005      -1.20529121E-05
  0.452100009      -1.22324382E-05
  0.453199983      -1.23032960E-05
  0.454299986      -1.22706115E-05
  0.455399990      -1.21405265E-05
  0.456499994      -1.19202941E-05
  0.457599998      -1.16169031E-05
  0.458700001      -1.12393127E-05
  0.459800005      -1.07977703E-05
  0.460900009      -1.03011198E-05
  0.462000012      -9.75853436E-06
  0.463099986      -9.17837406E-06
  0.464199990      -8.56919542E-06
  0.465299994      -7.93943582E-06
  0.466399997      -7.29733665E-06
  0.467500001      -6.65067228E-06
  0.468600005      -6.00673911E-06
  0.469700009      -5.37211281E-06
  0.470799983      -4.75202296E-06
  0.471899986      -4.15079012E-06
  0.472999990      -3.57251088E-06
  0.474099994      -3.02136436E-06
  0.475199997      -2.50166613E-06
  0.476300001      -2.01600415E-06
  0.477400005      -1.56494900E-06
  0.478500009      -1.14764146E-06
  0.479600012      -7.64383401E-07
  0.480699986      -4.16603569E-07
  0.481799990      -1.05321682E-07
  0.482899994       1.69909740E-07
  0.483999997       4.11578668E-07
  0.485100001       6.22222217E-07
  0.486200005       8.04359331E-07
  0.487300009       9.59525096E-07
  0.488399982       1.08762049E-06
  0.489499986       1.18964692E-06
  0.490599990       1.26761540E-06
  0.491699994       1.32488412E-06
  0.492799997       1.36557742E-06
  0.493900001       1.39209521E-06
  0.495000005       1.40526959E-06
  0.496100008       1.40480643E-06
  0.497200012       1.39198244E-06
  0.498299986       1.36953020E-06
  0.499399990       1.34071911E-06
  0.500500023       1.30688034E-06
  0.501600027       1.26814336E-06
  0.502699971       1.22463416E-06
  0.503799975       1.17766444E-06
  0.504899979       1.12909231E-06
  0.505999982       1.08003951E-06
  0.507099986       1.03068544E-06
  0.508199990       9.81111953E-07
  0.509299994       9.31617933E-07
  0.510399997       8.82691552E-07
  0.511500001       8.34796822E-07
  0.512600005       7.88476029E-07
  0.513700008       7.44572901E-07
  0.514800012       7.03697083E-07
  0.515900016       6.65375751E-07
  0.517000020       6.28476300E-07
  0.518100023       5.92363278E-07
  0.519199967       5.57179476E-07
  0.520299971       5.23532606E-07
  0.521399975       4.91713536E-07
  0.522499979       4.61960184E-07
  0.523599982       4.35000487E-07
  0.524699986       4.11487576E-07
  0.525799990       3.90821015E-07
  0.526899993       3.71129971E-07
  0.527999997       3.50971987E-07
  0.529100001       3.30719701E-07
  0.530200005       3.11789705E-07
  0.531300008       2.94953423E-07
  0.532400012       2.79476922E-07
  0.533500016       2.64436181E-07
  0.534600019       2.50217482E-07
  0.535700023       2.38024555E-07
  0.536800027       2.28113549E-07
  0.537899971       2.19293995E-07
  0.538999975       2.09932864E-07
  0.540099978       1.99586339E-07
  0.541199982       1.89052344E-07
  0.542299986       1.79331906E-07
  0.543399990       1.71019920E-07
  0.544499993       1.64150123E-07
  0.545599997       1.58299201E-07
  0.546700001       1.52427049E-07
  0.547800004       1.45707119E-07
  0.548900008       1.38467584E-07
