   0.00000000       0.00000000    
   1.09999999E-03   0.00000000    
   2.19999999E-03   0.00000000    
   3.29999998E-03   0.00000000    
   4.39999998E-03   0.00000000    
   5.49999997E-03   0.00000000    
   6.59999996E-03   0.00000000    
   7.69999996E-03   0.00000000    
   8.79999995E-03   0.00000000    
   9.89999995E-03   0.00000000    
   1.09999999E-02   0.00000000    
   1.20999999E-02  -5.85514180E-29
   1.31999999E-02   6.72472023E-29
   1.42999999E-02   1.28952190E-27
   1.53999999E-02  -2.84881487E-28
   1.64999999E-02  -1.56045130E-26
   1.75999999E-02  -1.44374272E-26
   1.86999999E-02   1.10952165E-25
   1.97999999E-02   2.57911121E-25
   2.08999999E-02  -3.22186324E-25
   2.19999999E-02  -1.99761078E-24
   2.30999999E-02  -1.70159526E-24
   2.41999999E-02   6.63656531E-24
   2.52999999E-02   2.03476305E-23
   2.63999999E-02   1.17559073E-23
   2.74999999E-02  -6.15297496E-23
   2.85999998E-02  -1.82785509E-22
   2.96999998E-02  -1.51972753E-22
   3.07999998E-02   4.08291635E-22
   3.18999998E-02   1.52177585E-21
   3.29999998E-02   1.74850492E-21
   3.40999998E-02  -1.94884116E-21
   3.51999998E-02  -1.03898982E-20
   3.62999998E-02  -1.48694811E-20
   3.73999998E-02   3.47646644E-21
   3.84999998E-02   5.32135983E-20
   3.95999998E-02   9.64700359E-20
   4.06999998E-02   4.13210708E-20
   4.17999998E-02  -1.82621226E-19
   4.28999998E-02  -4.77114469E-19
   4.39999998E-02  -4.88004560E-19
   4.50999998E-02   2.26504851E-19
   4.61999997E-02   1.68662272E-18
   4.72999997E-02   2.88777086E-18
   4.83999997E-02   1.79272559E-18
   4.94999997E-02  -3.26428300E-18
   5.05999997E-02  -1.08234548E-17
   5.16999997E-02  -1.42882348E-17
   5.27999997E-02  -4.31566678E-18
   5.38999997E-02   2.26083731E-17
   5.49999997E-02   5.38744884E-17
   5.60999997E-02   5.93121256E-17
   5.71999997E-02   7.49686445E-18
   5.82999997E-02  -1.03512072E-16
   5.93999997E-02  -2.19853754E-16
   6.04999997E-02  -2.36034942E-16
   6.15999997E-02  -4.74917444E-17
   6.27000034E-02   3.55577364E-16
   6.37999997E-02   7.99919228E-16
   6.48999959E-02   9.30745213E-16
   6.59999996E-02   3.78461812E-16
   6.71000034E-02  -9.31857897E-16
   6.81999996E-02  -2.50662651E-15
   6.92999959E-02  -3.30649560E-15
   7.03999996E-02  -2.20892344E-15
   7.15000033E-02   1.23090955E-15
   7.25999996E-02   6.11472365E-15
   7.36999959E-02   1.00734689E-14
   7.47999996E-02   9.96595588E-15
   7.59000033E-02   3.40448567E-15
   7.69999996E-02  -9.33725584E-15
   7.80999959E-02  -2.40331724E-14
   7.91999996E-02  -3.30580764E-14
   8.03000033E-02  -2.83162928E-14
   8.13999996E-02  -5.55261352E-15
   8.24999958E-02   3.21217628E-14
   8.35999995E-02   7.33113860E-14
   8.47000033E-02   1.00379008E-13
   8.57999995E-02   9.38942527E-14
   8.68999958E-02   3.92827691E-14
   8.79999995E-02  -6.45360433E-14
   8.91000032E-02  -1.96843166E-13
   9.01999995E-02  -3.12353388E-13
   9.12999958E-02  -3.49171321E-13
   9.23999995E-02  -2.48329948E-13
   9.35000032E-02   1.96213742E-14
   9.45999995E-02   4.28306723E-13
   9.56999958E-02   8.77954990E-13
   9.67999995E-02   1.19759010E-12
   9.79000032E-02   1.17950864E-12
   9.89999995E-02   6.50747251E-13
  0.100099996      -4.33677779E-13
  0.101199999      -1.91142328E-12
  0.102300003      -3.38728329E-12
  0.103399999      -4.28599907E-12
  0.104499996      -3.98621153E-12
  0.105599999      -2.02111765E-12
  0.106700003       1.68700178E-12
  0.107799999       6.62067449E-12
  0.108899996       1.15813765E-11
  0.109999999       1.48149618E-11
  0.111100003       1.43899614E-11
  0.112199999       8.78821148E-12
  0.113299996      -2.41533486E-12
  0.114399999      -1.79695061E-11
  0.115500003      -3.46804079E-11
  0.116599999      -4.76667074E-11
  0.117699996      -5.12484256E-11
  0.118799999      -4.04072192E-11
  0.119900003      -1.25533984E-11
  0.120999999       3.08301579E-11
  0.122099996       8.31800254E-11
  0.123199999       1.32966999E-10
  0.124300003       1.65251507E-10
  0.125400007       1.64663005E-10
  0.126499996       1.19349100E-10
  0.127599999       2.50502188E-11
  0.128700003      -1.11750886E-10
  0.129799992      -2.72649847E-10
  0.130899996      -4.28962171E-10
  0.131999999      -5.46597934E-10
  0.133100003      -5.93816218E-10
  0.134200007      -5.50514634E-10
  0.135299996      -4.16848361E-10
  0.136399999      -2.18657939E-10
  0.137500003      -7.56548643E-12
  0.138599992       1.45551918E-10
  0.139699996       1.63806704E-10
  0.140799999      -1.70569999E-11
  0.141900003      -4.27572783E-10
  0.143000007      -1.04545617E-09
  0.144099995      -1.78336368E-09
  0.145199999      -2.48770227E-09
  0.146300003      -2.95057823E-09
  0.147399992      -2.93424218E-09
  0.148499995      -2.20421970E-09
  0.149599999      -5.64788494E-10
  0.150700003       2.11150830E-09
  0.151800007       5.86802873E-09
  0.152899995       1.06681686E-08
  0.153999999       1.64219074E-08
  0.155100003       2.30325856E-08
  0.156199992       3.04583310E-08
  0.157299995       3.87767649E-08
  0.158399999       4.82419011E-08
  0.159500003       5.93226233E-08
  0.160600007       7.27175546E-08
  0.161699995       8.93461447E-08
  0.162799999       1.10320357E-07
  0.163900003       1.36901932E-07
  0.164999992       1.70463764E-07
  0.166099995       2.12466503E-07
  0.167199999       2.64467246E-07
  0.168300003       3.28160183E-07
  0.169400007       4.05456149E-07
  0.170499995       4.98584257E-07
  0.171599999       6.10212226E-07
  0.172700003       7.43569672E-07
  0.173799992       9.02553438E-07
  0.174899995       1.09178927E-06
  0.175999999       1.31669174E-06
  0.177100003       1.58346757E-06
  0.178200006       1.89910372E-06
  0.179299995       2.27135274E-06
  0.180399999       2.70870260E-06
  0.181500003       3.22041683E-06
  0.182599992       3.81661494E-06
  0.183699995       4.50834159E-06
  0.184799999       5.30772013E-06
  0.185900003       6.22804237E-06
  0.187000006       7.28386567E-06
  0.188099995       8.49109529E-06
  0.189199999       9.86688701E-06
  0.190300003       1.14296308E-05
  0.191399992       1.31986217E-05
  0.192499995       1.51938048E-05
  0.193599999       1.74356210E-05
  0.194700003       1.99446004E-05
  0.195800006       2.27411110E-05
  0.196899995       2.58449472E-05
  0.197999999       2.92750665E-05
  0.199100003       3.30494622E-05
  0.200199991       3.71847127E-05
  0.201299995       4.16952353E-05
  0.202399999       4.65929406E-05
  0.203500003       5.18863781E-05
  0.204600006       5.75802405E-05
  0.205699995       6.36738623E-05
  0.206799999       7.01612516E-05
  0.207900003       7.70293191E-05
  0.208999991       8.42573500E-05
  0.210099995       9.18166406E-05
  0.211199999       9.96692324E-05
  0.212300003       1.07767497E-04
  0.213400006       1.16053685E-04
  0.214499995       1.24460319E-04
  0.215599999       1.32907546E-04
  0.216700003       1.41305485E-04
  0.217799991       1.49553060E-04
  0.218899995       1.57538379E-04
  0.219999999       1.65138525E-04
  0.221100003       1.72221175E-04
  0.222200006       1.78644463E-04
  0.223299995       1.84259232E-04
  0.224399999       1.88907943E-04
  0.225500003       1.92430438E-04
  0.226599991       1.94663648E-04
  0.227699995       1.95444110E-04
  0.228799999       1.94612236E-04
  0.229900002       1.92012943E-04
  0.231000006       1.87499740E-04
  0.232099995       1.80937961E-04
  0.233199999       1.72211148E-04
  0.234300002       1.61218821E-04
  0.235399991       1.47881292E-04
  0.236499995       1.32144341E-04
  0.237599999       1.13983428E-04
  0.238700002       9.34032942E-05
  0.239800006       7.04398699E-05
  0.240899995       4.51649830E-05
  0.241999999       1.76893718E-05
  0.243100002      -1.18387998E-05
  0.244199991      -4.32343477E-05
  0.245299995      -7.62756827E-05
  0.246399999      -1.10704525E-04
  0.247500002      -1.46225721E-04
  0.248600006      -1.82512871E-04
  0.249699995      -2.19212336E-04
  0.250800014      -2.55943742E-04
  0.251899987      -2.92308454E-04
  0.252999991      -3.27891437E-04
  0.254099995      -3.62270599E-04
  0.255199999      -3.95021052E-04
  0.256300002      -4.25720034E-04
  0.257400006      -4.53953835E-04
  0.258500010      -4.79326147E-04
  0.259599984      -5.01466740E-04
  0.260699987      -5.20038069E-04
  0.261799991      -5.34738996E-04
  0.262899995      -5.45310671E-04
  0.263999999      -5.51541278E-04
  0.265100002      -5.53271035E-04
  0.266200006      -5.50399069E-04
  0.267300010      -5.42883878E-04
  0.268400013      -5.30739548E-04
  0.269499987      -5.14045008E-04
  0.270599991      -4.92938620E-04
  0.271699995      -4.67618782E-04
  0.272799999      -4.38338291E-04
  0.273900002      -4.05400904E-04
  0.275000006      -3.69160669E-04
  0.276100010      -3.30016454E-04
  0.277199984      -2.88404990E-04
  0.278299987      -2.44788505E-04
  0.279399991      -1.99648755E-04
  0.280499995      -1.53481713E-04
  0.281599998      -1.06795749E-04
  0.282700002      -6.00997337E-05
  0.283800006      -1.38914029E-05
  0.284900010       3.13576857E-05
  0.286000013       7.51939442E-05
  0.287099987       1.17187323E-04
  0.288199991       1.56946320E-04
  0.289299995       1.94120497E-04
  0.290399998       2.28407633E-04
  0.291500002       2.59546359E-04
  0.292600006       2.87328061E-04
  0.293700010       3.11596174E-04
  0.294799984       3.32246826E-04
  0.295899987       3.49227310E-04
  0.296999991       3.62529245E-04
  0.298099995       3.72191134E-04
  0.299199998       3.78304365E-04
  0.300300002       3.81001999E-04
  0.301400006       3.80447629E-04
  0.302500010       3.76829790E-04
  0.303600013       3.70368507E-04
  0.304699987       3.61314625E-04
  0.305799991       3.49937531E-04
  0.306899995       3.36510595E-04
  0.307999998       3.21308267E-04
  0.309100002       3.04612040E-04
  0.310200006       2.86710565E-04
  0.311300009       2.67887983E-04
  0.312399983       2.48411059E-04
  0.313499987       2.28527846E-04
  0.314599991       2.08473706E-04
  0.315699995       1.88471808E-04
  0.316799998       1.68726285E-04
  0.317900002       1.49417450E-04
  0.319000006       1.30703702E-04
  0.320100009       1.12722315E-04
  0.321200013       9.55869109E-05
  0.322299987       7.93867148E-05
  0.323399991       6.41907027E-05
  0.324499995       5.00547612E-05
  0.325599998       3.70199523E-05
  0.326700002       2.51044221E-05
  0.327800006       1.43017869E-05
  0.328900009       4.59005560E-06
  0.329999983      -4.05548235E-06
  0.331099987      -1.16612500E-05
  0.332199991      -1.82647691E-05
  0.333299994      -2.39208402E-05
  0.334399998      -2.86953018E-05
  0.335500002      -3.26530899E-05
  0.336600006      -3.58523394E-05
  0.337700009      -3.83524202E-05
  0.338800013      -4.02171536E-05
  0.339899987      -4.15133436E-05
  0.340999991      -4.23052734E-05
  0.342099994      -4.26549232E-05
  0.343199998      -4.26209481E-05
  0.344300002      -4.22576886E-05
  0.345400006      -4.16129042E-05
  0.346500009      -4.07300286E-05
  0.347599983      -3.96526084E-05
  0.348699987      -3.84251689E-05
  0.349799991      -3.70863891E-05
  0.350899994      -3.56640339E-05
  0.351999998      -3.41790073E-05
  0.353100002      -3.26539121E-05
  0.354200006      -3.11144468E-05
  0.355300009      -2.95831796E-05
  0.356400013      -2.80730037E-05
  0.357499987      -2.65905837E-05
  0.358599991      -2.51445526E-05
  0.359699994      -2.37470031E-05
  0.360799998      -2.24070809E-05
  0.361900002      -2.11265160E-05
  0.363000005      -1.99037204E-05
  0.364100009      -1.87393325E-05
  0.365199983      -1.76368521E-05
  0.366299987      -1.65981764E-05
  0.367399991      -1.56213391E-05
  0.368499994      -1.47034652E-05
  0.369599998      -1.38431469E-05
  0.370700002      -1.30388844E-05
  0.371800005      -1.22867568E-05
  0.372900009      -1.15826588E-05
  0.374000013      -1.09257116E-05
  0.375099987      -1.03163684E-05
  0.376199991      -9.75131206E-06
  0.377299994      -9.22265281E-06
  0.378399998      -8.72424243E-06
  0.379500002      -8.25711504E-06
  0.380600005      -7.82593816E-06
  0.381700009      -7.42989005E-06
  0.382799983      -7.06103401E-06
  0.383899987      -6.71165117E-06
  0.384999990      -6.38094161E-06
  0.386099994      -6.07265110E-06
  0.387199998      -5.78750360E-06
  0.388300002      -5.52139136E-06
  0.389400005      -5.27019392E-06
  0.390500009      -5.03337242E-06
  0.391600013      -4.81132611E-06
  0.392699987      -4.60224146E-06
  0.393799990      -4.40378608E-06
  0.394899994      -4.21661889E-06
  0.395999998      -4.04295361E-06
  0.397100002      -3.88175158E-06
  0.398200005      -3.72806767E-06
  0.399300009      -3.57889121E-06
  0.400399983      -3.43686520E-06
  0.401499987      -3.30579746E-06
  0.402599990      -3.18437469E-06
  0.403699994      -3.06732341E-06
  0.404799998      -2.95250675E-06
  0.405900002      -2.84325370E-06
  0.407000005      -2.74264812E-06
  0.408100009      -2.64832784E-06
  0.409200013      -2.55588452E-06
  0.410299987      -2.46546256E-06
  0.411399990      -2.38131997E-06
  0.412499994      -2.30483670E-06
  0.413599998      -2.23168263E-06
  0.414700001      -2.15771684E-06
  0.415800005      -2.08448296E-06
  0.416900009      -2.01624061E-06
  0.417999983      -1.95327993E-06
  0.419099987      -1.89176399E-06
  0.420199990      -1.82984479E-06
  0.421299994      -1.77041159E-06
  0.422399998      -1.71601289E-06
  0.423500001      -1.66450252E-06
  0.424600005      -1.61241917E-06
  0.425700009      -1.56082660E-06
  0.426800013      -1.51393112E-06
  0.427899987      -1.47225285E-06
  0.428999990      -1.43099442E-06
  0.430099994      -1.38685914E-06
  0.431199998      -1.34291577E-06
  0.432300001      -1.30396393E-06
  0.433400005      -1.26927557E-06
  0.434500009      -1.23390305E-06
  0.435599983      -1.19654680E-06
  0.436699986      -1.16172475E-06
  0.437799990      -1.13275007E-06
  0.438899994      -1.10627536E-06
  0.439999998      -1.07708513E-06
  0.441100001      -1.04584512E-06
  0.442200005      -1.01787793E-06
  0.443300009      -9.94856009E-07
  0.444400012      -9.72105568E-07
  0.445499986      -9.45695035E-07
  0.446599990      -9.18159628E-07
  0.447699994      -8.94445407E-07
  0.448799998      -8.74517184E-07
  0.449900001      -8.54097209E-07
  0.451000005      -8.31796683E-07
  0.452100009      -8.10885410E-07
  0.453199983      -7.93038680E-07
  0.454299986      -7.74517105E-07
  0.455399990      -7.51857385E-07
  0.456499994      -7.28195403E-07
  0.457599998      -7.09616870E-07
  0.458700001      -6.96168513E-07
  0.459800005      -6.81401616E-07
  0.460900009      -6.61722595E-07
  0.462000012      -6.41806253E-07
  0.463099986      -6.27658096E-07
  0.464199990      -6.17704984E-07
  0.465299994      -6.05164416E-07
  0.466399997      -5.87895386E-07
  0.467500001      -5.70912050E-07
  0.468600005      -5.58309409E-07
  0.469700009      -5.47383422E-07
  0.470799983      -5.33834680E-07
  0.471899986      -5.19260823E-07
  0.472999990      -5.08798962E-07
  0.474099994      -5.02723026E-07
  0.475199997      -4.95530287E-07
  0.476300001      -4.84138013E-07
  0.477400005      -4.72355765E-07
  0.478500009      -4.64495230E-07
  0.479600012      -4.58210707E-07
  0.480699986      -4.48191344E-07
  0.481799990      -4.34877677E-07
  0.482899994      -4.24214420E-07
  0.483999997      -4.18423497E-07
  0.485100001      -4.12128827E-07
  0.486200005      -4.00543428E-07
  0.487300009      -3.87328186E-07
  0.488399982      -3.79655546E-07
  0.489499986      -3.77381525E-07
  0.490599990      -3.72806539E-07
  0.491699994      -3.61605487E-07
  0.492799997      -3.48755378E-07
  0.493900001      -3.40883588E-07
  0.495000005      -3.36832699E-07
  0.496100008      -3.30369545E-07
  0.497200012      -3.20012902E-07
  0.498299986      -3.10751915E-07
  0.499399990      -3.05715417E-07
  0.500500023      -3.01541547E-07
  0.501600027      -2.94603240E-07
  0.502699971      -2.87496164E-07
  0.503799975      -2.84801132E-07
  0.504899979      -2.84773449E-07
  0.505999982      -2.80800350E-07
  0.507099986      -2.71256965E-07
  0.508199990      -2.62579448E-07
  0.509299994      -2.60122505E-07
  0.510399997      -2.60390408E-07
  0.511500001      -2.56569848E-07
  0.512600005      -2.48968036E-07
  0.513700008      -2.44321882E-07
  0.514800012      -2.45000564E-07
  0.515900016      -2.44734338E-07
  0.517000020      -2.37778266E-07
  0.518100023      -2.27652635E-07
  0.519199967      -2.22197400E-07
  0.520299971      -2.22272121E-07
  0.521399975      -2.20868969E-07
  0.522499979      -2.13603727E-07
  0.523599982      -2.04690622E-07
  0.524699986      -2.00155597E-07
  0.525799990      -1.99308332E-07
  0.526899993      -1.97054945E-07
  0.527999997      -1.92111173E-07
  0.529100001      -1.87761813E-07
  0.530200005      -1.84975178E-07
  0.531300008      -1.80271925E-07
  0.532400012      -1.72444288E-07
  0.533500016      -1.66688906E-07
  0.534600019      -1.67744020E-07
  0.535700023      -1.71607951E-07
  0.536800027      -1.69574335E-07
  0.537899971      -1.60370377E-07
  0.538999975      -1.52932159E-07
  0.540099978      -1.54779570E-07
  0.541199982      -1.61861053E-07
  0.542299986      -1.63938594E-07
  0.543399990      -1.57709039E-07
  0.544499993      -1.49700256E-07
  0.545599997      -1.46461971E-07
  0.546700001      -1.46960105E-07
  0.547800004      -1.46634591E-07
  0.548900008      -1.44674047E-07
