   0.00000000       0.00000000    
   1.09999999E-03   9.24715359E-36
   2.19999999E-03  -6.31425528E-24
   3.29999998E-03  -3.93513416E-11
   4.39999998E-03  -8.64607899E-11
   5.49999997E-03   2.92044236E-11
   6.59999996E-03   2.94595154E-10
   7.69999996E-03   2.13138174E-10
   8.79999995E-03  -6.41653619E-10
   9.89999995E-03  -1.59508651E-09
   1.09999999E-02  -1.02355868E-09
   1.20999999E-02   1.79086179E-09
   1.31999999E-02   5.14849940E-09
   1.42999999E-02   5.92810334E-09
   1.53999999E-02   2.13577556E-09
   1.64999999E-02  -6.07075057E-09
   1.75999999E-02  -1.78467907E-08
   1.86999999E-02  -3.31543220E-08
   1.97999999E-02  -5.20477776E-08
   2.08999999E-02  -7.29433154E-08
   2.19999999E-02  -9.26344867E-08
   2.30999999E-02  -1.08555021E-07
   2.41999999E-02  -1.21269480E-07
   2.52999999E-02  -1.35424074E-07
   2.63999999E-02  -1.58749913E-07
   2.74999999E-02  -1.99043185E-07
   2.85999998E-02  -2.59872252E-07
   2.96999998E-02  -3.38267711E-07
   3.07999998E-02  -4.28038561E-07
   3.18999998E-02  -5.27119823E-07
   3.29999998E-02  -6.41501174E-07
   3.40999998E-02  -7.80854919E-07
   3.51999998E-02  -9.50975220E-07
   3.62999998E-02  -1.15281364E-06
   3.73999998E-02  -1.38971518E-06
   3.84999998E-02  -1.67350129E-06
   3.95999998E-02  -2.02126193E-06
   4.06999998E-02  -2.44682246E-06
   4.17999998E-02  -2.95728159E-06
   4.28999998E-02  -3.55773341E-06
   4.39999998E-02  -4.25743428E-06
   4.50999998E-02  -5.07146251E-06
   4.61999997E-02  -6.01949569E-06
   4.72999997E-02  -7.12529027E-06
   4.83999997E-02  -8.41576002E-06
   4.94999997E-02  -9.91760771E-06
   5.05999997E-02  -1.16552665E-05
   5.16999997E-02  -1.36548942E-05
   5.27999997E-02  -1.59508527E-05
   5.38999997E-02  -1.85852750E-05
   5.49999997E-02  -2.15995333E-05
   5.60999997E-02  -2.50288158E-05
   5.71999997E-02  -2.89079708E-05
   5.82999997E-02  -3.32809141E-05
   5.93999997E-02  -3.81997852E-05
   6.04999997E-02  -4.37152594E-05
   6.15999997E-02  -4.98721456E-05
   6.27000034E-02  -5.67170136E-05
   6.37999997E-02  -6.43050153E-05
   6.48999959E-02  -7.26929211E-05
   6.59999996E-02  -8.19253182E-05
   6.71000034E-02  -9.20316234E-05
   6.81999996E-02  -1.03038219E-04
   6.92999959E-02  -1.14976785E-04
   7.03999996E-02  -1.27878448E-04
   7.15000033E-02  -1.41759432E-04
   7.25999996E-02  -1.56616792E-04
   7.36999959E-02  -1.72432759E-04
   7.47999996E-02  -1.89178492E-04
   7.59000033E-02  -2.06809375E-04
   7.69999996E-02  -2.25261610E-04
   7.80999959E-02  -2.44454422E-04
   7.91999996E-02  -2.64290196E-04
   8.03000033E-02  -2.84642010E-04
   8.13999996E-02  -3.05344933E-04
   8.24999958E-02  -3.26204667E-04
   8.35999995E-02  -3.47018475E-04
   8.47000033E-02  -3.67572473E-04
   8.57999995E-02  -3.87626933E-04
   8.68999958E-02  -4.06896492E-04
   8.79999995E-02  -4.25058388E-04
   8.91000032E-02  -4.41780663E-04
   9.01999995E-02  -4.56729147E-04
   9.12999958E-02  -4.69562830E-04
   9.23999995E-02  -4.79912414E-04
   9.35000032E-02  -4.87397279E-04
   9.45999995E-02  -4.91636456E-04
   9.56999958E-02  -4.92262945E-04
   9.67999995E-02  -4.88920021E-04
   9.79000032E-02  -4.81264957E-04
   9.89999995E-02  -4.68986487E-04
  0.100099996      -4.51812317E-04
  0.101199999      -4.29505861E-04
  0.102300003      -4.01869271E-04
  0.103399999      -3.68751906E-04
  0.104499996      -3.30075680E-04
  0.105599999      -2.85838993E-04
  0.106700003      -2.36114822E-04
  0.107799999      -1.81031734E-04
  0.108899996      -1.20798970E-04
  0.109999999      -5.57245876E-05
  0.111100003       1.37914576E-05
  0.112199999       8.72777819E-05
  0.113299996       1.64200057E-04
  0.114399999       2.43938528E-04
  0.115500003       3.25790897E-04
  0.116599999       4.08979773E-04
  0.117699996       4.92685533E-04
  0.118799999       5.76062943E-04
  0.119900003       6.58226782E-04
  0.120999999       7.38255854E-04
  0.122099996       8.15209874E-04
  0.123199999       8.88160605E-04
  0.124300003       9.56213800E-04
  0.125400007       1.01850962E-03
  0.126499996       1.07422564E-03
  0.127599999       1.12260645E-03
  0.128700003       1.16297870E-03
  0.129799992       1.19475659E-03
  0.130899996       1.21743954E-03
  0.131999999       1.23063673E-03
  0.133100003       1.23408763E-03
  0.134200007       1.22766895E-03
  0.135299996       1.21137081E-03
  0.136399999       1.18529110E-03
  0.137500003       1.14964985E-03
  0.138599992       1.10481388E-03
  0.139699996       1.05128100E-03
  0.140799999       9.89646651E-04
  0.141900003       9.20594612E-04
  0.143000007       8.44903814E-04
  0.144099995       7.63433054E-04
  0.145199999       6.77121163E-04
  0.146300003       5.86944458E-04
  0.147399992       4.93903004E-04
  0.148499995       3.99013021E-04
  0.149599999       3.03317385E-04
  0.150700003       2.07836449E-04
  0.151800007       1.13564951E-04
  0.152899995       2.14252614E-05
  0.153999999      -6.77007629E-05
  0.155100003      -1.52981782E-04
  0.156199992      -2.33662126E-04
  0.157299995      -3.09082476E-04
  0.158399999      -3.78690835E-04
  0.159500003      -4.42030461E-04
  0.160600007      -4.98715846E-04
  0.161699995      -5.48488926E-04
  0.162799999      -5.91188902E-04
  0.163900003      -6.26760186E-04
  0.164999992      -6.55219308E-04
  0.166099995      -6.76663767E-04
  0.167199999      -6.91296591E-04
  0.168300003      -6.99411903E-04
  0.169400007      -7.01352779E-04
  0.170499995      -6.97498035E-04
  0.171599999      -6.88276778E-04
  0.172700003      -6.74171490E-04
  0.173799992      -6.55706041E-04
  0.174899995      -6.33406220E-04
  0.175999999      -6.07786002E-04
  0.177100003      -5.79367450E-04
  0.178200006      -5.48687472E-04
  0.179299995      -5.16272499E-04
  0.180399999      -4.82608826E-04
  0.181500003      -4.48141131E-04
  0.182599992      -4.13294067E-04
  0.183699995      -3.78477271E-04
  0.184799999      -3.44062661E-04
  0.185900003      -3.10360687E-04
  0.187000006      -2.77637504E-04
  0.188099995      -2.46130017E-04
  0.189199999      -2.16050452E-04
  0.190300003      -1.87562633E-04
  0.191399992      -1.60778669E-04
  0.192499995      -1.35781796E-04
  0.193599999      -1.12638896E-04
  0.194700003      -9.13852709E-05
  0.195800006      -7.20141761E-05
  0.196899995      -5.44838731E-05
  0.197999999      -3.87455948E-05
  0.199100003      -2.47575535E-05
  0.200199991      -1.24577837E-05
  0.201299995      -1.75052219E-06
  0.202399999       7.48183629E-06
  0.203500003       1.53462443E-05
  0.204600006       2.19313151E-05
  0.205699995       2.73331261E-05
  0.206799999       3.16687983E-05
  0.207900003       3.50569826E-05
  0.208999991       3.76013013E-05
  0.210099995       3.93898008E-05
  0.211199999       4.05152205E-05
  0.212300003       4.10748798E-05
  0.213400006       4.11560759E-05
  0.214499995       4.08252563E-05
  0.215599999       4.01422985E-05
  0.216700003       3.91772628E-05
  0.217799991       3.80013225E-05
  0.218899995       3.66663189E-05
  0.219999999       3.52014613E-05
  0.221100003       3.36353733E-05
  0.222200006       3.20102408E-05
  0.223299995       3.03699635E-05
  0.224399999       2.87368475E-05
  0.225500003       2.71159406E-05
  0.226599991       2.55163814E-05
  0.227699995       2.39605506E-05
  0.228799999       2.24675769E-05
  0.229900002       2.10385224E-05
  0.231000006       1.96684377E-05
  0.232099995       1.83637821E-05
  0.233199999       1.71380707E-05
  0.234300002       1.59943047E-05
  0.235399991       1.49195284E-05
  0.236499995       1.39023887E-05
  0.237599999       1.29479085E-05
  0.238700002       1.20679715E-05
  0.239800006       1.12600746E-05
  0.240899995       1.05075269E-05
  0.241999999       9.79915876E-06
  0.243100002       9.13990880E-06
  0.244199991       8.53770143E-06
  0.245299995       7.98750261E-06
  0.246399999       7.47623426E-06
  0.247500002       6.99865541E-06
  0.248600006       6.55964004E-06
  0.249699995       6.16001171E-06
  0.250800014       5.78981326E-06
  0.251899987       5.43981105E-06
  0.252999991       5.11327653E-06
  0.254099995       4.81866209E-06
  0.255199999       4.55343434E-06
  0.256300002       4.30384353E-06
  0.257400006       4.06219715E-06
  0.258500010       3.83550150E-06
  0.259599984       3.63355184E-06
  0.260699987       3.45311673E-06
  0.261799991       3.28109877E-06
  0.262899995       3.11211829E-06
  0.263999999       2.95310565E-06
  0.265100002       2.81042526E-06
  0.266200006       2.67912901E-06
  0.267300010       2.55010741E-06
  0.268400013       2.42394685E-06
  0.269499987       2.30887736E-06
  0.270599991       2.20731454E-06
  0.271699995       2.11134648E-06
  0.272799999       2.01430498E-06
  0.273900002       1.91988397E-06
  0.275000006       1.83582131E-06
  0.276100010       1.76129151E-06
  0.277199984       1.68760084E-06
  0.278299987       1.61113906E-06
  0.279399991       1.53843382E-06
  0.280499995       1.47580397E-06
  0.281599998       1.41974726E-06
  0.282700002       1.36214180E-06
  0.283800006       1.30260082E-06
  0.284900010       1.24847804E-06
  0.286000013       1.20344157E-06
  0.287099987       1.16200977E-06
  0.288199991       1.11806480E-06
  0.289299995       1.07366941E-06
  0.290399998       1.03486559E-06
  0.291500002       1.00155933E-06
  0.292600006       9.66905645E-07
  0.293700010       9.28216537E-07
  0.294799984       8.91441800E-07
  0.295899987       8.62533000E-07
  0.296999991       8.38129608E-07
  0.298099995       8.09978587E-07
  0.299199998       7.76817217E-07
  0.300300002       7.46287242E-07
  0.301400006       7.24056065E-07
  0.302500010       7.05784316E-07
  0.303600013       6.83425981E-07
  0.304699987       6.55725273E-07
  0.305799991       6.28474027E-07
  0.306899995       6.05545210E-07
  0.307999998       5.85259329E-07
  0.309100002       5.65486459E-07
  0.310200006       5.47748130E-07
  0.311300009       5.33197522E-07
  0.312399983       5.18077400E-07
  0.313499987       4.97837391E-07
  0.314599991       4.74801737E-07
  0.315699995       4.56804656E-07
  0.316799998       4.47072779E-07
  0.317900002       4.39433705E-07
  0.319000006       4.26200586E-07
  0.320100009       4.08197309E-07
  0.321200013       3.92715151E-07
  0.322299987       3.83543096E-07
  0.323399991       3.77035121E-07
  0.324499995       3.68631305E-07
  0.325599998       3.59008908E-07
  0.326700002       3.50798501E-07
  0.327800006       3.42802650E-07
  0.328900009       3.31558994E-07
  0.329999983       3.17950594E-07
  0.331099987       3.07497288E-07
  0.332199991       3.02916106E-07
  0.333299994       2.99568541E-07
  0.334399998       2.91357225E-07
  0.335500002       2.78607985E-07
  0.336600006       2.67112682E-07
  0.337700009       2.60444921E-07
  0.338800013       2.56307032E-07
  0.339899987       2.51162476E-07
  0.340999991       2.44600699E-07
  0.342099994       2.37221187E-07
  0.343199998       2.27614677E-07
  0.344300002       2.14955548E-07
  0.345400006       2.03385184E-07
  0.346500009       1.98921882E-07
  0.347599983       2.01163019E-07
  0.348699987       2.01693723E-07
  0.349799991       1.93585720E-07
  0.350899994       1.80379544E-07
  0.351999998       1.71955861E-07
  0.353100002       1.72470664E-07
  0.354200006       1.76064177E-07
  0.355300009       1.74938748E-07
  0.356400013       1.68165002E-07
  0.357499987       1.60498530E-07
  0.358599991       1.55293066E-07
  0.359699994       1.52199803E-07
  0.360799998       1.50723807E-07
  0.361900002       1.51373285E-07
  0.363000005       1.52488113E-07
  0.364100009       1.49746725E-07
  0.365199983       1.41753532E-07
  0.366299987       1.33628745E-07
  0.367399991       1.31392923E-07
  0.368499994       1.33672458E-07
  0.369599998       1.32920121E-07
  0.370700002       1.25467778E-07
  0.371800005       1.16695730E-07
  0.372900009       1.13556560E-07
  0.374000013       1.15214014E-07
  0.375099987       1.14801630E-07
  0.376199991       1.09344931E-07
  0.377299994       1.03137673E-07
  0.378399998       1.00461634E-07
  0.379500002       9.91366491E-08
  0.380600005       9.47290033E-08
  0.381700009       8.81455549E-08
  0.382799983       8.48350652E-08
  0.383899987       8.65057643E-08
  0.384999990       8.84016345E-08
  0.386099994       8.63304805E-08
  0.387199998       8.26411792E-08
  0.388300002       8.20102528E-08
  0.389400005       8.38977314E-08
  0.390500009       8.34495921E-08
  0.391600013       7.94914001E-08
  0.392699987       7.67584183E-08
  0.393799990       7.84198377E-08
  0.394899994       8.05969549E-08
  0.395999998       7.79394753E-08
  0.397100002       7.21750411E-08
  0.398200005       7.02151510E-08
  0.399300009       7.38488311E-08
  0.400399983       7.64599548E-08
  0.401499987       7.23304581E-08
  0.402599990       6.51377192E-08
  0.403699994       6.28623624E-08
  0.404799998       6.62702107E-08
  0.405900002       6.78069085E-08
  0.407000005       6.24895051E-08
  0.408100009       5.48735812E-08
  0.409200013       5.21703996E-08
  0.410299987       5.41514815E-08
  0.411399990       5.45144054E-08
  0.412499994       5.07376789E-08
  0.413599998       4.71302748E-08
  0.414700001       4.71168100E-08
  0.415800005       4.76077773E-08
  0.416900009       4.45050219E-08
  0.417999983       4.03609519E-08
  0.419099987       4.12148466E-08
  0.420199990       4.67763996E-08
  0.421299994       4.94471273E-08
  0.422399998       4.49820803E-08
  0.423500001       3.92249326E-08
  0.424600005       4.02828064E-08
  0.425700009       4.68006824E-08
  0.426800013       4.96511063E-08
  0.427899987       4.48202613E-08
  0.428999990       3.89262453E-08
  0.430099994       3.93993318E-08
  0.431199998       4.40546764E-08
  0.432300001       4.51315323E-08
  0.433400005       4.12024797E-08
  0.434500009       3.88092474E-08
  0.435599983       4.16605559E-08
  0.436699986       4.43304025E-08
  0.437799990       4.03183478E-08
  0.438899994       3.23611253E-08
  0.439999998       2.90899358E-08
  0.441100001       3.26737215E-08
  0.442200005       3.58861882E-08
  0.443300009       3.27869678E-08
  0.444400012       2.69139235E-08
  0.445499986       2.50692711E-08
  0.446599990       2.68459317E-08
  0.447699994       2.62119144E-08
  0.448799998       2.21618883E-08
  0.449900001       2.11124060E-08
  0.451000005       2.64000004E-08
  0.452100009       3.12632977E-08
  0.453199983       2.76417644E-08
  0.454299986       1.88010709E-08
  0.455399990       1.64402856E-08
  0.456499994       2.47791956E-08
  0.457599998       3.40146045E-08
  0.458700001       3.30540857E-08
  0.459800005       2.40895481E-08
  0.460900009       1.89059310E-08
  0.462000012       2.29338806E-08
  0.463099986       2.95305682E-08
  0.464199990       3.09171497E-08
  0.465299994       2.83113231E-08
  0.466399997       2.72757461E-08
  0.467500001       2.76841483E-08
  0.468600005       2.49999541E-08
  0.469700009       1.99469152E-08
  0.470799983       1.94413783E-08
  0.471899986       2.55957779E-08
  0.472999990       3.00089518E-08
  0.474099994       2.43236613E-08
  0.475199997       1.29269226E-08
  0.476300001       8.34442915E-09
  0.477400005       1.44265320E-08
  0.478500009       2.11411049E-08
  0.479600012       1.87900326E-08
  0.480699986       1.13122995E-08
  0.481799990       9.64381019E-09
  0.482899994       1.53681743E-08
  0.483999997       1.88210496E-08
  0.485100001       1.40441783E-08
  0.486200005       7.93900767E-09
  0.487300009       9.96412997E-09
  0.488399982       1.79855899E-08
  0.489499986       2.13741149E-08
  0.490599990       1.64697571E-08
  0.491699994       1.13618590E-08
  0.492799997       1.35205402E-08
  0.493900001       1.93672047E-08
  0.495000005       2.08681374E-08
  0.496100008       1.78636217E-08
  0.497200012       1.69371006E-08
  0.498299986       1.95799057E-08
  0.499399990       1.95321093E-08
  0.500500023       1.40822589E-08
  0.501600027       1.07449507E-08
  0.502699971       1.66831189E-08
  0.503799975       2.58317705E-08
  0.504899979       2.48085552E-08
  0.505999982       1.16463061E-08
  0.507099986       4.30919522E-10
  0.508199990       3.49989637E-09
  0.509299994       1.51220299E-08
  0.510399997       1.94861940E-08
  0.511500001       1.17124230E-08
  0.512600005       2.80472956E-09
  0.513700008       3.16246762E-09
  0.514800012       9.27050881E-09
  0.515900016       1.12775291E-08
  0.517000020       7.86913734E-09
  0.518100023       6.07581052E-09
  0.519199967       8.54840909E-09
  0.520299971       9.64127178E-09
  0.521399975       6.02028960E-09
  0.522499979       3.58499830E-09
  0.523599982       8.47666293E-09
  0.524699986       1.61012004E-08
  0.525799990       1.66059646E-08
  0.526899993       9.79050441E-09
  0.527999997       6.32935082E-09
  0.529100001       1.21580230E-08
  0.530200005       1.90728233E-08
  0.531300008       1.65607084E-08
  0.532400012       7.88370791E-09
  0.533500016       6.01929662E-09
  0.534600019       1.45484993E-08
  0.535700023       2.15658424E-08
  0.536800027       1.62299028E-08
  0.537899971       4.29650138E-09
  0.538999975       2.45372445E-10
  0.540099978       7.45422302E-09
  0.541199982       1.45958525E-08
  0.542299986       1.21026122E-08
  0.543399990       4.22100221E-09
  0.544499993       7.15807635E-10
  0.545599997       2.83684964E-09
  0.546700001       4.33524416E-09
  0.547800004       3.20695070E-09
  0.548900008       4.06558831E-09
