   0.00000000       0.00000000    
   1.09999999E-03   0.00000000    
   2.19999999E-03   0.00000000    
   3.29999998E-03   0.00000000    
   4.39999998E-03   0.00000000    
   5.49999997E-03   0.00000000    
   6.59999996E-03   0.00000000    
   7.69999996E-03   0.00000000    
   8.79999995E-03   0.00000000    
   9.89999995E-03   0.00000000    
   1.09999999E-02   0.00000000    
   1.20999999E-02   0.00000000    
   1.31999999E-02   0.00000000    
   1.42999999E-02   0.00000000    
   1.53999999E-02   0.00000000    
   1.64999999E-02   0.00000000    
   1.75999999E-02   0.00000000    
   1.86999999E-02   0.00000000    
   1.97999999E-02   0.00000000    
   2.08999999E-02   0.00000000    
   2.19999999E-02   0.00000000    
   2.30999999E-02   0.00000000    
   2.41999999E-02   0.00000000    
   2.52999999E-02   0.00000000    
   2.63999999E-02   0.00000000    
   2.74999999E-02   0.00000000    
   2.85999998E-02   0.00000000    
   2.96999998E-02   0.00000000    
   3.07999998E-02   0.00000000    
   3.18999998E-02   0.00000000    
   3.29999998E-02   0.00000000    
   3.40999998E-02   0.00000000    
   3.51999998E-02   0.00000000    
   3.62999998E-02   0.00000000    
   3.73999998E-02   0.00000000    
   3.84999998E-02   0.00000000    
   3.95999998E-02   0.00000000    
   4.06999998E-02   0.00000000    
   4.17999998E-02   0.00000000    
   4.28999998E-02   0.00000000    
   4.39999998E-02   0.00000000    
   4.50999998E-02   0.00000000    
   4.61999997E-02   0.00000000    
   4.72999997E-02   0.00000000    
   4.83999997E-02   0.00000000    
   4.94999997E-02   0.00000000    
   5.05999997E-02   0.00000000    
   5.16999997E-02   0.00000000    
   5.27999997E-02   0.00000000    
   5.38999997E-02   0.00000000    
   5.49999997E-02   0.00000000    
   5.60999997E-02   0.00000000    
   5.71999997E-02   0.00000000    
   5.82999997E-02   0.00000000    
   5.93999997E-02   0.00000000    
   6.04999997E-02   0.00000000    
   6.15999997E-02   0.00000000    
   6.27000034E-02   0.00000000    
   6.37999997E-02   0.00000000    
   6.48999959E-02   0.00000000    
   6.59999996E-02   0.00000000    
   6.71000034E-02   0.00000000    
   6.81999996E-02   0.00000000    
   6.92999959E-02   0.00000000    
   7.03999996E-02   0.00000000    
   7.15000033E-02   0.00000000    
   7.25999996E-02   0.00000000    
   7.36999959E-02   0.00000000    
   7.47999996E-02   0.00000000    
   7.59000033E-02   0.00000000    
   7.69999996E-02   0.00000000    
   7.80999959E-02   0.00000000    
   7.91999996E-02   0.00000000    
   8.03000033E-02   0.00000000    
   8.13999996E-02   0.00000000    
   8.24999958E-02   0.00000000    
   8.35999995E-02   0.00000000    
   8.47000033E-02   0.00000000    
   8.57999995E-02   0.00000000    
   8.68999958E-02   0.00000000    
   8.79999995E-02   0.00000000    
   8.91000032E-02   0.00000000    
   9.01999995E-02   0.00000000    
   9.12999958E-02   0.00000000    
   9.23999995E-02   0.00000000    
   9.35000032E-02   0.00000000    
   9.45999995E-02   0.00000000    
   9.56999958E-02   0.00000000    
   9.67999995E-02   0.00000000    
   9.79000032E-02   0.00000000    
   9.89999995E-02   0.00000000    
  0.100099996       0.00000000    
  0.101199999       0.00000000    
  0.102300003       0.00000000    
  0.103399999       0.00000000    
  0.104499996       0.00000000    
  0.105599999       0.00000000    
  0.106700003       0.00000000    
  0.107799999       0.00000000    
  0.108899996       0.00000000    
  0.109999999       0.00000000    
  0.111100003       0.00000000    
  0.112199999       0.00000000    
  0.113299996       0.00000000    
  0.114399999       0.00000000    
  0.115500003       0.00000000    
  0.116599999       0.00000000    
  0.117699996       0.00000000    
  0.118799999       0.00000000    
  0.119900003       0.00000000    
  0.120999999       0.00000000    
  0.122099996       0.00000000    
  0.123199999       0.00000000    
  0.124300003       0.00000000    
  0.125400007       0.00000000    
  0.126499996       0.00000000    
  0.127599999       0.00000000    
  0.128700003       0.00000000    
  0.129799992       0.00000000    
  0.130899996      -0.00000000    
  0.131999999       0.00000000    
  0.133100003       0.00000000    
  0.134200007       0.00000000    
  0.135299996       0.00000000    
  0.136399999       1.40129846E-45
  0.137500003       1.40129846E-45
  0.138599992       1.40129846E-45
  0.139699996      -1.40129846E-45
  0.140799999      -7.00649232E-45
  0.141900003      -9.80908925E-45
  0.143000007      -5.60519386E-45
  0.144099995       1.26116862E-44
  0.145199999       4.48415509E-44
  0.146300003       6.16571324E-44
  0.147399992       1.40129846E-44
  0.148499995      -1.24715563E-43
  0.149599999      -2.90068782E-43
  0.150700003      -2.98476573E-43
  0.151800007       8.82818033E-44
  0.152899995       9.10844002E-43
  0.153999999       1.68155816E-42
  0.155100003       1.30040497E-42
  0.156199992      -1.33123354E-42
  0.157299995      -5.85182239E-42
  0.158399999      -8.96831017E-42
  0.159500003      -4.78683555E-42
  0.160600007       1.10842709E-41
  0.161699995       3.40165202E-41
  0.162799999       4.45402717E-41
  0.163900003       1.35939964E-41
  0.164999992      -7.38190018E-41
  0.166099995      -1.82760148E-40
  0.167199999      -2.08790669E-40
  0.168300003      -1.79800606E-41
  0.169400007       4.29823081E-40
  0.170499995       9.21150552E-40
  0.171599999       9.36560631E-40
  0.172700003      -1.08709932E-40
  0.173799992      -2.27066683E-39
  0.174899995      -4.40339685E-39
  0.175999999      -4.07760337E-39
  0.177100003       1.15832172E-39
  0.178200006       1.10915632E-38
  0.179299995       2.01283422E-38
  0.180399999       1.74749401E-38
  0.181500003      -6.87811236E-39
  0.182599992      -5.06264192E-38
  0.183699995      -8.84940439E-38
  0.184799999      -7.45622673E-38
  0.185900003       3.14969520E-38
  0.187000006       2.17076423E-37
  0.188099995       3.75422253E-37
  0.189199999       3.18524311E-37
  0.190300003      -1.15480031E-37
  0.191399992      -8.75250483E-37
  0.192499995      -1.53756799E-36
  0.193599999      -1.35981312E-36
  0.194700003       3.07360514E-37
  0.195800006       3.30702420E-36
  0.196899995       6.06496612E-36
  0.197999999       5.75291556E-36
  0.199100003      -2.23118486E-37
  0.200199991      -1.16015251E-35
  0.201299995      -2.29190318E-35
  0.202399999      -2.38267238E-35
  0.203500003      -4.10341265E-36
  0.204600006       3.70813079E-35
  0.205699995       8.22672706E-35
  0.206799999       9.53188624E-35
  0.207900003       3.70042838E-35
  0.208999991      -1.03753402E-34
  0.210099995      -2.76934347E-34
  0.211199999      -3.63396433E-34
  0.212300003      -2.18429052E-34
  0.213400006       2.28627452E-34
  0.214499995       8.57053666E-34
  0.215599999       1.30185788E-33
  0.216700003       1.05731419E-33
  0.217799991      -2.27783255E-34
  0.218899995      -2.35388813E-33
  0.219999999      -4.30962310E-33
  0.221100003      -4.44709239E-33
  0.222200006      -1.27411677E-33
  0.223299995       5.29787590E-33
  0.224399999       1.28660590E-32
  0.225500003       1.65289963E-32
  0.226599991       1.07123447E-32
  0.227699995      -7.24568473E-33
  0.228799999      -3.31349523E-32
  0.229900002      -5.41044844E-32
  0.231000006      -5.17840761E-32
  0.232099995      -1.13476061E-32
  0.233199999       6.58325326E-32
  0.234300002       1.52218607E-31
  0.235399991       1.95262907E-31
  0.236499995       1.36027983E-31
  0.237599999      -5.58891728E-32
  0.238700002      -3.43584727E-31
  0.239800006      -6.02822326E-31
  0.240899995      -6.45311510E-31
  0.241999999      -2.97626447E-31
  0.243100002       4.79041690E-31
  0.244199991       1.47738500E-30
  0.245299995       2.21467556E-30
  0.246399999       2.05472350E-30
  0.247500002       5.00952481E-31
  0.248600006      -2.41005137E-30
  0.249699995      -5.78825305E-30
  0.250800014      -7.87992582E-30
  0.251899987      -6.56663569E-30
  0.252999991      -3.96248284E-31
  0.254099995       1.01278050E-29
  0.255199999       2.15916277E-29
  0.256300002       2.78142983E-29
  0.257400006       2.16917324E-29
  0.258500010      -1.26178260E-30
  0.259599984      -3.86484517E-29
  0.260699987      -7.81833548E-29
  0.261799991      -9.84432591E-29
  0.262899995      -7.52735094E-29
  0.263999999       6.24873199E-30
  0.265100002       1.37558174E-28
  0.266200006       2.76581909E-28
  0.267300010       3.50119908E-28
  0.268400013       2.74932663E-28
  0.269499987      -2.56627344E-30
  0.270599991      -4.58295012E-28
  0.271699995      -9.55155423E-28
  0.272799999      -1.24716588E-27
  0.273900002      -1.04485522E-27
  0.275000006      -1.44126666E-28
  0.276100010       1.41151097E-27
  0.277199984       3.20102672E-27
  0.278299987       4.41618664E-27
  0.279399991       4.04958279E-27
  0.280499995       1.30122269E-27
  0.281599998      -3.87611158E-27
  0.282700002      -1.02912336E-26
  0.283800006      -1.53740131E-26
  0.284900010      -1.56579168E-26
  0.286000013      -8.01135781E-27
  0.287099987       8.56069081E-27
  0.288199991       3.11150807E-26
  0.289299995       5.18737552E-26
  0.290399998       5.92155727E-26
  0.291500002       4.11787550E-26
  0.292600006      -8.78083462E-27
  0.293700010      -8.52883192E-26
  0.294799984      -1.66559660E-25
  0.295899987      -2.15295401E-25
  0.296999991      -1.87670983E-25
  0.298099995      -5.07978413E-26
  0.299199998       1.94827579E-25
  0.300300002       4.95756480E-25
  0.301400006       7.39917657E-25
  0.302500010       7.75585066E-25
  0.303600013       4.60236539E-25
  0.304699987      -2.66481158E-25
  0.305799991      -1.30603318E-24
  0.306899995      -2.35418774E-24
  0.307999998      -2.92300516E-24
  0.309100002      -2.46078494E-24
  0.310200006      -5.70610161E-25
  0.311300009       2.71663166E-24
  0.312399983       6.70841318E-24
  0.313499987       9.98448942E-24
  0.314599991       1.06233145E-23
  0.315699995       6.78410123E-24
  0.316799998      -2.41627228E-24
  0.317900002      -1.59573987E-23
  0.319000006      -3.02823380E-23
  0.320100009      -3.94329605E-23
  0.321200013      -3.63227438E-23
  0.322299987      -1.52225148E-23
  0.323399991       2.49528159E-23
  0.324499995       7.75412909E-23
  0.325599998       1.26660744E-22
  0.326700002       1.48899629E-22
  0.327800006       1.19190685E-22
  0.328900009       2.06540446E-23
  0.329999983      -1.43599254E-22
  0.331099987      -3.40632184E-22
  0.332199991      -5.05036628E-22
  0.333299994      -5.48507988E-22
  0.334399998      -3.84270732E-22
  0.335500002       3.57601251E-23
  0.336600006       6.79590518E-22
  0.337700009       1.40433750E-21
  0.338800013       1.95434223E-21
  0.339899987       2.00450116E-21
  0.340999991       1.25539764E-21
  0.342099994      -4.30654743E-22
  0.343199998      -2.88577244E-21
  0.344300002      -5.53852148E-21
  0.345400006      -7.42527805E-21
  0.346500009      -7.36429691E-21
  0.347599983      -4.30929111E-21
  0.348699987       2.16255244E-21
  0.349799991       1.13493873E-20
  0.350899994       2.10994662E-20
  0.351999998       2.78805620E-20
  0.353100002       2.74225624E-20
  0.354200006       1.59831457E-20
  0.355300009      -7.92704952E-21
  0.356400013      -4.17825019E-20
  0.357499987      -7.78960442E-20
  0.358599991      -1.03638461E-19
  0.359699994      -1.03642273E-19
  0.360799998      -6.41761551E-20
  0.361900002       2.08399738E-20
  0.363000005       1.43583988E-19
  0.364100009       2.78042546E-19
  0.365199983       3.80259167E-19
  0.366299987       3.95316620E-19
  0.367399991       2.71885375E-19
  0.368499994      -1.71610121E-20
  0.369599998      -4.52499797E-19
  0.370700002      -9.51690423E-19
  0.371800005      -1.36684110E-18
  0.372900009      -1.50454341E-18
  0.374000013      -1.17200067E-18
  0.375099987      -2.45909345E-19
  0.376199991       1.24896611E-18
  0.377299994       3.07437205E-18
  0.378399998       4.75549443E-18
  0.379500002       5.62890038E-18
  0.380600005       4.97937086E-18
  0.381700009       2.26150952E-18
  0.382799983      -2.62881266E-18
  0.383899987      -9.10178344E-18
  0.384999990      -1.57343335E-17
  0.386099994      -2.03453228E-17
  0.387199998      -2.03620484E-17
  0.388300002      -1.34938494E-17
  0.389400005       1.36611794E-18
  0.390500009       2.32016783E-17
  0.391600013       4.81885547E-17
  0.392699987       6.96067324E-17
  0.393799990       7.86573191E-17
  0.394899994       6.63390249E-17
  0.395999998       2.62698947E-17
  0.397100002      -4.20162885E-17
  0.398200005      -1.30131895E-16
  0.399300009      -2.19354455E-16
  0.400399983      -2.81733958E-16
  0.401499987      -2.84616835E-16
  0.402599990      -1.98719197E-16
  0.403699994      -8.83731063E-18
  0.404799998       2.74932283E-16
  0.405900002       6.08689893E-16
  0.407000005       9.12756139E-16
  0.408100009       1.07972380E-15
  0.409200013       9.94527430E-16
  0.410299987       5.65777457E-16
  0.411399990      -2.36081026E-16
  0.412499994      -1.34217834E-15
  0.413599998      -2.56169995E-15
  0.414700001      -3.58402298E-15
  0.415800005      -4.01692585E-15
  0.416900009      -3.46521772E-15
  0.417999983      -1.64424352E-15
  0.419099987       1.48948933E-15
  0.420199990       5.62073488E-15
  0.421299994       1.00099304E-14
  0.422399998       1.35197707E-14
  0.423500001       1.47650040E-14
  0.424600005       1.23945696E-14
  0.425700009       5.48243684E-15
  0.426800013      -6.03603640E-15
  0.427899987      -2.09831288E-14
  0.428999990      -3.67394171E-14
  0.430099994      -4.93532285E-14
  0.431199998      -5.40530687E-14
  0.432300001      -4.61875919E-14
  0.433400005      -2.25126907E-14
  0.434500009       1.73760271E-14
  0.435599983       6.97833379E-14
  0.436699986       1.26221150E-13
  0.437799990       1.73680840E-13
  0.438899994       1.96171828E-13
  0.439999998       1.77618310E-13
  0.441100001       1.05898133E-13
  0.442200005      -2.25593097E-14
  0.443300009      -1.98551014E-13
  0.444400012      -3.97436153E-13
  0.445499986      -5.79259459E-13
  0.446599990      -6.92648738E-13
  0.447699994      -6.82913741E-13
  0.448799998      -5.03922587E-13
  0.449900001      -1.32277503E-13
  0.451000005       4.18735305E-13
  0.452100009       1.08876168E-12
  0.453199983       1.76721224E-12
  0.454299986       2.30051872E-12
  0.455399990       2.51172043E-12
  0.456499994       2.23210838E-12
  0.457599998       1.34190380E-12
  0.458700001      -1.86120189E-13
  0.459800005      -2.24866046E-12
  0.460900009      -4.58965548E-12
  0.462000012      -6.80365660E-12
  0.463099986      -8.37215453E-12
  0.464199990      -8.73541777E-12
  0.465299994      -7.39574200E-12
  0.466399997      -4.04026335E-12
  0.467500001       1.33612088E-12
  0.468600005       8.33257508E-12
  0.469700009       1.60958503E-11
  0.470799983       2.33494994E-11
  0.471899986       2.85140592E-11
  0.472999990       2.99201254E-11
  0.474099994       2.60983353E-11
  0.475199997       1.61111159E-11
  0.476300001      -1.24767506E-13
  0.477400005      -2.15875859E-11
  0.478500009      -4.60353110E-11
  0.479600012      -7.00789218E-11
  0.480699986      -8.94750454E-11
  0.481799990      -9.96355776E-11
  0.482899994      -9.63121943E-11
  0.483999997      -7.63730468E-11
  0.485100001      -3.85557003E-11
  0.486200005       1.59367450E-11
  0.487300009       8.31312796E-11
  0.488399982       1.56376717E-10
  0.489499986       2.26890631E-10
  0.490599990       2.84751334E-10
  0.491699994       3.20249688E-10
  0.492799997       3.25436206E-10
  0.493900001       2.95646785E-10
  0.495000005       2.30757857E-10
  0.496100008       1.35933320E-10
  0.497200012       2.16806833E-11
  0.498299986      -9.68837094E-11
  0.499399990      -2.01538827E-10
  0.500500023      -2.73085249E-10
  0.501600027      -2.93829600E-10
  0.502699971      -2.50061721E-10
  0.503799975      -1.34152162E-10
  0.504899979       5.40924874E-11
  0.505999982       3.07067399E-10
  0.507099986       6.10154038E-10
  0.508199990       9.43626399E-10
  0.509299994       1.28539890E-09
  0.510399997       1.61426883E-09
  0.511500001       1.91318250E-09
  0.512600005       2.17203588E-09
  0.513700008       2.38949704E-09
  0.514800012       2.57374122E-09
  0.515900016       2.74144196E-09
  0.517000020       2.91593460E-09
  0.518100023       3.12402126E-09
  0.519199967       3.39267192E-09
  0.520299971       3.74509312E-09
  0.521399975       4.19779145E-09
  0.522499979       4.75816142E-09
  0.523599982       5.42387779E-09
  0.524699986       6.18260199E-09
  0.525799990       7.01352798E-09
  0.526899993       7.88929544E-09
  0.527999997       8.77814976E-09
  0.529100001       9.64503855E-09
  0.530200005       1.04554827E-08
  0.531300008       1.11747394E-08
  0.532400012       1.17675016E-08
  0.533500016       1.21967663E-08
  0.534600019       1.24251391E-08
  0.535700023       1.24124471E-08
  0.536800027       1.21134294E-08
  0.537899971       1.14858150E-08
  0.538999975       1.04749640E-08
  0.540099978       9.03297348E-09
  0.541199982       7.10531500E-09
  0.542299986       4.63922811E-09
  0.543399990       1.57886071E-09
  0.544499993      -2.11066675E-09
  0.545599997      -6.46423448E-09
  0.546700001      -1.15306289E-08
  0.547800004      -1.73440675E-08
  0.548900008      -2.39239792E-08
