         160
          40           2          41          82
          80           2          82         123
         120           2         123         164
         160           2         164         205
         200           2         205         246
         240           2         246         287
         280           2         287         328
         320           2         328         369
         360           2         369         410
         361           2         412         411
         362           2         413         412
         363           2         414         413
         364           2         415         414
         365           2         416         415
         366           2         417         416
         367           2         418         417
         368           2         419         418
         369           2         420         419
         370           2         421         420
         371           2         422         421
         372           2         423         422
         373           2         424         423
         374           2         425         424
         375           2         426         425
         376           2         427         426
         377           2         428         427
         378           2         429         428
         379           2         430         429
         380           2         431         430
         381           2         432         431
         382           2         433         432
         383           2         434         433
         384           2         435         434
         385           2         436         435
         386           2         437         436
         387           2         438         437
         388           2         439         438
         389           2         440         439
         390           2         441         440
         391           2         442         441
         392           2         443         442
         393           2         444         443
         394           2         445         444
         395           2         446         445
         396           2         447         446
         397           2         448         447
         398           2         449         448
         399           2         450         449
         400           2         410         451
         400           2         451         450
        1181           2        1272          41
        1182           2        1273        1272
        1183           2        1274        1273
        1184           2        1275        1274
        1185           2        1276        1275
        1186           2        1277        1276
        1187           2        1278        1277
        1188           2        1279        1278
        1189           2        1280        1279
        1190           2        1281        1280
        1191           2        1282        1281
        1192           2        1283        1282
        1193           2        1284        1283
        1194           2        1285        1284
        1195           2        1286        1285
        1196           2        1287        1286
        1197           2        1288        1287
        1198           2        1289        1288
        1199           2        1290        1289
        1200           2        1291        1290
        1781           2        1893        1892
        1782           2        1894        1893
        1783           2        1895        1894
        1784           2        1896        1895
        1785           2        1897        1896
        1786           2        1898        1897
        1787           2        1899        1898
        1788           2        1900        1899
        1789           2        1901        1900
        1790           2        1902        1901
        1791           2        1903        1902
        1792           2        1904        1903
        1793           2        1905        1904
        1794           2        1906        1905
        1795           2        1907        1906
        1796           2        1908        1907
        1797           2        1909        1908
        1798           2        1910        1909
        1799           2        1911        1910
        1800           2         411        1911
        1810           2        1892        1922
        1820           2        1922        1933
        1830           2        1933        1944
        1840           2        1944        1955
        1850           2        1955        1966
        1860           2        1966        1977
        1870           2        1977        1988
        1880           2        1988        1999
        1890           2        1999        2010
        1900           2        2010        2021
        1910           2        2021        2032
        1920           2        2032        2043
        1930           2        2043        2054
        1940           2        2054        2065
        1950           2        2065        2076
        1960           2        2076        2087
        1970           2        2087        2098
        1980           2        2098        2109
        1990           2        2109        2120
        1991           2        2122        2121
        1992           2        2123        2122
        1993           2        2124        2123
        1994           2        2125        2124
        1995           2        2126        2125
        1996           2        2127        2126
        1997           2        2128        2127
        1998           2        2129        2128
        1999           2        2130        2129
        2000           2        2120        2131
        2000           2        2131        2130
        3561           2        3753        3752
        3562           2        3754        3753
        3563           2        3755        3754
        3564           2        3756        3755
        3565           2        3757        3756
        3566           2        3758        3757
        3567           2        3759        3758
        3568           2        3760        3759
        3569           2        3761        3760
        3570           2        3762        3761
        3571           2        3763        3762
        3572           2        3764        3763
        3573           2        3765        3764
        3574           2        3766        3765
        3575           2        3767        3766
        3576           2        3768        3767
        3577           2        3769        3768
        3578           2        3770        3769
        3579           2        3771        3770
        3580           2        3772        3771
        3581           2        3773        3772
        3582           2        3774        3773
        3583           2        3775        3774
        3584           2        3776        3775
        3585           2        3777        3776
        3586           2        3778        3777
        3587           2        3779        3778
        3588           2        3780        3779
        3589           2        3781        3780
        3590           2        3782        3781
        3591           2        3783        3782
        3592           2        3784        3783
        3593           2        3785        3784
        3594           2        3786        3785
        3595           2        3787        3786
        3596           2        3788        3787
        3597           2        3789        3788
        3598           2        3790        3789
        3599           2        3791        3790
        3600           2        2121        3791
