      2097
      3796          1
      3797          1
      3798          1
      3799          1
      3800          1
      3801          1
      3802          1
      3803          1
      3804          1
      3805          1
      3806          1
      3807          1
      3808          1
      3809          1
      3810          1
      3811          1
      3812          1
      3813          1
      3814          1
      3815          1
      3816          1
      3817          1
      3818          1
      3819          1
      3820          1
      3821          1
      3822          1
      3823          1
      3824          1
      3825          1
      3826          1
      3827          1
      3828          1
      3829          1
      3830          1
      3831          1
      3832          1
      3833          1
      3834          1
      3835          1
      3836          1
      3837          1
      3838          1
      3839          1
      3840          1
      3841          1
      3842          1
      3843          1
      3844          1
      3845          1
      3846          1
      3847          1
      3848          1
      3849          1
     57821          1
     57822          1
     57823          1
     57824          1
     57825          1
     57826          1
     57827          1
     57828          1
     57829          1
     57830          1
     57831          1
     57832          1
     57833          1
     57834          1
     57835          1
     57836          1
     57837          1
     57838          1
     57839          1
     57840          1
     57841          1
     57842          1
     57843          1
     57844          1
     57845          1
     57846          1
     57847          1
     57848          1
     57849          1
     57850          1
     57851          1
     57852          1
     57853          1
     57854          1
     57855          1
     57856          1
     57857          1
     57858          1
     57859          1
     57860          1
     57861          1
     57862          1
     57863          1
     57864          1
     57865          1
     57866          1
     57867          1
     57868          1
     57869          1
     57870          1
     57871          1
     57872          1
     57873          1
     57874          1
     57875          1
     57876          1
     57877          1
     57878          1
     57879          1
     57880          1
     57881          1
     57882          1
     57883          1
     57884          1
     57885          1
     57886          1
     57887          1
     57888          1
     57889          1
     57890          1
     57891          1
     57892          1
     57893          1
     57894          1
     57895          1
     57896          1
     57897          1
     57898          1
     57899          1
     57900          1
     57901          1
     57902          1
     57903          1
     57904          1
     57905          1
     57906          1
     57907          1
     57908          1
     57909          1
     57910          1
     57911          1
     57912          1
     57913          1
     57914          1
     57915          1
     57916          1
     57917          1
     57918          1
     57919          1
     57920          1
     57921          1
     57922          1
     57923          1
     57924          1
     57925          1
     57926          1
     57927          1
     57928          1
     57929          1
     57930          1
     57931          1
     57932          1
     57933          1
     57934          1
     57935          1
     57936          1
     57937          1
     57938          1
     57939          1
     57940          1
     57941          1
     57942          1
     57943          1
     57944          1
     57945          1
     57946          1
     57947          1
     57948          1
     57949          1
     57950          1
     57951          1
     57952          1
     57953          1
     57954          1
     57955          1
     57956          1
     57957          1
     57958          1
     57959          1
     57960          1
     57961          1
     57962          1
     57963          1
     57964          1
     57965          1
     57966          1
     57967          1
     57968          1
     57969          1
     57970          1
     57971          1
     57972          1
     57973          1
     57974          1
     57975          1
     57976          1
     57977          1
     57978          1
     57979          1
     57980          1
     57981          1
     57982          1
     57983          1
     57984          1
     57985          1
     57986          1
     57987          1
     57988          1
     57989          1
     57990          1
     57991          1
     57992          1
     57993          1
     57994          1
     57995          1
     57996          1
     57997          1
     57998          1
     57999          1
     58000          1
     58001          1
     58002          1
     58003          1
     58004          1
     58005          1
     58006          1
     58007          1
     58008          1
     58009          1
     58010          1
     58011          1
     58012          1
     58013          1
     58014          1
     58015          1
     58016          1
     58017          1
     58018          1
     58019          1
     58020          1
     58021          1
     58022          1
     58023          1
     58024          1
     58025          1
     58026          1
     58027          1
     58028          1
     58029          1
     58030          1
     58031          1
     58032          1
     58033          1
     58034          1
     58035          1
     58036          1
     58037          1
     58038          1
     58039          1
     58040          1
     58041          1
     58042          1
     58043          1
     58044          1
     58045          1
     58046          1
     58047          1
     58048          1
     58049          1
     58050          1
     58051          1
     58052          1
     58053          1
     58054          1
     58055          1
     58056          1
     58057          1
     58058          1
     58059          1
     58060          1
     58061          1
     58062          1
     58063          1
     58064          1
     58065          1
     58066          1
     58067          1
     58068          1
     58069          1
     58070          1
     58071          1
     58072          1
     58073          1
     58074          1
     58075          1
     58076          1
     58077          1
     58078          1
     58079          1
     58080          1
     58081          1
     58082          1
     58083          1
     58084          1
     58085          1
     58086          1
     58087          1
     58088          1
     58089          1
     58090          1
     58091          1
     58092          1
     58093          1
     58094          1
     58095          1
     58096          1
     58097          1
     58098          1
     58099          1
     58100          1
     58101          1
     58102          1
     58103          1
     58104          1
     58105          1
     58106          1
     58107          1
     58108          1
     58109          1
     58110          1
     58111          1
     58112          1
     58113          1
     58114          1
     58115          1
     58116          1
     58117          1
     58118          1
     58119          1
     58120          1
     58121          1
     58122          1
     58123          1
     58124          1
     58125          1
     58126          1
     58127          1
     58128          1
     58129          1
     58130          1
     58131          1
     58132          1
     58133          1
     58134          1
     58135          1
     58136          1
     58137          1
     58138          1
     58139          1
     58140          1
     58141          1
     58142          1
     58143          1
     58144          1
     58145          1
     58146          1
     58147          1
     58148          1
     58149          1
     58150          1
     58151          1
     58152          1
     58153          1
     58154          1
     58155          1
     58156          1
     58157          1
     58158          1
     58159          1
     58160          1
     58161          1
     58162          1
     58163          1
     58164          1
     58165          1
     58166          1
     58167          1
     58168          1
     58169          1
     58170          1
     58171          1
     58172          1
     58173          1
     58174          1
     58175          1
     58176          1
     58177          1
     58178          1
     58179          1
     58180          1
     58181          1
     58182          1
     58183          1
     58184          1
     58185          1
     58186          1
     58187          1
     58188          1
     58189          1
     58190          1
     58191          1
     58192          1
     58193          1
     58194          1
     58195          1
     58196          1
     58197          1
     58198          1
     58199          1
     58200          1
     58201          1
     58202          1
     58203          1
     58204          1
     58205          1
     58206          1
     58207          1
     58208          1
     58209          1
     58210          1
     58211          1
     58212          1
     58213          1
     58214          1
     58215          1
     58216          1
     58217          1
     58218          1
     58219          1
     58220          1
     58221          1
     58222          1
     58223          1
     58224          1
     58225          1
     58226          1
     58227          1
     58228          1
     58229          1
     58230          1
     58231          1
     58232          1
     58233          1
     58234          1
     58235          1
     58236          1
     58237          1
     58238          1
     58239          1
     58240          1
     58241          1
     58242          1
     58243          1
     58244          1
     58245          1
     58246          1
     58247          1
     58248          1
     58249          1
     58250          1
     58251          1
     58252          1
     58253          1
     58254          1
     58255          1
     58256          1
     58257          1
     58258          1
     58259          1
     58260          1
     58261          1
     58262          1
     58263          1
     58264          1
     58265          1
     58266          1
     58267          1
     58268          1
     58269          1
     58270          1
     58271          1
     58272          1
     58273          1
     58274          1
     58275          1
     58276          1
     58277          1
     58278          1
     58279          1
     58280          1
     58281          1
     58282          1
     58283          1
     58284          1
     58285          1
     58286          1
     58287          1
     58288          1
     58289          1
     58290          1
     58291          1
     58292          1
     58293          1
     58294          1
     58295          1
     58296          1
     58297          1
     58298          1
     58299          1
     58300          1
     58301          1
     58302          1
     58303          1
     58304          1
     58305          1
     58306          1
     58307          1
     58308          1
     58309          1
     58310          1
     58311          1
     58312          1
     58313          1
     58314          1
     58315          1
     58316          1
     58317          1
     58318          1
     58319          1
     58320          1
     58321          1
     58322          1
     58323          1
     58324          1
     58325          1
     58326          1
     58327          1
     58328          1
     58329          1
     58330          1
     58331          1
     58332          1
     58333          1
     58334          1
     58335          1
     58336          1
     58337          1
     58338          1
     58339          1
     58340          1
     58341          1
     58342          1
     58343          1
     58344          1
     58345          1
     58346          1
     58347          1
     58348          1
     58349          1
     58350          1
     58351          1
     58352          1
     58353          1
     58354          1
     58355          1
     58356          1
     58357          1
     58358          1
     58359          1
     58360          1
     58361          1
     58362          1
     58363          1
     58364          1
     58365          1
     58366          1
     58367          1
     58368          1
     58369          1
     58370          1
     58371          1
     58372          1
     58373          1
     58374          1
     58375          1
     58376          1
     58377          1
     58378          1
     58379          1
     58380          1
     58381          1
     58382          1
     58383          1
     58384          1
     58385          1
     58386          1
     58387          1
     58388          1
     58389          1
     58390          1
     58391          1
     58392          1
     58393          1
     58394          1
     58395          1
     58396          1
     58397          1
     58398          1
     58399          1
     58400          1
     58401          1
     58402          1
     58403          1
     58404          1
     58405          1
     58406          1
     58407          1
     58408          1
     58409          1
     58410          1
     58411          1
     58412          1
     58413          1
     58414          1
     58415          1
     58416          1
     58417          1
     58418          1
     58419          1
     58420          1
     58421          1
     58422          1
     58423          1
     58424          1
     58425          1
     58426          1
     58427          1
     58428          1
     58429          1
     58430          1
     58431          1
     58432          1
     58433          1
     58434          1
     58435          1
     58436          1
     58437          1
     58438          1
     58439          1
     58440          1
     58441          1
     58442          1
     58443          1
     58444          1
     58445          1
     58446          1
     58447          1
     58448          1
     58449          1
     58450          1
     58451          1
     58452          1
     58453          1
     58454          1
     58455          1
     58456          1
     58457          1
     58458          1
     58459          1
     58460          1
     58461          1
     58462          1
     58463          1
     58464          1
     58465          1
     58466          1
     58467          1
     58468          1
     58469          1
     58470          1
     58471          1
     58472          1
     58473          1
     58474          1
     58475          1
     58476          1
     58477          1
     58478          1
     58479          1
     58480          1
     58481          1
     58482          1
     58483          1
     58484          1
     58485          1
     58486          1
     58487          1
     58488          1
     58489          1
     58490          1
     58491          1
     58492          1
     58493          1
     58494          1
     58495          1
     58496          1
     58497          1
     58498          1
     58499          1
     58500          1
     58501          1
     58502          1
     58503          1
     58504          1
     58505          1
     58506          1
     58507          1
     58508          1
     58509          1
     58510          1
     58511          1
     58512          1
     58513          1
     58514          1
     58515          1
     58516          1
     58517          1
     58518          1
     58519          1
     58520          1
     58521          1
     58522          1
     58523          1
     58524          1
     58525          1
     58526          1
     58527          1
     58528          1
     58529          1
     58530          1
     58531          1
     58532          1
     58533          1
     58534          1
     58535          3
     58536          3
     58537          3
     58538          3
     58539          3
     58540          3
     58541          3
     58542          3
     58543          3
     58544          2
     58545          2
     58546          2
     58547          2
     58548          2
     58549          2
     58550          2
     58551          2
     58552          2
     58553          2
     58554          2
     58555          2
     58556          2
     58557          2
     58558          2
     58559          2
     58560          2
     58561          2
     58562          2
     58563          2
     58564          2
     58565          2
     58566          2
     58567          2
     58568          2
     58569          2
     58570          2
     58571          2
     58572          2
     58573          2
     58574          2
     58575          2
     58576          2
     58577          2
     58578          2
     58579          2
     58580          2
     58581          2
     58582          2
     58583          2
     58584          2
     58585          2
     58586          2
     58587          2
     58588          2
     58589          2
     58590          2
     58591          2
     58592          2
     58593          2
     58594          2
     58595          2
     58596          2
     58597          2
     58598          2
     58599          2
     58600          2
     58601          2
     58602          2
     58603          2
     58604          2
     58605          2
     58606          2
     58607          2
     58608          2
     58609          2
     58610          2
     58611          2
     58612          2
     58613          2
     58614          2
     58615          2
     58616          2
     58617          2
     58618          2
     58619          2
     58620          2
     58621          2
     58622          1
     58623          1
     58624          1
     58625          1
     58626          1
     58627          1
     58628          1
     58629          1
     58630          1
     58631          1
     58632          1
     58633          1
     58634          1
     58635          1
     58636          1
     58637          1
     58638          1
     58639          1
     58640          1
     58641          1
     58642          1
     58643          1
     58644          1
     58645          1
     58646          1
     58647          1
     58648          1
     58649          1
     58650          1
     58651          1
     58652          1
     58653          1
     58654          1
     58655          1
     58656          1
     58657          1
     58658          1
     58659          1
     58660          1
     58661          1
     58662          1
     58663          1
     58664          1
     58665          1
     58666          1
     58667          1
     58668          1
     58669          1
     58670          1
     58671          1
     58672          1
     58673          1
     58674          1
     58675          1
     58676          1
     58677          1
     58678          1
     58679          1
     58680          1
     58681          1
     58682          1
     58683          1
     58684          1
     58685          1
     58686          1
     58687          1
     58688          1
     58689          1
     58690          1
     58691          1
     58692          1
     58693          1
     58694          1
     58695          1
     58696          1
     58697          1
     58698          1
     58699          1
     58700          1
     58701          1
     58702          1
     58703          1
     58704          1
     58705          1
     58706          1
     58707          1
     58708          1
     58709          1
     58710          1
     58711          1
     58712          1
     58713          1
     58714          1
     58715          3
     58716          3
     58717          3
     58718          3
     58719          3
     58720          3
     58721          3
     58722          3
     58723          3
     58724          2
     58725          2
     58726          2
     58727          2
     58728          2
     58729          2
     58730          2
     58731          2
     58732          2
     58733          2
     58734          2
     58735          2
     58736          2
     58737          2
     58738          2
     58739          2
     58740          2
     58741          2
     58742          2
     58743          2
     58744          2
     58745          2
     58746          2
     58747          2
     58748          2
     58749          2
     58750          2
     58751          2
     58752          2
     58753          2
     58754          2
     58755          2
     58756          2
     58757          2
     58758          2
     58759          2
     58760          2
     58761          2
     58762          2
     58763          2
     58764          2
     58765          2
     58766          2
     58767          2
     58768          2
     58769          2
     58770          2
     58771          2
     58772          2
     58773          2
     58774          2
     58775          2
     58776          2
     58777          2
     58778          2
     58779          2
     58780          2
     58781          2
     58782          2
     58783          2
     58784          2
     58785          2
     58786          2
     58787          2
     58788          2
     58789          2
     58790          2
     58791          2
     58792          2
     58793          2
     58794          2
     58795          2
     58796          2
     58797          2
     58798          2
     58799          2
     58800          2
     58801          2
     58802          2
     58803          2
     58804          2
     58805          2
     58806          2
     58807          2
     58808          2
     58809          2
     58810          2
     58811          2
     58812          2
     58813          2
     58814          2
     58815          2
     58816          2
     58817          2
     58818          2
     58819          2
     58820          2
     58821          2
     58822          2
     58823          2
     58824          2
     58825          2
     58826          2
     58827          2
     58828          2
     58829          2
     58830          2
     58831          2
     58832          2
     58833          2
     58834          2
     58835          2
     58836          2
     58837          2
     58838          2
     58839          2
     58840          2
     58841          2
     58842          2
     58843          2
     58844          2
     58845          2
     58846          2
     58847          2
     58848          2
     58849          2
     58850          2
     58851          2
     58852          2
     58853          2
     58854          2
     58855          2
     58856          2
     58857          2
     58858          2
     58859          2
     58860          2
     58861          2
     58862          2
     58863          2
     58864          2
     58865          2
     58866          2
     58867          2
     58868          2
     58869          2
     58870          2
     58871          2
     58872          2
     58873          2
     58874          2
     58875          2
     58876          2
     58877          2
     58878          2
     58879          2
     58880          2
     58881          2
     58882          2
     58883          2
     58884          2
     58885          2
     58886          2
     58887          2
     58888          2
     58889          2
     58890          2
     58891          2
     58892          2
     58893          2
     58894          2
     58895          2
     58896          2
     58897          2
     58898          2
     58899          2
     58900          2
     58901          2
     58902          2
     58903          2
     58904          2
     58905          2
     58906          2
     58907          2
     58908          2
     58909          2
     58910          2
     58911          2
     58912          2
     58913          2
     58914          2
     58915          2
     58916          2
     58917          2
     58918          2
     58919          2
     58920          2
     58921          2
     58922          2
     58923          2
     58924          2
     58925          2
     58926          2
     58927          2
     58928          2
     58929          2
     58930          2
     58931          2
     58932          2
     58933          2
     58934          2
     58935          2
     58936          2
     58937          2
     58938          2
     58939          2
     58940          2
     58941          2
     58942          2
     58943          2
     58944          2
     58945          2
     58946          2
     58947          2
     58948          2
     58949          2
     58950          2
     58951          2
     58952          2
     58953          2
     58954          2
     58955          2
     58956          2
     58957          2
     58958          2
     58959          2
     58960          2
     58961          2
     58962          2
     58963          2
     58964          2
     58965          2
     58966          2
     58967          2
     58968          2
     58969          2
     58970          2
     58971          2
     58972          2
     58973          2
     58974          2
     58975          2
     58976          2
     58977          2
     58978          2
     58979          2
     58980          2
     58981          2
     58982          2
     58983          2
     58984          2
     58985          2
     58986          2
     58987          2
     58988          2
     58989          2
     58990          2
     58991          2
     58992          2
     58993          2
     58994          2
     58995          2
     58996          2
     58997          2
     58998          2
     58999          2
     59000          2
     59001          2
     59002          2
     59003          2
     59004          2
     59005          2
     59006          2
     59007          2
     59008          2
     59009          2
     59010          2
     59011          2
     59012          2
     59013          2
     59014          2
     59015          2
     59016          2
     59017          2
     59018          2
     59019          2
     59020          2
     59021          2
     59022          2
     59023          2
     59024          2
     59025          2
     59026          2
     59027          2
     59028          2
     59029          2
     59030          2
     59031          2
     59032          2
     59033          2
     59034          2
     59035          2
     59036          2
     59037          2
     59038          2
     59039          2
     59040          2
     59041          2
     59042          2
     59043          2
     59044          2
     59045          2
     59046          2
     59047          2
     59048          2
     59049          2
     59050          2
     59051          2
     59052          2
     59053          2
     59054          2
     59055          2
     59056          2
     59057          2
     59058          2
     59059          2
     59060          2
     59061          2
     59062          2
     59063          2
     59064          2
     59065          2
     59066          2
     59067          2
     59068          2
     59069          2
     59070          2
     59071          2
     59072          2
     59073          2
     59074          2
     59075          2
     59076          2
     59077          2
     59078          2
     59079          2
     59080          2
     59081          2
     59082          2
     59083          2
     59084          2
     59085          2
     59086          2
     59087          2
     59088          2
     59089          2
     59090          2
     59091          2
     59092          2
     59093          2
     59094          2
     59095          2
     59096          2
     59097          2
     59098          2
     59099          2
     59100          2
     59101          2
     59102          2
     59103          2
     59104          2
     59105          2
     59106          2
     59107          2
     59108          2
     59109          2
     59110          2
     59111          2
     59112          2
     59113          2
     59114          2
     59115          2
     59116          2
     59117          2
     59118          2
     59119          2
     59120          2
     59121          2
     59122          2
     59123          2
     59124          2
     59125          2
     59126          2
     59127          2
     59128          2
     59129          2
     59130          2
     59131          2
     59132          2
     59133          2
     59134          2
     59135          2
     59136          2
     59137          2
     59138          2
     59139          2
     59140          2
     59141          2
     59142          2
     59143          2
     59144          2
     59145          2
     59146          2
     59147          2
     59148          2
     59149          2
     59150          2
     59151          2
     59152          2
     59153          2
     59154          2
     59155          2
     59156          2
     59157          2
     59158          2
     59159          2
     59160          2
     59161          2
     59162          2
     59163          2
     59164          2
     59165          2
     59166          2
     59167          2
     59168          2
     59169          2
     59170          2
     59171          2
     59172          2
     59173          2
     59174          2
     59175          2
     59176          2
     59177          2
     59178          2
     59179          2
     59180          2
     59181          2
     59182          2
     59183          2
     59184          2
     59185          2
     59186          2
     59187          2
     59188          2
     59189          2
     59190          2
     59191          2
     59192          2
     59193          2
     59194          2
     59195          2
     59196          2
     59197          2
     59198          2
     59199          2
     59200          2
     59201          2
     59202          2
     59203          2
     59204          2
     59205          2
     59206          2
     59207          2
     59208          2
     59209          2
     59210          2
     59211          2
     59212          2
     59213          2
     59214          2
     59215          2
     59216          2
     59217          2
     59218          2
     59219          2
     59220          2
     59221          2
     59222          2
     59223          2
     59224          2
     59225          2
     59226          2
     59227          2
     59228          2
     59229          2
     59230          2
     59231          2
     59232          2
     59233          2
     59234          2
     59235          2
     59236          2
     59237          2
     59238          2
     59239          2
     59240          2
     59241          2
     59242          2
     59243          2
     59244          2
     59245          2
     59246          2
     59247          2
     59248          2
     59249          2
     59250          2
     59251          2
     59252          2
     59253          2
     59254          2
     59255          2
     59256          2
     59257          2
     59258          2
     59259          2
     59260          2
     59261          2
     59262          2
     59263          2
     59264          2
     59265          2
     59266          2
     59267          2
     59268          2
     59269          2
     59270          2
     59271          2
     59272          2
     59273          2
     59274          2
     59275          2
     59276          2
     59277          2
     59278          2
     59279          2
     59280          2
     59281          2
     59282          2
     59283          2
     59284          2
     59285          2
     59286          2
     59287          2
     59288          2
     59289          2
     59290          2
     59291          2
     59292          2
     59293          2
     59294          2
     59295          2
     59296          2
     59297          2
     59298          2
     59299          2
     59300          2
     59301          2
     59302          2
     59303          2
     59304          2
     59305          2
     59306          2
     59307          2
     59308          2
     59309          2
     59310          2
     59311          2
     59312          2
     59313          2
     59314          2
     59315          2
     59316          2
     59317          2
     59318          2
     59319          2
     59320          2
     59321          2
     59322          2
     59323          2
     59324          2
     59325          2
     59326          2
     59327          2
     59328          2
     59329          2
     59330          2
     59331          2
     59332          2
     59333          2
     59334          2
     59335          2
     59336          2
     59337          2
     59338          2
     59339          2
     59340          2
     59341          2
     59342          2
     59343          2
     59344          2
     59345          2
     59346          2
     59347          2
     59348          2
     59349          2
     59350          2
     59351          2
     59352          2
     59353          2
     59354          2
     59355          2
     59356          2
     59357          2
     59358          2
     59359          2
     59360          2
     59361          2
     59362          2
     59363          2
     59364          2
     59365          2
     59366          2
     59367          2
     59368          2
     59369          2
     59370          2
     59371          2
     59372          2
     59373          2
     59374          2
     59375          2
     59376          2
     59377          2
     59378          2
     59379          2
     59380          2
     59381          2
     59382          2
     59383          2
     59384          2
     59385          2
     59386          2
     59387          2
     59388          2
     59389          2
     59390          2
     59391          2
     59392          2
     59393          2
     59394          2
     59395          2
     59396          2
     59397          2
     59398          2
     59399          2
     59400          2
     59401          2
     59402          2
     59403          2
     59404          2
     59405          2
     59406          2
     59407          2
     59408          2
     59409          2
     59410          2
     59411          2
     59412          2
     59413          2
     59414          2
     59415          2
     59416          2
     59417          2
     59418          2
     59419          2
     59420          2
     59421          2
     59422          2
     59423          2
     59424          2
     59425          2
     59426          2
     59427          2
     59428          2
     59429          2
     59430          2
     59431          2
     59432          2
     59433          2
     59434          2
     59435          2
     59436          2
     59437          2
     59438          2
     59439          2
     59440          2
     59441          2
     59442          2
     59443          2
     59444          2
     59445          2
     59446          2
     59447          2
     59448          2
     59449          2
     59450          2
     59451          2
     59452          2
     59453          2
     59454          2
     59455          2
     59456          2
     59457          2
     59458          2
     59459          2
     59460          2
     59461          2
     59462          2
     59463          2
     59464          2
     59465          2
     59466          2
     59467          2
     59468          2
     59469          2
     59470          2
     59471          2
     59472          2
     59473          2
     59474          2
     59475          2
     59476          2
     59477          2
     59478          2
     59479          2
     59480          2
     59481          2
     59482          2
     59483          2
     59484          2
     59485          2
     59486          2
     59487          2
     59488          2
     59489          2
     59490          2
     59491          2
     59492          2
     59493          2
     59494          2
     59495          2
     59496          2
     59497          2
     59498          2
     59499          2
     59500          2
     59501          2
     59502          2
     59503          2
     59504          2
     59505          2
     59506          2
     59507          2
     59508          2
     59509          2
     59510          2
     59511          2
     59512          2
     59513          2
     59514          2
     59515          2
     59516          2
     59517          2
     59518          2
     59519          2
     59520          2
     59521          2
     59522          2
     59523          2
     59524          2
     59525          2
     59526          2
     59527          2
     59528          2
     59529          2
     59530          2
     59531          2
     59532          2
     59533          2
     59534          2
     59535          2
     59536          2
     59537          2
     59538          2
     59539          2
     59540          2
     59541          2
     59542          2
     59543          2
     59544          2
     59545          2
     59546          2
     59547          2
     59548          2
     59549          2
     59550          2
     59551          2
     59552          2
     59553          2
     59554          2
     59555          2
     59556          2
     59557          2
     59558          2
     59559          2
     59560          2
     59561          2
     59562          2
     59563          2
     59564          2
     59565          2
     59566          2
     59567          2
     59568          2
     59569          2
     59570          2
     59571          2
     59572          2
     59573          2
     59574          2
     59575          2
     59576          2
     59577          2
     59578          2
     59579          2
     59580          2
     59581          2
     59582          2
     59583          2
     59584          2
     59585          2
     59586          2
     59587          2
     59588          2
     59589          2
     59590          2
     59591          2
     59592          2
     59593          2
     59594          2
     59595          2
     59596          2
     59597          2
     59598          2
     59599          2
     59600          2
     59601          2
     59602          2
     59603          2
     59604          2
     59605          2
     59606          2
     59607          2
     59608          2
     59609          2
     59610          2
     59611          2
     59612          2
     59613          2
     59614          2
     59615          2
     59616          2
     59617          2
     59618          2
     59619          2
     59620          2
     59621          2
     59622          2
     59623          2
     59624          2
     59625          2
     59626          2
     59627          2
     59628          2
     59629          2
     59630          2
     59631          2
     59632          2
     59633          2
     59634          2
     59635          2
     59636          2
     59637          2
     59638          2
     59639          2
     59640          2
     59641          2
     59642          2
     59643          2
     59644          2
     59645          2
     59646          2
     59647          2
     59648          2
     59649          2
     59650          2
     59651          2
     59652          2
     59653          2
     59654          2
     59655          2
     59656          2
     59657          2
     59658          2
     59659          2
     59660          2
     59661          2
     59662          2
     59663          2
     59664          2
     59665          2
     59666          2
     59667          2
     59668          2
     59669          2
     59670          2
     59671          2
     59672          2
     59673          2
     59674          2
     59675          2
     59676          2
     59677          2
     59678          2
     59679          2
     59680          2
     59681          2
     59682          2
     59683          2
     59684          2
     59685          2
     59686          2
     59687          2
     59688          2
     59689          2
     59690          2
     59691          2
     59692          2
     59693          2
     59694          2
     59695          2
     59696          2
     59697          2
     59698          2
     59699          2
     59700          2
     59701          2
     59702          2
     59703          2
     59704          2
     59705          2
     59706          2
     59707          2
     59708          2
     59709          2
     59710          2
     59711          2
     59712          2
     59713          2
     59714          2
     59715          2
     59716          2
     59717          2
     59718          2
     59719          2
     59720          2
     59721          2
     59722          2
     59723          2
     59724          2
     59725          2
     59726          2
     59727          2
     59728          2
     59729          2
     59730          2
     59731          2
     59732          2
     59733          2
     59734          2
     59735          2
     59736          2
     59737          2
     59738          2
     59739          2
     59740          2
     59741          2
     59742          2
     59743          2
     59744          2
     59745          2
     59746          2
     59747          2
     59748          2
     59749          2
     59750          2
     59751          2
     59752          2
     59753          2
     59754          2
     59755          2
     59756          2
     59757          2
     59758          2
     59759          2
     59760          2
     59761          2
     59762          2
     59763          2
     59764          2
     59765          2
     59766          2
     59767          2
     59768          2
     59769          2
     59770          2
     59771          2
     59772          2
     59773          2
     59774          2
     59775          2
     59776          2
     59777          2
     59778          2
     59779          2
     59780          2
     59781          2
     59782          2
     59783          2
     59784          2
     59785          2
     59786          2
     59787          2
     59788          2
     59789          2
     59790          2
     59791          2
     59792          2
     59793          2
     59794          2
     59795          2
     59796          2
     59797          2
     59798          2
     59799          2
     59800          2
     59801          2
     59802          2
     59803          2
     59804          2
     59805          2
     59806          2
     59807          2
     59808          2
     59809          2
     59810          2
     59811          2
     59812          2
     59813          2
     59814          2
     59815          2
     59816          2
     59817          2
     59818          2
     59819          2
     59820          2
     59821          2
     59822          2
     59823          2
     59824          2
     59825          2
     59826          2
     59827          2
     59828          2
     59829          2
     59830          2
     59831          2
     59832          2
     59833          2
     59834          2
     59835          2
     59836          2
     59837          2
     59838          2
     59839          2
     59840          2
     59841          2
     59842          2
     59843          2
     59844          2
     59845          2
     59846          2
     59847          2
     59848          2
     59849          2
     59850          2
     59851          2
     59852          2
     59853          2
     59854          2
     59855          2
     59856          2
     59857          2
     59858          2
     59859          2
     59860          2
     59861          2
     59862          2
     59863          2
     59864          1
     59865          1
     59866          1
     59867          1
     59868          1
     59869          1
     59870          1
     59871          1
     59872          1
     59873          1
     59874          1
     59875          1
     59876          1
     59877          1
     59878          1
     59879          1
     59880          1
     59881          1
     59882          1
     59883          1
     59884          1
     59885          1
     59886          1
     59887          1
     59888          1
     59889          1
     59890          1
     59891          1
     59892          1
     59893          1
     59894          1
     59895          1
     59896          1
     59897          1
     59898          1
     59899          1
     59900          1
     59901          1
     59902          1
     59903          1
     59904          1
     59905          1
     59906          1
     59907          1
     59908          1
     59909          1
     59910          1
     59911          1
     59912          1
     59913          1
     59914          1
     59915          1
     59916          1
     59917          1
     59918          1
     59919          1
     59920          1
     59921          1
     59922          1
     59923          1
     59924          1
     59925          1
     59926          1
     59927          1
     59928          1
     59929          1
     59930          1
     59931          1
     59932          1
     59933          1
     59934          1
     59935          1
     59936          1
     59937          1
     59938          1
     59939          1
     59940          1
     59941          1
     59942          1
     59943          1
     59944          1
     59945          1
     59946          1
     59947          1
     59948          1
     59949          1
     59950          1
     59951          1
     59952          1
     59953          1
     59954          1
     59955          1
     59956          1
     59957          1
     59958          1
     59959          1
     59960          1
     59961          1
     59962          1
     59963          1
     59964          1
     59965          1
     59966          1
     59967          1
     59968          1
     59969          1
     59970          1
     59971          1
     59972          1
     59973          1
     59974          1
     59975          1
     59976          1
     59977          1
     59978          1
     59979          1
     59980          1
     59981          1
     59982          1
     59983          1
     59984          1
     59985          1
     59986          1
     59987          1
     59988          1
     59989          1
     59990          1
     59991          1
     59992          1
     59993          1
     59994          1
     59995          1
     59996          1
     59997          1
     59998          1
     59999          1
     60000          1
     60001          1
     60002          1
     60003          1
     60004          1
     60005          1
     60006          1
     60007          1
     60008          1
     60009          1
     60010          1
     60011          1
     60012          1
     60013          1
     60014          1
     60015          1
     60016          1
     60017          1
     60018          1
     60019          1
     60020          1
     60021          1
     60022          1
     60023          1
     60024          1
     60025          1
     60026          1
     60027          1
     60028          1
     60029          1
     60030          1
     60031          1
     60032          1
     60033          1
     60034          1
     60035          1
     60036          1
     60037          1
     60038          1
     60039          1
     60040          1
     60041          1
     60042          1
     60043          1
     60044          1
     60045          1
     60046          1
     60047          1
     60048          1
     60049          1
     60050          1
     60051          1
     60052          1
     60053          1
     60054          1
     60055          1
     60056          1
     60057          1
     60058          1
     60059          1
     60060          1
     60061          1
     60062          1
     60063          1
     60064          1
     60065          1
     60066          1
     60067          1
     60068          1
     60069          1
     60070          1
     60071          1
     60072          1
     60073          1
     60074          1
     60075          1
     60076          1
     60077          1
     60078          1
     60079          1
     60080          1
     60081          1
     60082          1
     60083          1
     60084          1
     60085          1
     60086          1
     60087          1
     60088          1
     60089          1
     60090          1
     60091          1
     60092          1
     60093          1
     60094          1
     60095          1
     60096          1
     60097          1
     60098          1
     60099          1
     60100          1
     60101          1
     60102          1
     60103          1
     60104          1
     60105          1
     60106          1
     60107          1
     60108          1
     60109          1
     60110          1
     60111          1
     60112          1
     60113          1
     60114          1
     60115          1
     60116          1
     60117          1
     60118          1
     60119          1
     60120          1
     60121          1
     60122          1
     60123          1
     60124          1
     60125          1
     60126          1
     60127          1
     60128          1
     60129          1
     60130          1
     60131          1
     60132          1
     60133          1
     60134          1
     60135          1
     60136          1
     60137          1
     60138          1
     60139          1
     60140          1
     60141          1
     60142          1
     60143          1
     60144          1
     60145          1
     60146          1
     60147          1
     60148          1
     60149          1
     60150          1
     60151          1
     60152          1
     60153          1
     60154          1
     60155          1
     60156          1
     60157          1
     60158          1
     60159          1
     60160          1
     60161          1
     60162          1
     60163          1
     60164          1
     60165          1
     60166          1
     60167          1
     60168          1
     60169          1
     60170          1
     60171          1
     60172          1
     60173          1
     60174          1
     60175          1
     60176          1
     60177          1
     60178          1
     60179          1
     60180          1
     60181          1
     60182          1
     60183          1
     60184          1
     60185          1
     60186          1
     60187          1
     60188          1
     60189          1
     60190          1
     60191          1
     60192          1
     60193          1
     60194          1
     60195          1
     60196          1
     60197          1
     60198          1
     60199          1
     60200          1
     60201          1
     60202          1
     60203          1
     60204          1
     60205          1
     60206          1
     60207          1
     60208          1
     60209          1
     60210          1
     60211          1
     60212          1
     60213          1
     60214          1
     60215          1
     60216          1
     60217          1
     60218          1
     60219          1
     60220          1
     60221          1
     60222          1
     60223          1
     60224          1
     60225          1
     60226          1
     60227          1
     60228          1
     60229          1
     60230          1
     60231          1
     60232          1
     60233          1
     60234          1
     60235          1
     60236          1
     60237          1
     60238          1
     60239          1
     60240          1
     60241          1
     60242          1
     60243          1
     60244          1
     60245          1
     60246          1
     60247          1
     60248          1
     60249          1
     60250          1
     60251          1
     60252          1
     60253          1
     60254          1
     60255          1
     60256          1
     60257          1
     60258          1
     60259          1
     60260          1
     60261          1
     60262          1
     60263          1
     60264          1
     60265          1
     60266          1
     60267          1
     60268          1
     60269          1
     60270          1
     60271          1
     60272          1
     60273          1
     60274          1
     60275          1
     60276          1
     60277          1
     60278          1
     60279          1
     60280          1
     60281          1
     60282          1
     60283          1
     60284          1
     60285          1
     60286          1
     60287          1
     60288          1
     60289          1
     60290          1
     60291          1
     60292          1
     60293          1
     60294          1
     60295          1
     60296          1
     60297          1
     60298          1
     60299          1
     60300          1
     60301          1
     60302          1
     60303          1
     60304          1
     60305          1
     60306          1
     60307          1
     60308          1
     60309          1
     60310          1
     60311          1
     60312          1
     60313          1
     60314          1
     60315          1
     60316          1
     60317          1
     60318          1
     60319          1
     60320          1
     60321          1
     60322          1
     60323          1
     60324          1
     60325          1
     60326          1
     60327          1
     60328          1
     60329          1
     60330          1
     60331          1
     60332          1
     60333          1
     60334          1
     60335          1
     60336          1
     60337          1
     60338          1
     60339          1
     60340          1
     60341          1
     60342          1
     60343          1
     60344          1
     60345          1
     60346          1
     60347          1
     60348          1
     60349          1
     60350          1
     60351          1
     60352          1
     60353          1
     60354          1
     60355          1
     60356          1
     60357          1
     60358          1
     60359          1
     60360          1
     60361          1
     60362          1
     60363          1
     60364          1
     60365          1
     60366          1
     60367          1
     60368          1
     60369          1
     60370          1
     60371          1
     60372          1
     60373          1
     60374          1
     60375          1
     60376          1
     60377          1
     60378          1
     60379          1
     60380          1
     60381          1
     60382          1
     60383          1
     60384          1
     60385          1
     60386          1
     60387          1
     60388          1
     60389          1
     60390          1
     60391          1
     60392          1
     60393          1
     60394          1
     60395          1
     60396          1
     60397          1
     60398          1
     60399          1
     60400          1
     60401          1
     60402          1
     60403          1
     60404          1
     60405          1
     60406          1
     60407          1
     60408          1
     60409          1
     60410          1
     60411          1
     60412          1
     60413          1
     60414          1
     60415          1
     60416          1
     60417          1
     60418          1
     60419          1
     60420          1
     60421          1
     60422          1
     60423          1
     60424          1
     60425          1
     60426          1
     60427          1
     60428          1
     60429          1
     60430          1
     60431          1
     60432          1
     60433          1
     60434          1
     60435          1
     60436          1
     60437          1
     60438          1
     60439          1
     60440          1
     60441          1
     60442          1
     60443          1
     60444          1
     60445          1
     60446          1
     60447          1
     60448          1
     60449          1
     60450          1
     60451          1
     60452          1
     60453          1
     60454          1
     60455          1
     60456          1
     60457          1
     60458          1
     60459          1
     60460          1
     60461          1
     60462          1
     60463          1
     60464          1
     60465          1
     60466          1
     60467          1
     60468          1
     60469          1
     60470          1
     60471          1
     60472          1
     60473          1
     60474          1
     60475          1
     60476          1
     60477          1
     60478          1
     60479          1
     60480          1
     60481          1
     60482          1
     60483          1
     60484          1
     60485          1
     60486          1
     60487          1
     60488          1
     60489          1
     60490          1
     60491          1
     60492          1
     60493          1
     60494          1
     60495          1
     60496          1
     60497          1
     60498          1
     60499          1
     60500          1
     60501          1
     60502          1
     60503          1
     60504          1
     60505          1
     60506          1
     60507          1
     60508          1
     60509          1
     60510          1
     60511          1
     60512          1
     60513          1
     60514          1
     60515          1
     60516          1
     60517          1
     60518          1
     60519          1
     60520          1
     60521          1
     60522          1
     60523          1
     60524          1
     60525          1
     60526          1
     60527          1
     60528          1
     60529          1
     60530          1
     60531          1
     60532          1
     60533          1
     60534          1
     60535          1
     60536          1
     60537          1
     60538          1
     60539          1
     60540          1
     60541          1
     60542          1
     60543          1
     60544          1
     60545          1
     60546          1
     60547          1
     60548          1
     60549          1
     60550          1
     60551          1
     60552          1
     60553          1
     60554          1
     60555          1
     60556          1
     60557          1
     60558          1
     60559          1
     60560          1
     60561          1
     60562          1
     60563          1
     60564          1
     60565          1
     60566          1
     60567          1
     60568          1
     60569          1
     60570          1
     60571          1
     60572          1
     60573          1
     60574          1
     60575          1
     60576          1
     60577          1
     60578          1
     60579          1
     60580          1
     60581          1
     60582          1
     60583          1
     60584          1
     60585          1
     60586          1
     60587          1
     60588          1
     60589          1
     60590          1
     60591          1
     60592          1
     60593          1
     60594          1
     60595          1
     60596          1
     60597          1
     60598          1
     60599          1
     60600          1
     60601          1
     60602          1
     60603          1
     60604          1
     60605          1
     60606          1
     60607          1
     60608          1
     60609          1
     60610          1
     60611          1
     60612          1
     60613          1
     60614          1
     60615          1
     60616          1
     60617          1
     60618          1
     60619          1
     60620          1
     60621          1
     60622          1
     60623          1
     60624          1
     60625          1
     60626          1
     60627          1
     60628          1
     60629          1
     60630          1
     60631          1
     60632          1
     60633          1
     60634          1
     60635          1
     60636          1
     60637          1
     60638          1
     60639          1
     60640          1
     60641          1
     60642          1
     60643          1
     60644          1
     60645          1
     60646          1
     60647          1
     60648          1
     60649          1
     60650          1
     60651          1
     60652          1
     60653          1
     60654          1
     60655          1
     60656          1
     60657          1
     60658          1
     60659          1
     60660          1
     60661          1
     60662          1
     60663          1
     60664          1
     60665          1
     60666          1
     60667          1
     60668          1
     60669          1
     60670          1
     60671          1
     60672          1
     60673          1
     60674          1
     60675          1
     60676          1
     60677          1
     60678          1
     60679          1
     60680          1
     60681          1
     60682          1
     60683          1
     60684          1
     60685          1
     60686          1
     60687          1
     60688          1
     60689          1
     60690          1
     60691          1
     60692          1
     60693          1
     60694          1
     60695          1
     60696          1
     60697          1
     60698          1
     60699          1
     60700          1
     60701          1
     60702          1
     60703          1
     60704          1
     60705          1
     60706          1
     60707          1
     60708          1
     60709          1
     60710          1
     60711          1
     60712          1
     60713          1
     60714          1
     60715          1
     60716          1
     60717          1
     60718          1
     60719          1
     60720          1
     60721          1
     60722          1
     60723          1
     60724          1
     60725          2
     60726          2
     60727          2
     60728          2
     60729          2
     60730          2
     60731          2
     60732          2
     60733          2
     60734          2
     60735          2
     60736          2
     60737          2
     60738          2
     60739          2
     60740          2
     60741          2
     60742          2
     60743          2
     60744          2
     60745          2
     60746          2
     60747          2
     60748          2
     60749          2
     60750          2
     60751          2
     60752          2
     60753          2
     60754          2
     60755          2
     60756          2
     60757          2
     60758          2
     60759          2
     60760          2
     60761          2
     60762          2
     60763          2
     60764          2
     60765          2
     60766          2
     60767          2
     60768          2
     60769          2
     60770          2
     60771          2
     60772          2
     60773          2
     60774          2
     60775          2
     60776          2
     60777          2
     60778          2
     60779          2
     60780          2
     60781          2
     60782          2
     60783          2
     60784          2
     60785          2
     60786          2
     60787          2
     60788          2
     60789          2
     60790          2
     60791          2
     60792          2
     60793          2
     60794          2
     60795          2
     60796          2
     60797          2
     60798          2
     60799          2
     60800          2
     60801          2
     60802          2
     60803          2
     60804          2
     60805          2
     60806          2
     60807          2
     60808          2
     60809          2
     60810          2
     60811          2
     60812          2
     60813          2
     60814          2
     60815          2
     60816          2
     60817          2
     60818          2
     60819          2
     60820          2
     60821          2
     60822          2
     60823          2
     60824          2
     60825          2
     60826          2
     60827          2
     60828          2
     60829          2
     60830          2
     60831          2
     60832          2
     60833          2
     60834          2
     60835          2
     60836          2
     60837          2
     60838          2
     60839          2
     60840          2
     60841          2
     60842          2
     60843          2
     60844          2
     60845          2
     60846          2
     60847          2
     60848          2
     60849          2
     60850          2
     60851          2
     60852          2
     60853          2
     60854          2
     60855          2
     60856          2
     60857          2
     60858          2
     60859          2
     60860          2
     60861          2
     60862          2
     60863          2
     60864          2
     60865          2
     60866          2
     60867          2
     60868          2
     60869          2
     60870          2
     60871          2
     60872          2
     60873          2
     60874          2
     60875          2
     60876          2
     60877          2
     60878          2
     60879          2
     60880          2
     60881          2
     60882          2
     60883          2
     60884          2
     60885          2
     60886          2
     60887          2
     60888          2
     60889          2
     60890          2
     60891          2
     60892          2
     60893          2
     60894          2
     60895          2
     60896          2
     60897          2
     60898          2
     60899          2
     60900          2
     60901          2
     60902          2
     60903          2
     60904          2
     60905          2
     60906          2
     60907          2
     60908          2
     60909          2
     60910          2
     60911          2
     60912          2
     60913          2
     60914          2
     60915          2
     60916          2
     60917          2
     60918          2
     60919          2
     60920          2
     60921          2
     60922          2
     60923          2
     60924          2
     60925          2
     60926          2
     60927          2
     60928          2
     60929          2
     60930          2
     60931          2
     60932          2
     60933          2
     60934          2
     60935          2
     60936          2
     60937          2
     60938          2
     60939          2
     60940          2
     60941          2
     60942          2
     60943          2
     60944          2
     60945          2
     60946          2
     60947          2
     60948          2
     60949          2
     60950          2
     60951          2
     60952          2
     60953          2
     60954          2
     60955          2
     60956          2
     60957          2
     60958          2
     60959          2
     60960          2
     60961          2
     60962          2
     60963          2
     60964          2
     60965          2
     60966          2
     60967          2
     60968          2
     60969          2
     60970          2
     60971          2
     60972          2
     60973          2
     60974          2
     60975          2
     60976          2
     60977          2
     60978          2
     60979          2
     60980          2
     60981          2
     60982          2
     60983          2
     60984          2
     60985          2
     60986          2
     60987          2
     60988          2
     60989          2
     60990          2
     60991          2
     60992          2
     60993          2
     60994          2
     60995          2
     60996          2
     60997          2
     60998          2
     60999          2
     61000          2
     61001          2
     61002          2
     61003          2
     61004          2
     61005          2
     61006          2
     61007          2
     61008          2
     61009          2
     61010          2
     61011          2
     61012          2
     61013          2
     61014          2
     61015          2
     61016          2
     61017          2
     61018          2
     61019          2
     61020          2
     61021          2
     61022          2
     61023          2
     61024          2
     61025          2
     61026          2
     61027          2
     61028          2
     61029          2
     61030          2
     61031          2
     61032          2
     61033          2
     61034          2
     61035          2
     61036          2
     61037          2
     61038          2
     61039          2
     61040          2
     61041          2
     61042          2
     61043          2
     61044          2
     61045          2
     61046          2
     61047          2
     61048          2
     61049          2
     61050          2
     61051          2
     61052          2
     61053          2
     61054          2
     61055          2
     61056          2
     61057          2
     61058          2
     61059          2
     61060          2
     61061          2
     61062          2
     61063          2
     61064          2
     61065          2
     61066          2
     61067          2
     61068          2
     61069          2
     61070          2
     61071          2
     61072          2
     61073          2
     61074          2
     61075          2
     61076          2
     61077          2
     61078          2
     61079          2
     61080          2
     61081          2
     61082          2
     61083          2
     61084          2
     61085          2
     61086          2
     61087          2
     61088          2
     61089          2
     61090          2
     61091          2
     61092          2
     61093          2
     61094          2
     61095          2
     61096          2
     61097          2
     61098          2
     61099          2
     61100          2
     61101          2
     61102          2
     61103          2
     61104          2
     61105          2
     61106          2
     61107          2
     61108          2
     61109          2
     61110          2
     61111          2
     61112          2
     61113          2
     61114          2
     61115          2
     61116          2
     61117          2
     61118          2
     61119          2
     61120          2
     61121          2
     61122          2
     61123          2
     61124          2
     61125          2
     61126          2
     61127          2
     61128          2
     61129          2
     61130          2
     61131          2
     61132          2
     61133          2
     61134          2
     61135          2
     61136          2
     61137          2
     61138          2
     61139          2
     61140          2
     61141          2
     61142          2
     61143          2
     61144          2
     61145          2
     61146          2
     61147          2
     61148          2
     61149          2
     61150          2
     61151          2
     61152          2
     61153          2
     61154          2
     61155          2
     61156          2
     61157          2
     61158          2
     61159          2
     61160          2
     61161          2
     61162          2
     61163          2
     61164          2
     61165          2
     61166          2
     61167          2
     61168          2
     61169          2
     61170          2
     61171          2
     61172          2
     61173          2
     61174          2
     61175          2
     61176          2
     61177          2
     61178          2
     61179          2
     61180          2
     61181          2
     61182          2
     61183          2
     61184          2
     61185          2
     61186          2
     61187          2
     61188          2
     61189          2
     61190          2
     61191          2
     61192          2
     61193          2
     61194          2
     61195          2
     61196          2
     61197          2
     61198          2
     61199          2
     61200          2
     61201          2
     61202          2
     61203          2
     61204          2
     61205          2
     61206          2
     61207          2
     61208          2
     61209          2
     61210          2
     61211          2
     61212          2
     61213          2
     61214          2
     61215          2
     61216          2
     61217          2
     61218          2
     61219          2
     61220          2
     61221          2
     61222          2
     61223          2
     61224          2
     61225          2
     61226          2
     61227          2
     61228          2
     61229          2
     61230          2
     61231          2
     61232          2
     61233          2
     61234          2
     61235          2
     61236          2
     61237          2
     61238          2
     61239          2
     61240          2
     61241          2
     61242          2
     61243          2
     61244          2
     61245          2
     61246          2
     61247          2
     61248          2
     61249          2
     61250          2
     61251          2
     61252          2
     61253          2
     61254          2
     61255          2
     61256          2
     61257          2
     61258          2
     61259          2
     61260          2
     61261          2
     61262          2
     61263          2
     61264          2
     61265          2
     61266          2
     61267          2
     61268          2
     61269          2
     61270          2
     61271          2
     61272          2
     61273          2
     61274          2
     61275          2
     61276          2
     61277          2
     61278          2
     61279          2
     61280          2
     61281          2
     61282          2
     61283          2
     61284          2
     61285          2
     61286          2
     61287          2
     61288          2
     61289          2
     61290          2
     61291          2
     61292          2
     61293          2
     61294          2
     61295          2
     61296          2
     61297          2
     61298          2
     61299          2
     61300          2
     61301          2
     61302          2
     61303          2
     61304          2
     61305          2
     61306          2
     61307          2
     61308          2
     61309          2
     61310          2
     61311          2
     61312          2
     61313          2
     61314          2
     61315          2
     61316          2
     61317          2
     61318          2
     61319          2
     61320          2
     61321          2
     61322          2
     61323          2
     61324          2
     61325          2
     61326          2
     61327          2
     61328          2
     61329          2
     61330          2
     61331          2
     61332          2
     61333          2
     61334          2
     61335          2
     61336          2
     61337          2
     61338          2
     61339          2
     61340          2
     61341          2
     61342          2
     61343          2
     61344          2
     61345          2
     61346          2
     61347          2
     61348          2
     61349          2
     61350          2
     61351          2
     61352          2
     61353          2
     61354          2
     61355          2
     61356          2
     61357          2
     61358          2
     61359          2
     61360          2
     61361          2
     61362          2
     61363          2
     61364          2
     61365          2
     61366          2
     61367          2
     61368          2
     61369          2
     61370          2
     61371          2
     61372          2
     61373          2
     61374          2
     61375          2
     61376          2
     61377          2
     61378          2
     61379          2
     61380          2
     61381          2
     61382          2
     61383          2
     61384          2
     61385          2
     61386          2
     61387          2
     61388          2
     61389          2
     61390          2
     61391          2
     61392          2
     61393          2
     61394          2
     61395          2
     61396          2
     61397          2
     61398          2
     61399          2
     61400          2
     61401          2
     61402          2
     61403          2
     61404          2
     61405          2
     61406          2
     61407          2
     61408          2
     61409          2
     61410          2
     61411          2
     61412          2
     61413          2
     61414          2
     61415          2
     61416          2
     61417          2
     61418          2
     61419          2
     61420          2
     61421          2
     61422          2
     61423          2
     61424          2
     61425          2
     61426          2
     61427          2
     61428          2
     61429          2
     61430          2
     61431          2
     61432          2
     61433          2
     61434          2
     61435          2
     61436          2
     61437          2
     61438          2
     61439          2
     61440          2
     61441          2
     61442          2
     61443          2
     61444          2
     61445          2
     61446          2
     61447          2
     61448          2
     61449          2
     61450          2
     61451          2
     61452          2
     61453          2
     61454          2
     61455          2
     61456          2
     61457          2
     61458          2
     61459          2
     61460          2
     61461          2
     61462          2
     61463          2
     61464          2
     61465          2
     61466          2
     61467          2
     61468          2
     61469          2
     61470          2
     61471          2
     61472          2
     61473          2
     61474          2
     61475          2
     61476          2
     61477          2
     61478          2
     61479          2
     61480          2
     61481          2
     61482          2
     61483          2
     61484          2
     61485          2
     61486          2
     61487          2
     61488          2
     61489          2
     61490          2
     61491          2
     61492          2
     61493          2
     61494          2
     61495          2
     61496          2
     61497          2
     61498          2
     61499          2
     61500          2
     61501          2
     61502          2
     61503          2
     61504          2
     61505          2
     61506          2
     61507          2
     61508          2
     61509          2
     61510          2
     61511          2
     61512          2
     61513          2
     61514          2
     61515          2
     61516          2
     61517          2
     61518          2
     61519          2
     61520          2
     61521          2
     61522          2
     61523          2
     61524          2
     61525          2
     61526          2
     61527          2
     61528          2
     61529          2
     61530          2
     61531          2
     61532          2
     61533          2
     61534          2
     61535          2
     61536          2
     61537          2
     61538          2
     61539          2
     61540          2
     61541          2
     61542          2
     61543          2
     61544          2
     61545          2
     61546          2
     61547          2
     61548          2
     61549          2
     61550          2
     61551          2
     61552          2
     61553          2
     61554          2
     61555          2
     61556          2
     61557          2
     61558          2
     61559          2
     61560          2
     61561          2
     61562          2
     61563          2
     61564          2
     61565          2
     61566          2
     61567          2
     61568          2
     61569          2
     61570          2
     61571          2
     61572          2
     61573          2
     61574          2
     61575          2
     61576          2
     61577          2
     61578          2
     61579          2
     61580          2
     61581          2
     61582          2
     61583          2
     61584          2
     61585          2
     61586          2
     61587          2
     61588          2
     61589          2
     61590          2
     61591          2
     61592          2
     61593          2
     61594          2
     61595          2
     61596          2
     61597          2
     61598          2
     61599          2
     61600          2
     61601          2
     61602          2
     61603          2
     61604          2
     61605          2
     61606          2
     61607          2
     61608          2
     61609          2
     61610          2
     61611          2
     61612          2
     61613          2
     61614          2
     61615          2
     61616          2
     61617          2
     61618          2
     61619          2
     61620          2
     61621          2
     61622          2
     61623          2
     61624          2
     61625          2
     61626          2
     61627          2
     61628          2
     61629          2
     61630          2
     61631          2
     61632          2
     61633          2
     61634          2
     61635          2
     61636          2
     61637          2
     61638          2
     61639          2
     61640          2
     61641          2
     61642          2
     61643          2
     61644          2
     61645          2
     61646          2
     61647          2
     61648          2
     61649          2
     61650          2
     61651          2
     61652          2
     61653          2
     61654          2
     61655          2
     61656          2
     61657          2
     61658          2
     61659          2
     61660          2
     61661          2
     61662          2
     61663          2
     61664          2
     61665          2
     61666          2
     61667          2
     61668          2
     61669          2
     61670          2
     61671          2
     61672          2
     61673          2
     61674          2
     61675          2
     61676          2
     61677          2
     61678          2
     61679          2
     61680          2
     61681          2
     61682          2
     61683          2
     61684          2
     61685          2
     61686          2
     61687          2
     61688          2
     61689          2
     61690          2
     61691          2
     61692          2
     61693          2
     61694          2
     61695          2
     61696          2
     61697          2
     61698          2
     61699          2
     61700          2
     61701          2
     61702          2
     61703          2
     61704          2
     61705          2
     61706          2
     61707          2
     61708          2
     61709          2
     61710          2
     61711          2
     61712          2
     61713          2
     61714          2
     61715          2
     61716          2
     61717          2
     61718          2
     61719          2
     61720          2
     61721          2
     61722          2
     61723          2
     61724          2
     61725          2
     61726          2
     61727          2
     61728          2
     61729          2
     61730          2
     61731          2
     61732          2
     61733          2
     61734          2
     61735          2
     61736          2
     61737          2
     61738          2
     61739          2
     61740          2
     61741          2
     61742          2
     61743          2
     61744          2
     61745          2
     61746          2
     61747          2
     61748          2
     61749          2
     61750          2
     61751          2
     61752          2
     61753          2
     61754          2
     61755          2
     61756          2
     61757          2
     61758          2
     61759          2
     61760          2
     61761          2
     61762          2
     61763          2
     61764          2
     61765          2
     61766          2
     61767          2
     61768          2
     61769          2
     61770          2
     61771          2
     61772          2
     61773          2
     61774          2
     61775          2
     61776          2
     61777          2
     61778          2
     61779          2
     61780          2
     61781          2
     61782          2
     61783          2
     61784          2
     61785          2
     61786          2
     61787          2
     61788          2
     61789          2
     61790          2
     61791          2
     61792          2
     61793          2
     61794          2
     61795          2
     61796          2
     61797          2
     61798          2
     61799          2
     61800          2
     61801          2
     61802          2
     61803          2
     61804          2
     61805          2
     61806          2
     61807          2
     61808          2
     61809          2
     61810          2
     61811          2
     61812          2
     61813          2
     61814          2
     61815          2
     61816          2
     61817          2
     61818          2
     61819          2
     61820          2
     61821          2
     61822          2
     61823          2
     61824          2
     61825          2
     61826          2
     61827          2
     61828          2
     61829          2
     61830          2
     61831          2
     61832          2
     61833          2
     61834          2
     61835          2
     61836          2
     61837          2
     61838          2
     61839          2
     61840          2
     61841          2
     61842          2
     61843          2
     61844          2
     61845          2
     61846          2
     61847          2
     61848          2
     61849          2
     61850          2
     61851          2
     61852          2
     61853          2
     61854          2
     61855          2
     61856          2
     61857          2
     61858          2
     61859          2
     61860          2
     61861          2
     61862          2
     61863          2
     61864          2
     61865          2
     61866          2
     61867          2
     61868          2
     61869          2
     61870          2
     61871          2
     61872          2
     61873          2
     61874          2
     61875          2
     61876          2
     61877          2
     61878          2
     61879          2
     61880          2
     61881          2
     61882          2
     61883          2
     61884          2
     61885          2
     61886          2
     61887          2
     61888          2
     61889          2
     61890          2
     61891          2
     61892          2
     61893          2
     61894          2
     61895          2
     61896          2
     61897          2
     61898          2
     61899          2
     61900          2
     61901          2
     61902          2
     61903          2
     61904          2
     61905          2
     61906          2
     61907          2
     61908          2
     61909          2
     61910          2
     61911          2
     61912          2
     61913          2
     61914          2
     61915          2
     61916          2
     61917          2
     61918          2
     61919          2
     61920          2
     61921          2
     61922          2
     61923          2
     61924          2
     61925          2
     61926          2
     61927          2
     61928          2
     61929          2
     61930          2
     61931          2
     61932          2
     61933          2
     61934          2
     61935          2
     61936          2
     61937          2
     61938          2
     61939          2
     61940          2
     61941          2
     61942          2
     61943          3
     61944          3
     61945          3
     61946          3
     61947          3
     61948          3
     61949          3
     61950          3
     61951          3
     61952          3
     61953          3
     61954          3
     61955          3
     61956          3
     61957          3
     61958          3
     61959          3
     61960          3
