   14.857500         0.0000000    
   14.872499         0.0000000    
   14.887501         0.0000000    
   14.902500         0.0000000    
   14.917500         0.0000000    
   14.932500         0.0000000    
   14.947500         0.0000000    
   14.962500         0.0000000    
   14.977500         0.0000000    
   14.992500         14.000000    
   15.007500         86.000000    
   15.022500         0.0000000    
   15.037500         0.0000000    
   15.052500         0.0000000    
   15.067500         0.0000000    
   15.082500         0.0000000    
   15.097500         0.0000000    
   15.112499         0.0000000    
   15.127501         0.0000000    
   15.142500         0.0000000    
