   8.5779819         0.0000000    
   8.5866432         0.0000000    
   8.5953026         0.0000000    
   8.6039639         0.0000000    
   8.6126232         0.0000000    
   8.6212845         0.0000000    
   8.6299438         0.0000000    
   8.6386051         0.0000000    
   8.6472645         0.0000000    
   8.6559258         14.000000    
   8.6645851         86.000000    
   8.6732445         0.0000000    
   8.6819057         0.0000000    
   8.6905651         0.0000000    
   8.6992264         0.0000000    
   8.7078857         0.0000000    
   8.7165470         0.0000000    
   8.7252064         0.0000000    
   8.7338676         0.0000000    
   8.7425270         0.0000000    
