   8.5779781         0.0000000    
   8.5866375         0.0000000    
   8.5952988         0.0000000    
   8.6039581         0.0000000    
   8.6126194         0.0000000    
   8.6212788         0.0000000    
   8.6299400         0.0000000    
   8.6385994         0.0000000    
   8.6472588         0.0000000    
   8.6559200         14.000000    
   8.6645794         86.000000    
   8.6732407         0.0000000    
   8.6819000         0.0000000    
   8.6905613         0.0000000    
   8.6992207         0.0000000    
   8.7078819         0.0000000    
   8.7165413         0.0000000    
   8.7252026         0.0000000    
   8.7338619         0.0000000    
   8.7425232         0.0000000    
