 -6.6666670E-02  0.0000000E+00
 -6.6333331E-02  0.0000000E+00
 -6.6000000E-02  0.0000000E+00
 -6.5666668E-02  0.0000000E+00
 -6.5333337E-02  0.0000000E+00
 -6.4999998E-02  0.0000000E+00
 -6.4666666E-02  0.0000000E+00
 -6.4333335E-02  0.0000000E+00
 -6.4000003E-02  0.0000000E+00
 -6.3666664E-02  0.0000000E+00
 -6.3333333E-02  0.0000000E+00
 -6.3000001E-02  0.0000000E+00
 -6.2666669E-02  0.0000000E+00
 -6.2333334E-02  0.0000000E+00
 -6.1999999E-02  0.0000000E+00
 -6.1666667E-02  0.0000000E+00
 -6.1333332E-02  0.0000000E+00
 -6.1000001E-02  0.0000000E+00
 -6.0666665E-02  0.0000000E+00
 -6.0333334E-02  0.0000000E+00
 -5.9999999E-02  0.0000000E+00
 -5.9666667E-02  0.0000000E+00
 -5.9333332E-02  0.0000000E+00
 -5.9000000E-02  0.0000000E+00
 -5.8666665E-02  0.0000000E+00
 -5.8333334E-02  0.0000000E+00
 -5.7999998E-02  0.0000000E+00
 -5.7666667E-02  0.0000000E+00
 -5.7333332E-02  0.0000000E+00
 -5.7000000E-02  0.0000000E+00
 -5.6666669E-02  0.0000000E+00
 -5.6333333E-02  0.0000000E+00
 -5.6000002E-02  0.0000000E+00
 -5.5666666E-02  0.0000000E+00
 -5.5333335E-02  0.0000000E+00
 -5.5000000E-02  0.0000000E+00
 -5.4666668E-02  0.0000000E+00
 -5.4333333E-02  0.0000000E+00
 -5.4000001E-02  0.0000000E+00
 -5.3666666E-02  0.0000000E+00
 -5.3333335E-02  0.0000000E+00
 -5.2999999E-02  0.0000000E+00
 -5.2666668E-02  0.0000000E+00
 -5.2333333E-02  0.0000000E+00
 -5.2000001E-02  0.0000000E+00
 -5.1666666E-02  0.0000000E+00
 -5.1333334E-02  0.0000000E+00
 -5.0999999E-02  0.0000000E+00
 -5.0666668E-02  0.0000000E+00
 -5.0333332E-02  0.0000000E+00
 -5.0000001E-02  0.0000000E+00
 -4.9666665E-02  0.0000000E+00
 -4.9333334E-02  0.0000000E+00
 -4.8999999E-02  0.0000000E+00
 -4.8666667E-02  0.0000000E+00
 -4.8333332E-02  0.0000000E+00
 -4.8000000E-02  0.0000000E+00
 -4.7666665E-02  0.0000000E+00
 -4.7333334E-02  0.0000000E+00
 -4.6999998E-02  0.0000000E+00
 -4.6666667E-02  0.0000000E+00
 -4.6333332E-02  0.0000000E+00
 -4.6000000E-02  0.0000000E+00
 -4.5666665E-02  0.0000000E+00
 -4.5333333E-02  0.0000000E+00
 -4.5000002E-02  0.0000000E+00
 -4.4666667E-02  0.0000000E+00
 -4.4333335E-02  0.0000000E+00
 -4.4000000E-02  0.0000000E+00
 -4.3666668E-02  0.0000000E+00
 -4.3333333E-02  0.0000000E+00
 -4.3000001E-02  0.0000000E+00
 -4.2666666E-02  0.0000000E+00
 -4.2333335E-02  0.0000000E+00
 -4.1999999E-02  0.0000000E+00
 -4.1666668E-02  0.0000000E+00
 -4.1333333E-02  0.0000000E+00
 -4.1000001E-02  0.0000000E+00
 -4.0666666E-02  0.0000000E+00
 -4.0333334E-02  0.0000000E+00
 -3.9999999E-02  0.0000000E+00
 -3.9666668E-02  0.0000000E+00
 -3.9333332E-02  0.0000000E+00
 -3.9000001E-02  0.0000000E+00
 -3.8666666E-02  0.0000000E+00
 -3.8333334E-02  0.0000000E+00
 -3.7999999E-02  0.0000000E+00
 -3.7666667E-02  0.0000000E+00
 -3.7333332E-02  0.0000000E+00
 -3.7000000E-02  0.0000000E+00
 -3.6666665E-02  0.0000000E+00
 -3.6333334E-02  0.0000000E+00
 -3.5999998E-02  0.0000000E+00
 -3.5666667E-02  0.0000000E+00
 -3.5333332E-02  0.0000000E+00
 -3.5000000E-02  0.0000000E+00
 -3.4666665E-02  0.0000000E+00
 -3.4333333E-02  0.0000000E+00
 -3.4000002E-02  0.0000000E+00
 -3.3666667E-02  0.0000000E+00
 -3.3333335E-02  0.0000000E+00
 -3.3000000E-02  0.0000000E+00
 -3.2666668E-02  0.0000000E+00
 -3.2333333E-02  0.0000000E+00
 -3.2000002E-02  0.0000000E+00
 -3.1666666E-02  0.0000000E+00
 -3.1333335E-02  0.0000000E+00
 -3.0999999E-02  0.0000000E+00
 -3.0666666E-02  0.0000000E+00
 -3.0333333E-02  0.0000000E+00
 -2.9999999E-02  0.0000000E+00
 -2.9666666E-02  0.0000000E+00
 -2.9333333E-02  0.0000000E+00
 -2.8999999E-02  0.0000000E+00
 -2.8666666E-02  0.0000000E+00
 -2.8333334E-02  0.0000000E+00
 -2.8000001E-02  0.0000000E+00
 -2.7666667E-02  0.0000000E+00
 -2.7333334E-02  0.0000000E+00
 -2.7000001E-02  0.0000000E+00
 -2.6666667E-02  0.0000000E+00
 -2.6333334E-02  0.0000000E+00
 -2.6000001E-02  0.0000000E+00
 -2.5666667E-02  0.0000000E+00
 -2.5333334E-02  0.0000000E+00
 -2.5000000E-02  0.0000000E+00
 -2.4666667E-02  0.0000000E+00
 -2.4333334E-02  0.0000000E+00
 -2.4000000E-02  0.0000000E+00
 -2.3666667E-02  0.0000000E+00
 -2.3333333E-02  0.0000000E+00
 -2.3000000E-02  0.0000000E+00
 -2.2666667E-02  0.0000000E+00
 -2.2333333E-02  0.0000000E+00
 -2.2000000E-02  0.0000000E+00
 -2.1666666E-02  0.0000000E+00
 -2.1333333E-02  0.0000000E+00
 -2.1000000E-02  0.0000000E+00
 -2.0666666E-02  0.0000000E+00
 -2.0333333E-02  0.0000000E+00
 -2.0000000E-02  0.0000000E+00
 -1.9666666E-02  0.0000000E+00
 -1.9333333E-02  0.0000000E+00
 -1.8999999E-02  0.0000000E+00
 -1.8666666E-02  0.0000000E+00
 -1.8333333E-02  0.0000000E+00
 -1.7999999E-02  0.0000000E+00
 -1.7666666E-02  0.0000000E+00
 -1.7333332E-02  0.0000000E+00
 -1.7000001E-02  0.0000000E+00
 -1.6666668E-02  0.0000000E+00
 -1.6333334E-02  0.0000000E+00
 -1.6000001E-02  0.0000000E+00
 -1.5666667E-02  0.0000000E+00
 -1.5333333E-02  0.0000000E+00
 -1.5000000E-02  0.0000000E+00
 -1.4666666E-02  0.0000000E+00
 -1.4333333E-02  0.0000000E+00
 -1.4000000E-02  0.0000000E+00
 -1.3666667E-02  0.0000000E+00
 -1.3333334E-02  0.0000000E+00
 -1.3000000E-02  0.0000000E+00
 -1.2666667E-02  0.0000000E+00
 -1.2333333E-02  0.0000000E+00
 -1.2000000E-02  0.0000000E+00
 -1.1666667E-02  0.0000000E+00
 -1.1333333E-02  0.0000000E+00
 -1.1000000E-02  0.0000000E+00
 -1.0666667E-02  0.0000000E+00
 -1.0333333E-02  0.0000000E+00
 -9.9999998E-03  0.0000000E+00
 -9.6666664E-03  0.0000000E+00
 -9.3333330E-03  0.0000000E+00
 -8.9999996E-03  0.0000000E+00
 -8.6666662E-03  0.0000000E+00
 -8.3333338E-03  0.0000000E+00
 -8.0000004E-03  0.0000000E+00
 -7.6666665E-03  0.0000000E+00
 -7.3333331E-03  0.0000000E+00
 -7.0000002E-03  0.0000000E+00
 -6.6666668E-03  0.0000000E+00
 -6.3333334E-03  0.0000000E+00
 -6.0000001E-03  0.0000000E+00
 -5.6666667E-03  0.0000000E+00
 -5.3333333E-03  0.0000000E+00
 -4.9999999E-03  0.0000000E+00
 -4.6666665E-03  0.0000000E+00
 -4.3333331E-03  0.0000000E+00
 -4.0000002E-03  0.0000000E+00
 -3.6666666E-03  0.0000000E+00
 -3.3333334E-03  0.0000000E+00
 -3.0000000E-03  0.0000000E+00
 -2.6666666E-03  0.0000000E+00
 -2.3333333E-03  0.0000000E+00
 -2.0000001E-03  0.0000000E+00
 -1.6666667E-03  0.0000000E+00
 -1.3333333E-03  0.0000000E+00
 -1.0000000E-03  0.0000000E+00
 -6.6666666E-04  0.0000000E+00
 -3.3333333E-04  0.0000000E+00
  6.9388939E-17  0.0000000E+00
  3.3333333E-04  0.0000000E+00
  6.6666666E-04  0.0000000E+00
  1.0000000E-03  0.0000000E+00
  1.3333333E-03  0.0000000E+00
  1.6666667E-03  0.0000000E+00
  2.0000001E-03  0.0000000E+00
  2.3333333E-03  0.0000000E+00
  2.6666666E-03  0.0000000E+00
  3.0000000E-03  0.0000000E+00
  3.3333334E-03  0.0000000E+00
  3.6666666E-03  0.0000000E+00
  4.0000002E-03  0.0000000E+00
  4.3333331E-03  0.0000000E+00
  4.6666665E-03  0.0000000E+00
  4.9999999E-03  0.0000000E+00
  5.3333333E-03  0.0000000E+00
  5.6666667E-03  0.0000000E+00
  6.0000001E-03  0.0000000E+00
  6.3333334E-03  0.0000000E+00
  6.6666668E-03  0.0000000E+00
  7.0000002E-03  0.0000000E+00
  7.3333331E-03  0.0000000E+00
  7.6666665E-03  0.0000000E+00
  8.0000004E-03  0.0000000E+00
  8.3333338E-03  0.0000000E+00
  8.6666662E-03  0.0000000E+00
  8.9999996E-03  0.0000000E+00
  9.3333330E-03  0.0000000E+00
  9.6666664E-03  0.0000000E+00
  9.9999998E-03  0.0000000E+00
  1.0333333E-02  0.0000000E+00
  1.0666667E-02  0.0000000E+00
  1.1000000E-02  0.0000000E+00
  1.1333333E-02  0.0000000E+00
  1.1666667E-02  0.0000000E+00
  1.2000000E-02  0.0000000E+00
  1.2333333E-02  0.0000000E+00
  1.2666667E-02  0.0000000E+00
  1.3000000E-02  0.0000000E+00
  1.3333334E-02  0.0000000E+00
  1.3666667E-02  0.0000000E+00
  1.4000000E-02  0.0000000E+00
  1.4333333E-02  0.0000000E+00
  1.4666666E-02  0.0000000E+00
  1.5000000E-02  0.0000000E+00
  1.5333333E-02  0.0000000E+00
  1.5666667E-02  0.0000000E+00
  1.6000001E-02  0.0000000E+00
  1.6333334E-02  0.0000000E+00
  1.6666668E-02  0.0000000E+00
  1.7000001E-02  0.0000000E+00
  1.7333332E-02  0.0000000E+00
  1.7666666E-02  0.0000000E+00
  1.7999999E-02  0.0000000E+00
  1.8333333E-02  0.0000000E+00
  1.8666666E-02  0.0000000E+00
  1.8999999E-02  0.0000000E+00
  1.9333333E-02  0.0000000E+00
  1.9666666E-02  0.0000000E+00
  2.0000000E-02  0.0000000E+00
  2.0333333E-02  0.0000000E+00
  2.0666666E-02  0.0000000E+00
  2.1000000E-02  0.0000000E+00
  2.1333333E-02  0.0000000E+00
  2.1666666E-02  0.0000000E+00
  2.2000000E-02  0.0000000E+00
  2.2333333E-02  0.0000000E+00
  2.2666667E-02  0.0000000E+00
  2.3000000E-02  0.0000000E+00
  2.3333333E-02  0.0000000E+00
  2.3666667E-02  0.0000000E+00
  2.4000000E-02  0.0000000E+00
  2.4333334E-02  0.0000000E+00
  2.4666667E-02  0.0000000E+00
  2.5000000E-02  0.0000000E+00
  2.5333334E-02  0.0000000E+00
  2.5666667E-02  0.0000000E+00
  2.6000001E-02  0.0000000E+00
  2.6333334E-02  0.0000000E+00
  2.6666667E-02  0.0000000E+00
  2.7000001E-02  0.0000000E+00
  2.7333334E-02  0.0000000E+00
  2.7666667E-02  0.0000000E+00
  2.8000001E-02  0.0000000E+00
  2.8333334E-02  0.0000000E+00
  2.8666666E-02  0.0000000E+00
  2.8999999E-02  0.0000000E+00
  2.9333333E-02  0.0000000E+00
  2.9666666E-02  0.0000000E+00
  2.9999999E-02  0.0000000E+00
  3.0333333E-02  0.0000000E+00
  3.0666666E-02  0.0000000E+00
  3.0999999E-02  0.0000000E+00
  3.1333335E-02  0.0000000E+00
  3.1666666E-02  0.0000000E+00
  3.2000002E-02  0.0000000E+00
  3.2333333E-02  0.0000000E+00
  3.2666668E-02  0.0000000E+00
  3.3000000E-02  0.0000000E+00
  3.3333335E-02  0.0000000E+00
  3.3666667E-02  0.0000000E+00
  3.4000002E-02  0.0000000E+00
  3.4333333E-02  0.0000000E+00
  3.4666665E-02  0.0000000E+00
  3.5000000E-02  0.0000000E+00
  3.5333332E-02  0.0000000E+00
  3.5666667E-02  0.0000000E+00
  3.5999998E-02  0.0000000E+00
  3.6333334E-02  0.0000000E+00
  3.6666665E-02  0.0000000E+00
  3.7000000E-02  0.0000000E+00
  3.7333332E-02  0.0000000E+00
  3.7666667E-02  0.0000000E+00
  3.7999999E-02  0.0000000E+00
  3.8333334E-02  0.0000000E+00
  3.8666666E-02  0.0000000E+00
  3.9000001E-02  0.0000000E+00
  3.9333332E-02  0.0000000E+00
  3.9666668E-02  0.0000000E+00
  3.9999999E-02  0.0000000E+00
  4.0333334E-02  0.0000000E+00
  4.0666666E-02  0.0000000E+00
  4.1000001E-02  0.0000000E+00
  4.1333333E-02  0.0000000E+00
  4.1666668E-02  0.0000000E+00
  4.1999999E-02  0.0000000E+00
  4.2333335E-02  0.0000000E+00
  4.2666666E-02  0.0000000E+00
  4.3000001E-02  0.0000000E+00
  4.3333333E-02  0.0000000E+00
  4.3666668E-02  0.0000000E+00
  4.4000000E-02  0.0000000E+00
  4.4333335E-02  0.0000000E+00
  4.4666667E-02  0.0000000E+00
  4.5000002E-02  0.0000000E+00
  4.5333333E-02  0.0000000E+00
  4.5666665E-02  0.0000000E+00
  4.6000000E-02  0.0000000E+00
  4.6333332E-02  0.0000000E+00
  4.6666667E-02  0.0000000E+00
  4.6999998E-02  0.0000000E+00
  4.7333334E-02  0.0000000E+00
  4.7666665E-02  0.0000000E+00
  4.8000000E-02  0.0000000E+00
  4.8333332E-02  0.0000000E+00
  4.8666667E-02  0.0000000E+00
  4.8999999E-02  0.0000000E+00
  4.9333334E-02  0.0000000E+00
  4.9666665E-02  0.0000000E+00
  5.0000001E-02  0.0000000E+00
  5.0333332E-02  0.0000000E+00
  5.0666668E-02  0.0000000E+00
  5.0999999E-02  0.0000000E+00
  5.1333334E-02  0.0000000E+00
  5.1666666E-02  0.0000000E+00
  5.2000001E-02  0.0000000E+00
  5.2333333E-02  0.0000000E+00
  5.2666668E-02  0.0000000E+00
  5.2999999E-02  0.0000000E+00
  5.3333335E-02  0.0000000E+00
  5.3666666E-02  0.0000000E+00
  5.4000001E-02  0.0000000E+00
  5.4333333E-02  0.0000000E+00
  5.4666668E-02  0.0000000E+00
  5.5000000E-02  0.0000000E+00
  5.5333335E-02  0.0000000E+00
  5.5666666E-02  0.0000000E+00
  5.6000002E-02  0.0000000E+00
  5.6333333E-02  0.0000000E+00
  5.6666669E-02  0.0000000E+00
  5.7000000E-02  0.0000000E+00
  5.7333332E-02  0.0000000E+00
  5.7666667E-02  0.0000000E+00
  5.7999998E-02  0.0000000E+00
  5.8333334E-02  0.0000000E+00
  5.8666665E-02  0.0000000E+00
  5.9000000E-02  0.0000000E+00
  5.9333332E-02  0.0000000E+00
  5.9666667E-02  0.0000000E+00
  5.9999999E-02  0.0000000E+00
  6.0333334E-02  0.0000000E+00
  6.0666665E-02  0.0000000E+00
  6.1000001E-02  0.0000000E+00
  6.1333332E-02  0.0000000E+00
  6.1666667E-02  0.0000000E+00
  6.1999999E-02  0.0000000E+00
  6.2333334E-02  0.0000000E+00
  6.2666669E-02  0.0000000E+00
  6.3000001E-02  0.0000000E+00
  6.3333333E-02  0.0000000E+00
  6.3666664E-02  0.0000000E+00
  6.4000003E-02  0.0000000E+00
  6.4333335E-02  0.0000000E+00
  6.4666666E-02  0.0000000E+00
  6.4999998E-02  0.0000000E+00
  6.5333337E-02  0.0000000E+00
  6.5666668E-02  0.0000000E+00
  6.6000000E-02  0.0000000E+00
  6.6333331E-02  0.0000000E+00
  6.6666670E-02  0.0000000E+00
  6.7000002E-02  0.0000000E+00
  6.7333333E-02  0.0000000E+00
  6.7666665E-02  0.0000000E+00
  6.8000004E-02  0.0000000E+00
  6.8333335E-02  0.0000000E+00
  6.8666667E-02  0.0000000E+00
  6.8999998E-02  0.0000000E+00
  6.9333330E-02  0.0000000E+00
  6.9666669E-02  0.0000000E+00
  7.0000000E-02  0.0000000E+00
  7.0333332E-02  0.0000000E+00
  7.0666663E-02  0.0000000E+00
  7.1000002E-02  0.0000000E+00
  7.1333334E-02  0.0000000E+00
  7.1666665E-02  0.0000000E+00
  7.1999997E-02  0.0000000E+00
  7.2333336E-02  0.0000000E+00
  7.2666667E-02  0.0000000E+00
  7.2999999E-02  0.0000000E+00
  7.3333330E-02  0.0000000E+00
  7.3666669E-02  0.0000000E+00
  7.4000001E-02  0.0000000E+00
  7.4333332E-02  0.0000000E+00
  7.4666664E-02  0.0000000E+00
  7.5000003E-02  0.0000000E+00
  7.5333335E-02  0.0000000E+00
  7.5666666E-02  0.0000000E+00
  7.5999998E-02  0.0000000E+00
  7.6333337E-02  0.0000000E+00
  7.6666668E-02  0.0000000E+00
  7.7000000E-02  0.0000000E+00
  7.7333331E-02  0.0000000E+00
  7.7666670E-02  0.0000000E+00
  7.8000002E-02  0.0000000E+00
  7.8333333E-02  0.0000000E+00
  7.8666665E-02  0.0000000E+00
  7.9000004E-02  0.0000000E+00
  7.9333335E-02  0.0000000E+00
  7.9666667E-02  0.0000000E+00
  7.9999998E-02  0.0000000E+00
  8.0333330E-02  0.0000000E+00
  8.0666669E-02  0.0000000E+00
  8.1000000E-02  0.0000000E+00
  8.1333332E-02  0.0000000E+00
  8.1666663E-02  0.0000000E+00
  8.2000002E-02  0.0000000E+00
  8.2333334E-02  0.0000000E+00
  8.2666665E-02  0.0000000E+00
  8.2999997E-02  0.0000000E+00
  8.3333336E-02  0.0000000E+00
  8.3666667E-02  0.0000000E+00
  8.3999999E-02  0.0000000E+00
  8.4333330E-02  0.0000000E+00
  8.4666669E-02  0.0000000E+00
  8.5000001E-02  0.0000000E+00
  8.5333332E-02  0.0000000E+00
  8.5666664E-02  0.0000000E+00
  8.6000003E-02  0.0000000E+00
  8.6333334E-02  0.0000000E+00
  8.6666666E-02  0.0000000E+00
  8.6999997E-02  0.0000000E+00
  8.7333336E-02  0.0000000E+00
  8.7666668E-02  0.0000000E+00
  8.8000000E-02  0.0000000E+00
  8.8333331E-02  0.0000000E+00
  8.8666670E-02  0.0000000E+00
  8.9000002E-02  0.0000000E+00
  8.9333333E-02  0.0000000E+00
  8.9666665E-02  0.0000000E+00
  9.0000004E-02  0.0000000E+00
  9.0333335E-02  0.0000000E+00
  9.0666667E-02  0.0000000E+00
  9.0999998E-02  0.0000000E+00
  9.1333330E-02  0.0000000E+00
  9.1666669E-02  0.0000000E+00
  9.2000000E-02  0.0000000E+00
  9.2333332E-02  0.0000000E+00
  9.2666663E-02  0.0000000E+00
  9.3000002E-02  0.0000000E+00
  9.3333334E-02  0.0000000E+00
  9.3666665E-02  0.0000000E+00
  9.3999997E-02  0.0000000E+00
  9.4333336E-02  0.0000000E+00
  9.4666667E-02  0.0000000E+00
  9.4999999E-02  0.0000000E+00
  9.5333330E-02  0.0000000E+00
  9.5666669E-02  0.0000000E+00
  9.6000001E-02  0.0000000E+00
  9.6333332E-02  0.0000000E+00
  9.6666664E-02  0.0000000E+00
  9.7000003E-02  0.0000000E+00
  9.7333334E-02  0.0000000E+00
  9.7666666E-02  0.0000000E+00
  9.7999997E-02  0.0000000E+00
  9.8333336E-02  0.0000000E+00
  9.8666668E-02  0.0000000E+00
  9.8999999E-02  0.0000000E+00
  9.9333331E-02  0.0000000E+00
  9.9666670E-02  0.0000000E+00
  0.1000000      0.0000000E+00
  0.1003333      0.0000000E+00
  0.1006667      0.0000000E+00
  0.1010000      0.0000000E+00
  0.1013333      0.0000000E+00
  0.1016667      0.0000000E+00
  0.1020000      0.0000000E+00
  0.1023333      0.0000000E+00
  0.1026667      0.0000000E+00
  0.1030000      0.0000000E+00
  0.1033333      0.0000000E+00
  0.1036667      0.0000000E+00
  0.1040000      0.0000000E+00
  0.1043333      0.0000000E+00
  0.1046667      0.0000000E+00
  0.1050000      0.0000000E+00
  0.1053333      0.0000000E+00
  0.1056667      0.0000000E+00
  0.1060000      0.0000000E+00
  0.1063333      0.0000000E+00
  0.1066667      0.0000000E+00
  0.1070000      0.0000000E+00
  0.1073333      0.0000000E+00
  0.1076667      0.0000000E+00
  0.1080000      0.0000000E+00
  0.1083333      0.0000000E+00
  0.1086667      0.0000000E+00
  0.1090000      0.0000000E+00
  0.1093333      0.0000000E+00
  0.1096667      0.0000000E+00
  0.1100000      0.0000000E+00
  0.1103333      0.0000000E+00
  0.1106667      0.0000000E+00
  0.1110000      0.0000000E+00
  0.1113333      0.0000000E+00
  0.1116667      0.0000000E+00
  0.1120000      0.0000000E+00
  0.1123333      0.0000000E+00
  0.1126667      0.0000000E+00
  0.1130000      0.0000000E+00
  0.1133333      0.0000000E+00
  0.1136667      0.0000000E+00
  0.1140000      0.0000000E+00
  0.1143333      0.0000000E+00
  0.1146667      0.0000000E+00
  0.1150000      0.0000000E+00
  0.1153333      0.0000000E+00
  0.1156667      0.0000000E+00
  0.1160000      0.0000000E+00
  0.1163333      0.0000000E+00
  0.1166667      0.0000000E+00
  0.1170000      0.0000000E+00
  0.1173333      0.0000000E+00
  0.1176667      0.0000000E+00
  0.1180000      0.0000000E+00
  0.1183333      0.0000000E+00
  0.1186667      0.0000000E+00
  0.1190000      0.0000000E+00
  0.1193333      0.0000000E+00
  0.1196667      0.0000000E+00
  0.1200000      0.0000000E+00
  0.1203333      0.0000000E+00
  0.1206667      0.0000000E+00
  0.1210000      0.0000000E+00
  0.1213333      0.0000000E+00
  0.1216667      0.0000000E+00
  0.1220000      0.0000000E+00
  0.1223333      0.0000000E+00
  0.1226667      0.0000000E+00
  0.1230000      0.0000000E+00
  0.1233333      0.0000000E+00
  0.1236667      0.0000000E+00
  0.1240000      0.0000000E+00
  0.1243333      0.0000000E+00
  0.1246667      0.0000000E+00
  0.1250000      0.0000000E+00
  0.1253333      0.0000000E+00
  0.1256667      0.0000000E+00
  0.1260000      0.0000000E+00
  0.1263333      0.0000000E+00
  0.1266667      0.0000000E+00
  0.1270000      0.0000000E+00
  0.1273333      0.0000000E+00
  0.1276667      0.0000000E+00
  0.1280000      0.0000000E+00
  0.1283333      0.0000000E+00
  0.1286667      0.0000000E+00
  0.1290000      0.0000000E+00
  0.1293333      0.0000000E+00
  0.1296667      0.0000000E+00
  0.1300000      0.0000000E+00
  0.1303333      0.0000000E+00
  0.1306667      0.0000000E+00
  0.1310000      0.0000000E+00
  0.1313333      0.0000000E+00
  0.1316667      0.0000000E+00
  0.1320000      0.0000000E+00
  0.1323333      0.0000000E+00
  0.1326667      0.0000000E+00
  0.1330000      0.0000000E+00
  0.1333333      0.0000000E+00
  0.1336667      0.0000000E+00
  0.1340000      0.0000000E+00
  0.1343333      0.0000000E+00
  0.1346667      0.0000000E+00
  0.1350000      0.0000000E+00
  0.1353333      0.0000000E+00
  0.1356667      0.0000000E+00
  0.1360000      0.0000000E+00
  0.1363333      0.0000000E+00
  0.1366667      0.0000000E+00
  0.1370000      0.0000000E+00
  0.1373333      0.0000000E+00
  0.1376667      0.0000000E+00
  0.1380000      0.0000000E+00
  0.1383333      0.0000000E+00
  0.1386667      0.0000000E+00
  0.1390000      0.0000000E+00
  0.1393333      0.0000000E+00
  0.1396667      0.0000000E+00
  0.1400000      0.0000000E+00
  0.1403333      0.0000000E+00
  0.1406667      0.0000000E+00
  0.1410000      0.0000000E+00
  0.1413333      0.0000000E+00
  0.1416667      0.0000000E+00
  0.1420000      0.0000000E+00
  0.1423333      0.0000000E+00
  0.1426667      0.0000000E+00
  0.1430000      0.0000000E+00
  0.1433333      0.0000000E+00
  0.1436667      0.0000000E+00
  0.1440000      0.0000000E+00
  0.1443333      0.0000000E+00
  0.1446667      0.0000000E+00
  0.1450000      0.0000000E+00
  0.1453333      0.0000000E+00
  0.1456667      0.0000000E+00
  0.1460000      0.0000000E+00
  0.1463333      0.0000000E+00
  0.1466667      0.0000000E+00
  0.1470000      0.0000000E+00
  0.1473333      0.0000000E+00
  0.1476667     -3.4977667E-18
  0.1480000     -5.8266755E-18
  0.1483333     -7.9875612E-18
  0.1486667     -1.0213494E-17
  0.1490000     -1.2599527E-17
  0.1493333     -1.5207868E-17
  0.1496667     -1.8090465E-17
  0.1500000     -2.1296769E-17
  0.1503333     -2.4877222E-17
  0.1506667     -2.8885213E-17
  0.1510000     -3.3378395E-17
  0.1513333     -3.8419694E-17
  0.1516667     -4.4078231E-17
  0.1520000     -5.0430181E-17
  0.1523333     -5.7559641E-17
  0.1526667     -6.5559516E-17
  0.1530000     -7.4532487E-17
  0.1533333     -8.4592016E-17
  0.1536667     -9.5863404E-17
  0.1540000     -1.0848498E-16
  0.1543333     -1.2260930E-16
  0.1546667     -1.3840456E-16
  0.1550000     -1.5605597E-16
  0.1553333     -1.7576736E-16
  0.1556667     -1.9776278E-16
  0.1560000     -2.2228837E-16
  0.1563333     -2.4961418E-16
  0.1566667     -2.8003632E-16
  0.1570000     -3.1387910E-16
  0.1573333     -3.5149734E-16
  0.1576667     -3.9327896E-16
  0.1580000     -4.3964753E-16
  0.1583333     -4.9106507E-16
  0.1586667     -5.4803529E-16
  0.1590000     -6.1110632E-16
  0.1593333     -6.8087452E-16
  0.1596667     -7.5798760E-16
  0.1600000     -8.4314867E-16
  0.1603333     -9.3711998E-16
  0.1606667     -1.0407269E-15
  0.1610000     -1.1548625E-15
  0.1613333     -1.2804918E-15
  0.1616667     -1.4186565E-15
  0.1620000     -1.5704798E-15
  0.1623333     -1.7371715E-15
  0.1626667     -1.9200331E-15
  0.1630000     -2.1204633E-15
  0.1633333     -2.3399630E-15
  0.1636667     -2.5801422E-15
  0.1640000     -2.8427239E-15
  0.1643333     -3.1295517E-15
  0.1646667     -3.4425949E-15
  0.1650000     -3.7839541E-15
  0.1653333     -4.1558689E-15
  0.1656667     -4.5607218E-15
  0.1660000     -5.0010452E-15
  0.1663333     -5.4795281E-15
  0.1666667     -5.9990202E-15
  0.1670000     -6.5625398E-15
  0.1673333     -7.1732764E-15
  0.1676667     -7.8345991E-15
  0.1680000     -8.5500573E-15
  0.1683333     -9.3233908E-15
  0.1686667     -1.0158529E-14
  0.1690000     -1.1059595E-14
  0.1693333     -1.2030913E-14
  0.1696667     -1.3077004E-14
  0.1700000     -1.4202593E-14
  0.1703333     -1.5412606E-14
  0.1706667     -1.6712172E-14
  0.1710000     -1.8106620E-14
  0.1713333     -1.9601481E-14
  0.1716667     -2.1202476E-14
  0.1720000     -2.2915521E-14
  0.1723333     -2.4746716E-14
  0.1726667     -2.6702338E-14
  0.1730000     -2.8788827E-14
  0.1733333     -3.1012790E-14
  0.1736667     -3.3380969E-14
  0.1740000     -3.5900241E-14
  0.1743333     -3.8577597E-14
  0.1746667     -4.1420125E-14
  0.1750000     -4.4434979E-14
  0.1753333     -4.7629378E-14
  0.1756667     -5.1010560E-14
  0.1760000     -5.4585771E-14
  0.1763333     -5.8362223E-14
  0.1766667     -6.2347059E-14
  0.1770000     -6.6547354E-14
  0.1773333     -7.0970018E-14
  0.1776667     -7.5621814E-14
  0.1780000     -8.0509282E-14
  0.1783333     -8.5638710E-14
  0.1786667     -9.1016089E-14
  0.1790000     -9.6647049E-14
  0.1793333     -1.0253683E-13
  0.1796667     -1.0869020E-13
  0.1800000     -1.1511145E-13
  0.1803333     -1.2180427E-13
  0.1806667     -1.2877178E-13
  0.1810000     -1.3601635E-13
  0.1813333     -1.4353965E-13
  0.1816667     -1.5134258E-13
  0.1820000     -1.5942509E-13
  0.1823333     -1.6778629E-13
  0.1826667     -1.7642424E-13
  0.1830000     -1.8533599E-13
  0.1833333     -1.9451746E-13
  0.1836667     -2.0396338E-13
  0.1840000     -2.1366730E-13
  0.1843333     -2.2362143E-13
  0.1846667     -2.3381666E-13
  0.1850000     -2.4424251E-13
  0.1853333     -2.5488701E-13
  0.1856667     -2.6573676E-13
  0.1860000     -2.7677676E-13
  0.1863333     -2.8799052E-13
  0.1866667     -2.9935993E-13
  0.1870000     -3.1086524E-13
  0.1873333     -3.2248509E-13
  0.1876667     -3.3419648E-13
  0.1880000     -3.4597477E-13
  0.1883333     -3.5779357E-13
  0.1886667     -3.6962496E-13
  0.1890000     -3.8143940E-13
  0.1893333     -3.9320565E-13
  0.1896667     -4.0489105E-13
  0.1900000     -4.1646135E-13
  0.1903333     -4.2788085E-13
  0.1906667     -4.3911251E-13
  0.1910000     -4.5011789E-13
  0.1913333     -4.6085748E-13
  0.1916667     -4.7129043E-13
  0.1920000     -4.8137509E-13
  0.1923333     -4.9106877E-13
  0.1926667     -5.0032808E-13
  0.1930000     -5.0910887E-13
  0.1933333     -5.1736659E-13
  0.1936667     -5.2505591E-13
  0.1940000     -5.3213244E-13
  0.1943333     -5.3855087E-13
  0.1946667     -5.4426618E-13
  0.1950000     -5.4923389E-13
  0.1953333     -5.5341002E-13
  0.1956667     -5.5675126E-13
  0.1960000     -5.5921533E-13
  0.1963333     -5.6076118E-13
  0.1966667     -5.6134904E-13
  0.1970000     -5.6094078E-13
  0.1973333     -5.5950004E-13
  0.1976667     -5.5699249E-13
  0.1980000     -5.5338606E-13
  0.1983333     -5.4865102E-13
  0.1986667     -5.4276034E-13
  0.1990000     -5.3568982E-13
  0.1993333     -5.2741828E-13
  0.1996667     -5.1792777E-13
  0.2000000     -5.0720371E-13
  0.2003333     -4.9523498E-13
  0.2006667     -4.8201433E-13
  0.2010000     -4.6753828E-13
  0.2013333     -4.5180727E-13
  0.2016667     -4.3482587E-13
  0.2020000     -4.1660287E-13
  0.2023333     -3.9715122E-13
  0.2026667     -3.7648831E-13
  0.2030000     -3.5463578E-13
  0.2033333     -3.3161971E-13
  0.2036667     -3.0747057E-13
  0.2040000     -2.8222322E-13
  0.2043333     -2.5591679E-13
  0.2046667     -2.2859476E-13
  0.2050000     -2.0030475E-13
  0.2053333     -1.7109851E-13
  0.2056667     -1.4103174E-13
  0.2060000     -1.1016400E-13
  0.2063333     -7.8558470E-14
  0.2066667     -4.6281840E-14
  0.2070000     -1.3404078E-14
  0.2073333      2.0001802E-14
  0.2076667      5.3859969E-14
  0.2080000      8.8092023E-14
  0.2083333      1.2261729E-13
  0.2086667      1.5735309E-13
  0.2090000      1.9221505E-13
  0.2093333      2.2711738E-13
  0.2096667      2.6197325E-13
  0.2100000      2.9669510E-13
  0.2103333      3.3119490E-13
  0.2106667      3.6538467E-13
  0.2110000      3.9917660E-13
  0.2113333      4.3248361E-13
  0.2116667      4.6521950E-13
  0.2120000      4.9729952E-13
  0.2123333      5.2864039E-13
  0.2126667      5.5916101E-13
  0.2130000      5.8878249E-13
  0.2133333      6.1742863E-13
  0.2136667      6.4502613E-13
  0.2140000      6.7150528E-13
  0.2143333      6.9679852E-13
  0.2146667      7.2084445E-13
  0.2150000      7.4358320E-13
  0.2153333      7.6496096E-13
  0.2156667      7.8492741E-13
  0.2160000      8.0343718E-13
  0.2163333      8.2044967E-13
  0.2166667      8.3592920E-13
  0.2170000      8.4984510E-13
  0.2173333      8.6217199E-13
  0.2176667      8.7288954E-13
  0.2180000      8.8198280E-13
  0.2183333      8.8944211E-13
  0.2186667      8.9526292E-13
  0.2190000      8.9944621E-13
  0.2193333      9.0199793E-13
  0.2196667      9.0292926E-13
  0.2200000      9.0225635E-13
  0.2203333      9.0000034E-13
  0.2206667      8.9618704E-13
  0.2210000      8.9084691E-13
  0.2213333      8.8401481E-13
  0.2216667      8.7572994E-13
  0.2220000      8.6603527E-13
  0.2223333      8.5497776E-13
  0.2226667      8.4260783E-13
  0.2230000      8.2897919E-13
  0.2233333      8.1414855E-13
  0.2236667      7.9817538E-13
  0.2240000      7.8112159E-13
  0.2243333      7.6305124E-13
  0.2246667      7.4403038E-13
  0.2250000      7.2412643E-13
  0.2253333      7.0340831E-13
  0.2256667      6.8194582E-13
  0.2260000      6.5980945E-13
  0.2263333      6.3707020E-13
  0.2266667      6.1379910E-13
  0.2270000      5.9006700E-13
  0.2273333      5.6594448E-13
  0.2276667      5.4150131E-13
  0.2280000      5.1680638E-13
  0.2283333      4.9192735E-13
  0.2286667      4.6693058E-13
  0.2290000      4.4188080E-13
  0.2293333      4.1684082E-13
  0.2296667      3.9187159E-13
  0.2300000      3.6703184E-13
  0.2303333      3.4237798E-13
  0.2306667      3.1796392E-13
  0.2310000      2.9384107E-13
  0.2313333      2.7005804E-13
  0.2316667      2.4666076E-13
  0.2320000      2.2369220E-13
  0.2323333      2.0119246E-13
  0.2326667      1.7919867E-13
  0.2330000      1.5774494E-13
  0.2333333      1.3686238E-13
  0.2336667      1.1657908E-13
  0.2340000      9.6920119E-14
  0.2343333      7.7907617E-14
  0.2346667      5.9560741E-14
  0.2350000      4.1895764E-14
  0.2353333      2.4926143E-14
  0.2356667      8.6625932E-15
  0.2360000     -6.8869073E-15
  0.2363333     -2.1716915E-14
  0.2366667     -3.5824493E-14
  0.2370000     -4.9209101E-14
  0.2373333     -6.1872470E-14
  0.2376667     -7.3783326E-14
  0.2380000     -8.5053126E-14
  0.2383333     -9.5584239E-14
  0.2386667     -1.0542150E-13
  0.2390000     -1.1457614E-13
  0.2393333     -1.2306128E-13
  0.2396667     -1.3089109E-13
  0.2400000     -1.3808118E-13
  0.2403333     -1.4464830E-13
  0.2406667     -1.5061024E-13
  0.2410000     -1.5598570E-13
  0.2413333     -1.6079418E-13
  0.2416667     -1.6505582E-13
  0.2420000     -1.6879139E-13
  0.2423333     -1.7202204E-13
  0.2426667     -1.7476928E-13
  0.2430000     -1.7705489E-13
  0.2433333     -1.7890077E-13
  0.2436667     -1.8032887E-13
  0.2440000     -1.8136111E-13
  0.2443333     -1.8201933E-13
  0.2446667     -1.8232513E-13
  0.2450000     -1.8229987E-13
  0.2453333     -1.8196459E-13
  0.2456667     -1.8133996E-13
  0.2460000     -1.8044617E-13
  0.2463333     -1.7930298E-13
  0.2466667     -1.7792960E-13
  0.2470000     -1.7634466E-13
  0.2473333     -1.7456621E-13
  0.2476667     -1.7261167E-13
  0.2480000     -1.7049781E-13
  0.2483333     -1.6824073E-13
  0.2486667     -1.6585588E-13
  0.2490000     -1.6335796E-13
  0.2493333     -1.6076101E-13
  0.2496667     -1.5807841E-13
  0.2500000     -1.5532274E-13
  0.2503333     -1.5250592E-13
  0.2506667     -1.4963924E-13
  0.2510000     -1.4673324E-13
  0.2513333     -1.4380305E-13
  0.2516667     -1.4085185E-13
  0.2520000     -1.3788853E-13
  0.2523333     -1.3492163E-13
  0.2526667     -1.3195872E-13
  0.2530000     -1.2900667E-13
  0.2533333     -1.2607179E-13
  0.2536667     -1.2315982E-13
  0.2540000     -1.2027601E-13
  0.2543333     -1.1742507E-13
  0.2546667     -1.1461128E-13
  0.2550000     -1.1183846E-13
  0.2553333     -1.0911000E-13
  0.2556667     -1.0642892E-13
  0.2560000     -1.0379785E-13
  0.2563333     -1.0121910E-13
  0.2566667     -9.8694626E-14
  0.2570000     -9.6226121E-14
  0.2573333     -9.3814991E-14
  0.2576667     -9.1462394E-14
  0.2580000     -8.9169259E-14
  0.2583333     -8.6936324E-14
  0.2586667     -8.4764132E-14
  0.2590000     -8.2653062E-14
  0.2593333     -8.0603357E-14
  0.2596667     -7.8615140E-14
  0.2600000     -7.6688439E-14
  0.2603333     -7.4823184E-14
  0.2606667     -7.3019248E-14
  0.2610000     -7.1276447E-14
  0.2613333     -6.9594592E-14
  0.2616667     -6.7973452E-14
  0.2620000     -6.6412804E-14
  0.2623333     -6.4912458E-14
  0.2626667     -6.3472238E-14
  0.2630000     -6.2092021E-14
  0.2633333     -6.0771761E-14
  0.2636667     -5.9511464E-14
  0.2640000     -5.8311246E-14
  0.2643333     -5.7171309E-14
  0.2646667     -5.6091982E-14
  0.2650000     -5.5073726E-14
  0.2653333     -5.4117138E-14
  0.2656667     -5.3222973E-14
  0.2660000     -5.2392152E-14
  0.2663333     -5.1625781E-14
  0.2666667     -5.0925156E-14
  0.2670000     -5.0291775E-14
  0.2673333     -4.9727360E-14
  0.2676667     -4.9233854E-14
  0.2680000     -4.8813452E-14
  0.2683333     -4.8468591E-14
  0.2686667     -4.8201985E-14
  0.2690000     -4.8016614E-14
  0.2693333     -4.7915753E-14
  0.2696667     -4.7902973E-14
  0.2700000     -4.7982153E-14
  0.2703333     -4.8157503E-14
  0.2706667     -4.8433551E-14
  0.2710000     -4.8815173E-14
  0.2713333     -4.9307590E-14
  0.2716667     -4.9916390E-14
  0.2720000     -5.0647519E-14
  0.2723333     -5.1507294E-14
  0.2726667     -5.2502422E-14
  0.2730000     -5.3639984E-14
  0.2733333     -5.4927447E-14
  0.2736667     -5.6372682E-14
  0.2740000     -5.7983932E-14
  0.2743333     -5.9769843E-14
  0.2746667     -6.1739445E-14
  0.2750000     -6.3902151E-14
  0.2753333     -6.6267751E-14
  0.2756667     -6.8846404E-14
  0.2760000     -7.1648620E-14
  0.2763333     -7.4685267E-14
  0.2766667     -7.7967513E-14
  0.2770000     -8.1506857E-14
  0.2773333     -8.5315076E-14
  0.2776667     -8.9404199E-14
  0.2780000     -9.3786483E-14
  0.2783333     -9.8474390E-14
  0.2786667     -1.0348054E-13
  0.2790000     -1.0881766E-13
  0.2793333     -1.1449855E-13
  0.2796667     -1.2053607E-13
  0.2800000     -1.2694300E-13
  0.2803333     -1.3373207E-13
  0.2806667     -1.4091586E-13
  0.2810000     -1.4850366E-13
  0.2813333     -1.5651246E-13
  0.2816667     -1.6495270E-13
  0.2820000     -1.7383541E-13
  0.2823333     -1.8317121E-13
  0.2826667     -1.9297022E-13
  0.2830000     -2.0324188E-13
  0.2833333     -2.1399484E-13
  0.2836667     -2.2523686E-13
  0.2840000     -2.3697475E-13
  0.2843333     -2.4921417E-13
  0.2846667     -2.6195964E-13
  0.2850000     -2.7521434E-13
  0.2853333     -2.8898005E-13
  0.2856667     -3.0325699E-13
  0.2860000     -3.1804377E-13
  0.2863333     -3.3333720E-13
  0.2866667     -3.4913226E-13
  0.2870000     -3.6542194E-13
  0.2873333     -3.8219712E-13
  0.2876667     -3.9944648E-13
  0.2880000     -4.1715644E-13
  0.2883333     -4.3531097E-13
  0.2886667     -4.5389159E-13
  0.2890000     -4.7287716E-13
  0.2893333     -4.9224400E-13
  0.2896667     -5.1196552E-13
  0.2900000     -5.3201248E-13
  0.2903333     -5.5235265E-13
  0.2906667     -5.7295092E-13
  0.2910000     -5.9376934E-13
  0.2913333     -6.1476681E-13
  0.2916667     -6.3589937E-13
  0.2920000     -6.5712003E-13
  0.2923333     -6.7837879E-13
  0.2926667     -6.9962276E-13
  0.2930000     -7.2079620E-13
  0.2933333     -7.4184040E-13
  0.2936667     -7.6269411E-13
  0.2940000     -7.8329324E-13
  0.2943333     -8.0357124E-13
  0.2946667     -8.2345914E-13
  0.2950000     -8.4288582E-13
  0.2953333     -8.6177788E-13
  0.2956667     -8.8006024E-13
  0.2960000     -8.9765603E-13
  0.2963333     -9.1448680E-13
  0.2966667     -9.3047325E-13
  0.2970000     -9.4553477E-13
  0.2973333     -9.5959015E-13
  0.2976667     -9.7255710E-13
  0.2980000     -9.8435528E-13
  0.2983333     -9.9490273E-13
  0.2986667     -1.0041186E-12
  0.2990000     -1.0119231E-12
  0.2993333     -1.0182375E-12
  0.2996667     -1.0229848E-12
  0.3000000     -1.0260902E-12
  0.3003333     -1.0274813E-12
  0.3006667     -1.0270879E-12
  0.3010000     -1.0248439E-12
  0.3013333     -1.0206860E-12
  0.3016667     -1.0145553E-12
  0.3020000     -1.0063968E-12
  0.3023333     -9.9616062E-13
  0.3026667     -9.8380147E-13
  0.3030000     -9.6927999E-13
  0.3033333     -9.5256203E-13
  0.3036667     -9.3361983E-13
  0.3040000     -9.1243170E-13
  0.3043333     -8.8898301E-13
  0.3046667     -8.6326557E-13
  0.3050000     -8.3527862E-13
  0.3053333     -8.0502862E-13
  0.3056667     -7.7252956E-13
  0.3060000     -7.3780316E-13
  0.3063333     -7.0087881E-13
  0.3066667     -6.6179386E-13
  0.3070000     -6.2059369E-13
  0.3073333     -5.7733131E-13
  0.3076667     -5.3206804E-13
  0.3080000     -4.8487267E-13
  0.3083333     -4.3582209E-13
  0.3086667     -3.8500057E-13
  0.3090000     -3.3249995E-13
  0.3093333     -2.7841927E-13
  0.3096667     -2.2286456E-13
  0.3100000     -1.6594858E-13
  0.3103333     -1.0779042E-13
  0.3106667     -4.8515201E-14
  0.3110000      1.1746328E-14
  0.3113333      7.2858230E-14
  0.3116667      1.3467984E-13
  0.3120000      1.9706621E-13
  0.3123333      2.5986871E-13
  0.3126667      3.2293542E-13
  0.3130000      3.8611188E-13
  0.3133333      4.4924145E-13
  0.3136667      5.1216616E-13
  0.3140000      5.7472695E-13
  0.3143333      6.3676473E-13
  0.3146667      6.9812071E-13
  0.3150000      7.5863702E-13
  0.3153333      8.1815745E-13
  0.3156667      8.7652813E-13
  0.3160000      9.3359782E-13
  0.3163333      9.8921901E-13
  0.3166667      1.0432481E-12
  0.3170000      1.0955461E-12
  0.3173333      1.1459794E-12
  0.3176667      1.1944197E-12
  0.3180000      1.2407454E-12
  0.3183333      1.2848425E-12
  0.3186667      1.3265997E-12
  0.3190000      1.3659203E-12
  0.3193333      1.4027103E-12
  0.3196667      1.4368859E-12
  0.3200000      1.4683716E-12
  0.3203333      1.4971008E-12
  0.3206667      1.5230162E-12
  0.3210000      1.5460692E-12
  0.3213333      1.5662212E-12
  0.3216667      1.5834429E-12
  0.3220000      1.5977144E-12
  0.3223333      1.6090255E-12
  0.3226667      1.6173756E-12
  0.3230000      1.6227733E-12
  0.3233333      1.6252366E-12
  0.3236667      1.6247927E-12
  0.3240000      1.6214776E-12
  0.3243333      1.6153360E-12
  0.3246667      1.6064211E-12
  0.3250000      1.5947938E-12
  0.3253333      1.5805234E-12
  0.3256667      1.5636858E-12
  0.3260000      1.5443644E-12
  0.3263333      1.5226487E-12
  0.3266667      1.4986344E-12
  0.3270000      1.4724229E-12
  0.3273333      1.4441203E-12
  0.3276667      1.4138377E-12
  0.3280000      1.3816899E-12
  0.3283333      1.3477952E-12
  0.3286667      1.3122754E-12
  0.3290000      1.2752540E-12
  0.3293333      1.2368569E-12
  0.3296667      1.1972113E-12
  0.3300000      1.1564452E-12
  0.3303333      1.1146869E-12
  0.3306667      1.0720647E-12
  0.3310000      1.0287063E-12
  0.3313333      9.8473790E-13
  0.3316667      9.4028453E-13
  0.3320000      8.9546897E-13
  0.3323333      8.5041165E-13
  0.3326667      8.0523023E-13
  0.3330000      7.6003906E-13
  0.3333333      7.1494910E-13
  0.3336667      6.7006730E-13
  0.3340000      6.2549667E-13
  0.3343333      5.8133571E-13
  0.3346667      5.3767819E-13
  0.3350000      4.9461336E-13
  0.3353333      4.5222512E-13
  0.3356667      4.1059249E-13
  0.3360000      3.6978913E-13
  0.3363333      3.2988334E-13
  0.3366667      2.9093804E-13
  0.3370000      2.5301067E-13
  0.3373333      2.1615328E-13
  0.3376667      1.8041246E-13
  0.3380000      1.4582939E-13
  0.3383333      1.1243995E-13
  0.3386667      8.0274763E-14
  0.3390000      4.9359314E-14
  0.3393333      1.9714092E-14
  0.3396667     -8.6452765E-15
  0.3400000     -3.5707941E-14
  0.3403333     -6.1467582E-14
  0.3406667     -8.5922134E-14
  0.3410000     -1.0907381E-13
  0.3413333     -1.3092861E-13
  0.3416667     -1.5149663E-13
  0.3420000     -1.7079118E-13
  0.3423333     -1.8882899E-13
  0.3426667     -2.0562984E-13
  0.3430000     -2.2121633E-13
  0.3433333     -2.3561375E-13
  0.3436667     -2.4884944E-13
  0.3440000     -2.6095372E-13
  0.3443333     -2.7195797E-13
  0.3446667     -2.8189560E-13
  0.3450000     -2.9080151E-13
  0.3453333     -2.9871179E-13
  0.3456667     -3.0566370E-13
  0.3460000     -3.1169525E-13
  0.3463333     -3.1684516E-13
  0.3466667     -3.2115264E-13
  0.3470000     -3.2465718E-13
  0.3473333     -3.2739840E-13
  0.3476667     -3.2941591E-13
  0.3480000     -3.3074915E-13
  0.3483333     -3.3143724E-13
  0.3486667     -3.3151886E-13
  0.3490000     -3.3103210E-13
  0.3493333     -3.3001447E-13
  0.3496667     -3.2850263E-13
  0.3500000     -3.2653242E-13
  0.3503333     -3.2413875E-13
  0.3506667     -3.2135549E-13
  0.3510000     -3.1821548E-13
  0.3513333     -3.1475045E-13
  0.3516667     -3.1099090E-13
  0.3520000     -3.0696626E-13
  0.3523333     -3.0270458E-13
  0.3526667     -2.9823279E-13
  0.3530000     -2.9357650E-13
  0.3533333     -2.8876006E-13
  0.3536667     -2.8380659E-13
  0.3540000     -2.7873792E-13
  0.3543333     -2.7357459E-13
  0.3546667     -2.6833603E-13
  0.3550000     -2.6304027E-13
  0.3553333     -2.5770431E-13
  0.3556667     -2.5234391E-13
  0.3560000     -2.4697372E-13
  0.3563333     -2.4160724E-13
  0.3566667     -2.3625695E-13
  0.3570000     -2.3093428E-13
  0.3573333     -2.2564969E-13
  0.3576667     -2.2041264E-13
  0.3580000     -2.1523171E-13
  0.3583333     -2.1011463E-13
  0.3586667     -2.0506826E-13
  0.3590000     -2.0009870E-13
  0.3593333     -1.9521129E-13
  0.3596667     -1.9041072E-13
  0.3600000     -1.8570094E-13
  0.3603333     -1.8108534E-13
  0.3606667     -1.7656674E-13
  0.3610000     -1.7214737E-13
  0.3613333     -1.6782901E-13
  0.3616667     -1.6361294E-13
  0.3620000     -1.5950004E-13
  0.3623333     -1.5549080E-13
  0.3626667     -1.5158533E-13
  0.3630000     -1.4778342E-13
  0.3633333     -1.4408459E-13
  0.3636667     -1.4048804E-13
  0.3640000     -1.3699278E-13
  0.3643333     -1.3359759E-13
  0.3646667     -1.3030104E-13
  0.3650000     -1.2710156E-13
  0.3653333     -1.2399744E-13
  0.3656667     -1.2098681E-13
  0.3660000     -1.1806773E-13
  0.3663333     -1.1523814E-13
  0.3666667     -1.1249596E-13
  0.3670000     -1.0983898E-13
  0.3673333     -1.0726502E-13
  0.3676667     -1.0477181E-13
  0.3680000     -1.0235709E-13
  0.3683333     -1.0001860E-13
  0.3686667     -9.7754046E-14
  0.3690000     -9.5561166E-14
  0.3693333     -9.3437722E-14
  0.3696667     -9.1381479E-14
  0.3700000     -8.9390233E-14
  0.3703333     -8.7461830E-14
  0.3706667     -8.5594129E-14
  0.3710000     -8.3785064E-14
  0.3713333     -8.2032586E-14
  0.3716667     -8.0334699E-14
  0.3720000     -7.8689469E-14
  0.3723333     -7.7095001E-14
  0.3726667     -7.5549457E-14
  0.3730000     -7.4051069E-14
  0.3733333     -7.2598096E-14
  0.3736667     -7.1188864E-14
  0.3740000     -6.9821766E-14
  0.3743333     -6.8495231E-14
  0.3746667     -6.7207755E-14
  0.3750000     -6.5957886E-14
  0.3753333     -6.4744217E-14
  0.3756667     -6.3565398E-14
  0.3760000     -6.2420141E-14
  0.3763333     -6.1307188E-14
  0.3766667     -6.0225344E-14
  0.3770000     -5.9173457E-14
  0.3773333     -5.8150425E-14
  0.3776667     -5.7155174E-14
  0.3780000     -5.6186701E-14
  0.3783333     -5.5244017E-14
  0.3786667     -5.4326196E-14
  0.3790000     -5.3432339E-14
  0.3793333     -5.2561583E-14
  0.3796667     -5.1713110E-14
  0.3800000     -5.0886124E-14
  0.3803333     -5.0079878E-14
  0.3806667     -4.9293641E-14
  0.3810000     -4.8526728E-14
  0.3813333     -4.7778465E-14
  0.3816667     -4.7048228E-14
  0.3820000     -4.6335403E-14
  0.3823333     -4.5639402E-14
  0.3826667     -4.4959675E-14
  0.3830000     -4.4295679E-14
  0.3833333     -4.3646910E-14
  0.3836667     -4.3012868E-14
  0.3840000     -4.2393084E-14
  0.3843333     -4.1787107E-14
  0.3846667     -4.1189735E-14
  0.3850000     -4.0607478E-14
  0.3853333     -4.0039068E-14
  0.3856667     -3.9483418E-14
  0.3860000     -3.8939910E-14
  0.3863333     -3.8408082E-14
  0.3866667     -3.7887516E-14
  0.3870000     -3.7377843E-14
  0.3873333     -3.6878713E-14
  0.3876667     -3.6389809E-14
  0.3880000     -3.5910822E-14
  0.3883333     -3.5441458E-14
  0.3886667     -3.4981441E-14
  0.3890000     -3.4530508E-14
  0.3893333     -3.4088404E-14
  0.3896667     -3.3654882E-14
  0.3900000     -3.3229709E-14
  0.3903333     -3.2812664E-14
  0.3906667     -3.2403527E-14
  0.3910000     -3.2002087E-14
  0.3913333     -3.1608146E-14
  0.3916667     -3.1221509E-14
  0.3920000     -3.0841991E-14
  0.3923333     -3.0469412E-14
  0.3926667     -3.0103592E-14
  0.3930000     -2.9744365E-14
  0.3933333     -2.9391569E-14
  0.3936667     -2.9045044E-14
  0.3940000     -2.8704642E-14
  0.3943333     -2.8370210E-14
  0.3946667     -2.8041608E-14
  0.3950000     -2.7718696E-14
  0.3953333     -2.7401340E-14
  0.3956667     -2.7089411E-14
  0.3960000     -2.6782780E-14
  0.3963333     -2.6481328E-14
  0.3966667     -2.6184936E-14
  0.3970000     -2.5893485E-14
  0.3973333     -2.5606868E-14
  0.3976667     -2.5324974E-14
  0.3980000     -2.5047698E-14
  0.3983333     -2.4774938E-14
  0.3986667     -2.4506594E-14
  0.3990000     -2.4242571E-14
  0.3993333     -2.3982772E-14
  0.3996667     -2.3727109E-14
  0.4000000     -2.3475493E-14
  0.4003333     -2.3227836E-14
  0.4006667     -2.2984053E-14
  0.4010000     -2.2744066E-14
  0.4013333     -2.2507793E-14
  0.4016667     -2.2275157E-14
  0.4020000     -2.2046084E-14
  0.4023333     -2.1820500E-14
  0.4026667     -2.1598332E-14
  0.4030000     -2.1379513E-14
  0.4033333     -2.1163975E-14
  0.4036667     -2.0951650E-14
  0.4040000     -2.0742477E-14
  0.4043333     -2.0536407E-14
  0.4046667     -2.0333348E-14
  0.4050000     -2.0133255E-14
  0.4053333     -1.9936072E-14
  0.4056667     -1.9741743E-14
  0.4060000     -1.9550212E-14
  0.4063333     -1.9361388E-14
  0.4066667     -1.9175286E-14
  0.4070000     -1.8991824E-14
  0.4073333     -1.8810950E-14
  0.4076667     -1.8632617E-14
  0.4080000     -1.8456777E-14
  0.4083333     -1.8283382E-14
  0.4086667     -1.8112390E-14
  0.4090000     -1.7943720E-14
  0.4093333     -1.7777406E-14
  0.4096667     -1.7613357E-14
  0.4100000     -1.7451538E-14
  0.4103333     -1.7291907E-14
  0.4106667     -1.7134425E-14
  0.4110000     -1.6979053E-14
  0.4113333     -1.6825756E-14
  0.4116667     -1.6674492E-14
  0.4120000     -1.6525232E-14
  0.4123333     -1.6377934E-14
  0.4126667     -1.6232568E-14
  0.4130000     -1.6089106E-14
  0.4133333     -1.5947501E-14
  0.4136667     -1.5807727E-14
  0.4140000     -1.5669755E-14
  0.4143333     -1.5533551E-14
  0.4146667     -1.5399088E-14
  0.4150000     -1.5266334E-14
  0.4153333     -1.5135261E-14
  0.4156667     -1.5005839E-14
  0.4160000     -1.4878044E-14
  0.4163333     -1.4751846E-14
  0.4166667     -1.4627219E-14
  0.4170000     -1.4504138E-14
  0.4173333     -1.4382577E-14
  0.4176667     -1.4262510E-14
  0.4180000     -1.4143915E-14
  0.4183333     -1.4026766E-14
  0.4186667     -1.3911040E-14
  0.4190000     -1.3796714E-14
  0.4193333     -1.3683766E-14
  0.4196667     -1.3572174E-14
  0.4200000     -1.3461916E-14
  0.4203333     -1.3352971E-14
  0.4206667     -1.3245318E-14
  0.4210000     -1.3138937E-14
  0.4213333     -1.3033808E-14
  0.4216667     -1.2929912E-14
  0.4220000     -1.2827229E-14
  0.4223333     -1.2725741E-14
  0.4226667     -1.2625428E-14
  0.4230000     -1.2526274E-14
  0.4233333     -1.2428259E-14
  0.4236667     -1.2331368E-14
  0.4240000     -1.2235583E-14
  0.4243333     -1.2140887E-14
  0.4246667     -1.2047264E-14
  0.4250000     -1.1954697E-14
  0.4253333     -1.1863172E-14
  0.4256667     -1.1772671E-14
  0.4260000     -1.1683180E-14
  0.4263333     -1.1594686E-14
  0.4266667     -1.1507171E-14
  0.4270000     -1.1420623E-14
  0.4273333     -1.1335027E-14
  0.4276667     -1.1250370E-14
  0.4280000     -1.1166636E-14
  0.4283333     -1.1083814E-14
  0.4286667     -1.1001890E-14
  0.4290000     -1.0920852E-14
  0.4293333     -1.0840685E-14
  0.4296667     -1.0761379E-14
  0.4300000     -1.0682922E-14
  0.4303333     -1.0605300E-14
  0.4306667     -1.0528502E-14
  0.4310000     -1.0452516E-14
  0.4313333     -1.0377333E-14
  0.4316667     -1.0302939E-14
  0.4320000     -1.0229324E-14
  0.4323333     -1.0156477E-14
  0.4326667     -1.0084388E-14
  0.4330000     -1.0013047E-14
  0.4333333     -9.9424414E-15
  0.4336667     -9.8725637E-15
  0.4340000     -9.8034035E-15
  0.4343333     -9.7349505E-15
  0.4346667     -9.6671947E-15
  0.4350000     -9.6001274E-15
  0.4353333     -9.5337395E-15
  0.4356667     -9.4680216E-15
  0.4360000     -9.4029653E-15
  0.4363333     -9.3385603E-15
  0.4366667     -9.2747999E-15
  0.4370000     -9.2116747E-15
  0.4373333     -9.1491756E-15
  0.4376667     -9.0872956E-15
  0.4380000     -9.0260263E-15
  0.4383333     -8.9653592E-15
  0.4386667     -8.9052868E-15
  0.4390000     -8.8458014E-15
  0.4393333     -8.7868953E-15
  0.4396667     -8.7285619E-15
  0.4400000     -8.6707925E-15
  0.4403333     -8.6135814E-15
  0.4406667     -8.5569200E-15
  0.4410000     -8.5008023E-15
  0.4413333     -8.4452209E-15
  0.4416667     -8.3901688E-15
  0.4420000     -8.3356402E-15
  0.4423333     -8.2816283E-15
  0.4426667     -8.2281263E-15
  0.4430000     -8.1751275E-15
  0.4433333     -8.1226267E-15
  0.4436667     -8.0706163E-15
  0.4440000     -8.0190922E-15
  0.4443333     -7.9680466E-15
  0.4446667     -7.9174745E-15
  0.4450000     -7.8673699E-15
  0.4453333     -7.8177279E-15
  0.4456667     -7.7685415E-15
  0.4460000     -7.7198058E-15
  0.4463333     -7.6715147E-15
  0.4466667     -7.6236641E-15
  0.4470000     -7.5762481E-15
  0.4473333     -7.5292615E-15
  0.4476667     -7.4826992E-15
  0.4480000     -7.4365563E-15
  0.4483333     -7.3908275E-15
  0.4486667     -7.3455078E-15
  0.4490000     -7.3005922E-15
  0.4493333     -7.2560772E-15
  0.4496667     -7.2119562E-15
  0.4500000     -7.1682264E-15
  0.4503333     -7.1248820E-15
  0.4506667     -7.0819197E-15
  0.4510000     -7.0393338E-15
  0.4513333     -6.9971206E-15
  0.4516667     -6.9552755E-15
  0.4520000     -6.9137946E-15
  0.4523333     -6.8726737E-15
  0.4526667     -6.8319081E-15
  0.4530000     -6.7914945E-15
  0.4533333     -6.7514286E-15
  0.4536667     -6.7117065E-15
  0.4540000     -6.6723242E-15
  0.4543333     -6.6332776E-15
  0.4546667     -6.5945636E-15
  0.4550000     -6.5561782E-15
  0.4553333     -6.5181176E-15
  0.4556667     -6.4803780E-15
  0.4560000     -6.4429561E-15
  0.4563333     -6.4058484E-15
  0.4566667     -6.3690516E-15
  0.4570000     -6.3325615E-15
  0.4573333     -6.2963758E-15
  0.4576667     -6.2604904E-15
  0.4580000     -6.2249019E-15
  0.4583333     -6.1896077E-15
  0.4586667     -6.1546041E-15
  0.4590000     -6.1198884E-15
  0.4593333     -6.0854570E-15
  0.4596667     -6.0513067E-15
  0.4600000     -6.0174351E-15
  0.4603333     -5.9838393E-15
  0.4606667     -5.9505153E-15
  0.4610000     -5.9174615E-15
  0.4613333     -5.8846737E-15
  0.4616667     -5.8521502E-15
  0.4620000     -5.8198876E-15
  0.4623333     -5.7878833E-15
  0.4626667     -5.7561344E-15
  0.4630000     -5.7246387E-15
  0.4633333     -5.6933929E-15
  0.4636667     -5.6623949E-15
  0.4640000     -5.6316421E-15
  0.4643333     -5.6011311E-15
  0.4646667     -5.5708607E-15
  0.4650000     -5.5408275E-15
  0.4653333     -5.5110293E-15
  0.4656667     -5.4814636E-15
  0.4660000     -5.4521283E-15
  0.4663333     -5.4230209E-15
  0.4666667     -5.3941387E-15
  0.4670000     -5.3654798E-15
  0.4673333     -5.3370419E-15
  0.4676667     -5.3088226E-15
  0.4680000     -5.2808197E-15
  0.4683333     -5.2530315E-15
  0.4686667     -5.2254551E-15
  0.4690000     -5.1980887E-15
  0.4693333     -5.1709303E-15
  0.4696667     -5.1439773E-15
  0.4700000     -5.1172284E-15
  0.4703333     -5.0906816E-15
  0.4706667     -5.0643338E-15
  0.4710000     -5.0381842E-15
  0.4713333     -5.0122302E-15
  0.4716667     -4.9864703E-15
  0.4720000     -4.9609021E-15
  0.4723333     -4.9355242E-15
  0.4726667     -4.9103343E-15
  0.4730000     -4.8853307E-15
  0.4733333     -4.8605118E-15
  0.4736667     -4.8358758E-15
  0.4740000     -4.8114207E-15
  0.4743333     -4.7871448E-15
  0.4746667     -4.7630463E-15
  0.4750000     -4.7391235E-15
  0.4753333     -4.7153752E-15
  0.4756667     -4.6917994E-15
  0.4760000     -4.6683941E-15
  0.4763333     -4.6451579E-15
  0.4766667     -4.6220894E-15
  0.4770000     -4.5991869E-15
  0.4773333     -4.5764487E-15
  0.4776667     -4.5538736E-15
  0.4780000     -4.5314594E-15
  0.4783333     -4.5092053E-15
  0.4786667     -4.4871096E-15
  0.4790000     -4.4651706E-15
  0.4793333     -4.4433866E-15
  0.4796667     -4.4217572E-15
  0.4800000     -4.4002798E-15
  0.4803333     -4.3789532E-15
  0.4806667     -4.3577770E-15
  0.4810000     -4.3367486E-15
  0.4813333     -4.3158671E-15
  0.4816667     -4.2951313E-15
  0.4820000     -4.2745395E-15
  0.4823333     -4.2540908E-15
  0.4826667     -4.2337836E-15
  0.4830000     -4.2136166E-15
  0.4833333     -4.1935890E-15
  0.4836667     -4.1736989E-15
  0.4840000     -4.1539453E-15
  0.4843333     -4.1343272E-15
  0.4846667     -4.1148433E-15
  0.4850000     -4.0954920E-15
  0.4853333     -4.0762724E-15
  0.4856667     -4.0571832E-15
  0.4860000     -4.0382236E-15
  0.4863333     -4.0193920E-15
  0.4866667     -4.0006874E-15
  0.4870000     -3.9821090E-15
  0.4873333     -3.9636551E-15
  0.4876667     -3.9453249E-15
  0.4880000     -3.9271175E-15
  0.4883333     -3.9090312E-15
  0.4886667     -3.8910656E-15
  0.4890000     -3.8732195E-15
  0.4893333     -3.8554920E-15
  0.4896667     -3.8378813E-15
  0.4900000     -3.8203871E-15
  0.4903333     -3.8030085E-15
  0.4906667     -3.7857439E-15
  0.4910000     -3.7685927E-15
  0.4913333     -3.7515538E-15
  0.4916667     -3.7346263E-15
  0.4920000     -3.7178089E-15
  0.4923333     -3.7011011E-15
  0.4926667     -3.6845023E-15
  0.4930000     -3.6680105E-15
  0.4933333     -3.6516255E-15
  0.4936667     -3.6353464E-15
  0.4940000     -3.6191723E-15
  0.4943333     -3.6031020E-15
  0.4946667     -3.5871350E-15
  0.4950000     -3.5712701E-15
  0.4953333     -3.5555063E-15
  0.4956667     -3.5398432E-15
  0.4960000     -3.5243305E-15
  0.4963333     -3.5088755E-15
  0.4966667     -3.4934489E-15
  0.4970000     -3.4781796E-15
  0.4973333     -3.4630067E-15
  0.4976667     -3.4479294E-15
  0.4980000     -3.4329468E-15
  0.4983333     -3.4180583E-15
  0.4986667     -3.4032632E-15
  0.4990000     -3.3885604E-15
  0.4993333     -3.3738959E-15
  0.4996667     -3.3593869E-15
  0.5000000     -3.3449644E-15
  0.5003333     -3.3306295E-15
  0.5006667     -3.3163820E-15
  0.5010000     -3.3022215E-15
  0.5013334     -3.2881478E-15
  0.5016667     -3.2741601E-15
  0.5020000     -3.2602582E-15
  0.5023333     -3.2464412E-15
  0.5026667     -3.2327084E-15
  0.5030000     -3.2190594E-15
  0.5033333     -3.2054933E-15
  0.5036666     -3.1920096E-15
  0.5040000     -3.1786169E-15
  0.5043333     -3.1652954E-15
  0.5046667     -3.1520546E-15
  0.5050000     -3.1388936E-15
  0.5053333     -3.1258118E-15
  0.5056667     -3.1128088E-15
  0.5060000     -3.0998837E-15
  0.5063334     -3.0870361E-15
  0.5066667     -3.0742652E-15
  0.5070000     -3.0615707E-15
  0.5073333     -3.0489516E-15
  0.5076666     -3.0364075E-15
  0.5080000     -3.0239379E-15
  0.5083333     -3.0115422E-15
  0.5086667     -2.9992198E-15
  0.5090000     -2.9869700E-15
  0.5093333     -2.9747922E-15
  0.5096667     -2.9626862E-15
  0.5100000     -2.9506511E-15
  0.5103334     -2.9386866E-15
  0.5106667     -2.9267919E-15
  0.5110000     -2.9149667E-15
  0.5113333     -2.9032103E-15
  0.5116667     -2.8915223E-15
  0.5120000     -2.8799021E-15
  0.5123333     -2.8683492E-15
  0.5126666     -2.8568632E-15
  0.5130000     -2.8454433E-15
  0.5133333     -2.8340892E-15
  0.5136667     -2.8228004E-15
  0.5140000     -2.8115764E-15
  0.5143333     -2.8004167E-15
  0.5146667     -2.7893210E-15
  0.5150000     -2.7782884E-15
  0.5153334     -2.7673187E-15
  0.5156667     -2.7564114E-15
  0.5160000     -2.7455660E-15
  0.5163333     -2.7347822E-15
  0.5166667     -2.7240592E-15
  0.5170000     -2.7133970E-15
  0.5173333     -2.7027947E-15
  0.5176666     -2.6922521E-15
  0.5180000     -2.6817688E-15
  0.5183333     -2.6713441E-15
  0.5186667     -2.6609779E-15
  0.5190000     -2.6506695E-15
  0.5193334     -2.6404187E-15
  0.5196667     -2.6302249E-15
  0.5200000     -2.6200878E-15
  0.5203333     -2.6100071E-15
  0.5206667     -2.5999820E-15
  0.5210000     -2.5900125E-15
  0.5213333     -2.5800979E-15
  0.5216666     -2.5702378E-15
  0.5220000     -2.5604322E-15
  0.5223333     -2.5506803E-15
  0.5226667     -2.5409817E-15
  0.5230000     -2.5313364E-15
  0.5233333     -2.5217437E-15
  0.5236667     -2.5122034E-15
  0.5240000     -2.5027149E-15
  0.5243334     -2.4932781E-15
  0.5246667     -2.4838924E-15
  0.5250000     -2.4745574E-15
  0.5253333     -2.4652731E-15
  0.5256667     -2.4560387E-15
  0.5260000     -2.4468541E-15
  0.5263333     -2.4377191E-15
  0.5266666     -2.4286330E-15
  0.5270000     -2.4195956E-15
  0.5273333     -2.4106064E-15
  0.5276667     -2.4016656E-15
  0.5280000     -2.3927721E-15
  0.5283333     -2.3839262E-15
  0.5286667     -2.3751272E-15
  0.5290000     -2.3663750E-15
  0.5293334     -2.3576692E-15
  0.5296667     -2.3490093E-15
  0.5300000     -2.3403952E-15
  0.5303333     -2.3318264E-15
  0.5306666     -2.3233030E-15
  0.5310000     -2.3148239E-15
  0.5313333     -2.3063896E-15
  0.5316667     -2.2979995E-15
  0.5320000     -2.2896531E-15
  0.5323333     -2.2813505E-15
  0.5326667     -2.2730908E-15
  0.5330000     -2.2648744E-15
  0.5333334     -2.2567005E-15
  0.5336667     -2.2485690E-15
  0.5340000     -2.2404796E-15
  0.5343333     -2.2324322E-15
  0.5346667     -2.2244260E-15
  0.5350000     -2.2164614E-15
  0.5353333     -2.2085376E-15
  0.5356666     -2.2006545E-15
  0.5360000     -2.1928116E-15
  0.5363333     -2.1850092E-15
  0.5366667     -2.1772465E-15
  0.5370000     -2.1695233E-15
  0.5373333     -2.1618396E-15
  0.5376667     -2.1541949E-15
  0.5380000     -2.1465890E-15
  0.5383334     -2.1390218E-15
  0.5386667     -2.1314928E-15
  0.5390000     -2.1240018E-15
  0.5393333     -2.1165488E-15
  0.5396667     -2.1091332E-15
  0.5400000     -2.1017549E-15
  0.5403333     -2.0944137E-15
  0.5406666     -2.0871091E-15
  0.5410000     -2.0798413E-15
  0.5413333     -2.0726098E-15
  0.5416667     -2.0654142E-15
  0.5420000     -2.0582547E-15
  0.5423333     -2.0511307E-15
  0.5426667     -2.0440421E-15
  0.5430000     -2.0369887E-15
  0.5433334     -2.0299702E-15
  0.5436667     -2.0229862E-15
  0.5440000     -2.0160369E-15
  0.5443333     -2.0091217E-15
  0.5446666     -2.0022406E-15
  0.5450000     -1.9953934E-15
  0.5453333     -1.9885797E-15
  0.5456667     -1.9817994E-15
  0.5460000     -1.9750521E-15
  0.5463333     -1.9683379E-15
  0.5466667     -1.9616565E-15
  0.5470000     -1.9550075E-15
  0.5473334     -1.9483909E-15
  0.5476667     -1.9418065E-15
  0.5480000     -1.9352539E-15
  0.5483333     -1.9287330E-15
  0.5486667     -1.9222437E-15
  0.5490000     -1.9157855E-15
  0.5493333     -1.9093586E-15
  0.5496666     -1.9029624E-15
  0.5500000     -1.8965970E-15
  0.5503333     -1.8902622E-15
  0.5506667     -1.8839578E-15
  0.5510000     -1.8776834E-15
  0.5513333     -1.8714390E-15
  0.5516667     -1.8652244E-15
  0.5520000     -1.8590393E-15
  0.5523334     -1.8528835E-15
  0.5526667     -1.8467571E-15
  0.5530000     -1.8406596E-15
  0.5533333     -1.8345910E-15
  0.5536667     -1.8285510E-15
  0.5540000     -1.8225396E-15
  0.5543333     -1.8165566E-15
  0.5546666     -1.8106015E-15
  0.5550000     -1.8046746E-15
  0.5553333     -1.7987753E-15
  0.5556667     -1.7929036E-15
  0.5560000     -1.7870595E-15
  0.5563334     -1.7812427E-15
  0.5566667     -1.7754529E-15
  0.5570000     -1.7696902E-15
  0.5573334     -1.7639542E-15
  0.5576667     -1.7582448E-15
  0.5580000     -1.7525619E-15
  0.5583333     -1.7469053E-15
  0.5586666     -1.7412747E-15
  0.5590000     -1.7356702E-15
  0.5593333     -1.7300916E-15
  0.5596667     -1.7245386E-15
  0.5600000     -1.7190111E-15
  0.5603333     -1.7135090E-15
  0.5606667     -1.7080321E-15
  0.5610000     -1.7025803E-15
  0.5613334     -1.6971533E-15
  0.5616667     -1.6917512E-15
  0.5620000     -1.6863736E-15
  0.5623333     -1.6810205E-15
  0.5626667     -1.6756917E-15
  0.5630000     -1.6703871E-15
  0.5633333     -1.6651065E-15
  0.5636666     -1.6598498E-15
  0.5640000     -1.6546168E-15
  0.5643333     -1.6494075E-15
  0.5646667     -1.6442216E-15
  0.5650000     -1.6390590E-15
  0.5653333     -1.6339197E-15
  0.5656667     -1.6288034E-15
  0.5660000     -1.6237100E-15
  0.5663334     -1.6186393E-15
  0.5666667     -1.6135914E-15
  0.5670000     -1.6085660E-15
  0.5673333     -1.6035629E-15
  0.5676666     -1.5985821E-15
  0.5680000     -1.5936234E-15
  0.5683333     -1.5886866E-15
  0.5686666     -1.5837718E-15
  0.5690000     -1.5788787E-15
  0.5693333     -1.5740072E-15
  0.5696667     -1.5691573E-15
  0.5700000     -1.5643287E-15
  0.5703334     -1.5595213E-15
  0.5706667     -1.5547350E-15
  0.5710000     -1.5499698E-15
  0.5713333     -1.5452254E-15
  0.5716667     -1.5405018E-15
  0.5720000     -1.5357988E-15
  0.5723333     -1.5311163E-15
  0.5726666     -1.5264543E-15
  0.5730000     -1.5218125E-15
  0.5733333     -1.5171909E-15
  0.5736667     -1.5125894E-15
  0.5740000     -1.5080078E-15
  0.5743333     -1.5034460E-15
  0.5746667     -1.4989040E-15
  0.5750000     -1.4943815E-15
  0.5753334     -1.4898785E-15
  0.5756667     -1.4853950E-15
  0.5760000     -1.4809307E-15
  0.5763333     -1.4764856E-15
  0.5766667     -1.4720595E-15
  0.5770000     -1.4676523E-15
  0.5773333     -1.4632640E-15
  0.5776666     -1.4588945E-15
  0.5780000     -1.4545436E-15
  0.5783333     -1.4502112E-15
  0.5786667     -1.4458973E-15
  0.5790000     -1.4416017E-15
  0.5793333     -1.4373243E-15
  0.5796667     -1.4330650E-15
  0.5800000     -1.4288238E-15
  0.5803334     -1.4246005E-15
  0.5806667     -1.4203949E-15
  0.5810000     -1.4162071E-15
  0.5813333     -1.4120370E-15
  0.5816666     -1.4078843E-15
  0.5820000     -1.4037492E-15
  0.5823333     -1.3996312E-15
  0.5826667     -1.3955306E-15
  0.5830000     -1.3914472E-15
  0.5833333     -1.3873807E-15
  0.5836667     -1.3833312E-15
  0.5840000     -1.3792986E-15
  0.5843334     -1.3752828E-15
  0.5846667     -1.3712837E-15
  0.5850000     -1.3673011E-15
  0.5853333     -1.3633351E-15
  0.5856667     -1.3593855E-15
  0.5860000     -1.3554522E-15
  0.5863333     -1.3515351E-15
  0.5866666     -1.3476342E-15
  0.5870000     -1.3437493E-15
  0.5873333     -1.3398804E-15
  0.5876667     -1.3360274E-15
  0.5880000     -1.3321902E-15
  0.5883333     -1.3283687E-15
  0.5886667     -1.3245629E-15
  0.5890000     -1.3207725E-15
  0.5893334     -1.3169977E-15
  0.5896667     -1.3132383E-15
  0.5900000     -1.3094942E-15
  0.5903333     -1.3057652E-15
  0.5906667     -1.3020514E-15
  0.5910000     -1.2983527E-15
  0.5913333     -1.2946690E-15
  0.5916666     -1.2910002E-15
  0.5920000     -1.2873461E-15
  0.5923333     -1.2837068E-15
  0.5926667     -1.2800822E-15
  0.5930000     -1.2764722E-15
  0.5933333     -1.2728766E-15
  0.5936667     -1.2692956E-15
  0.5940000     -1.2657289E-15
  0.5943334     -1.2621764E-15
  0.5946667     -1.2586382E-15
  0.5950000     -1.2551142E-15
  0.5953333     -1.2516040E-15
  0.5956666     -1.2481080E-15
  0.5960000     -1.2446259E-15
  0.5963333     -1.2411576E-15
  0.5966667     -1.2377031E-15
  0.5970000     -1.2342622E-15
  0.5973333     -1.2308350E-15
  0.5976667     -1.2274214E-15
  0.5980000     -1.2240213E-15
  0.5983334     -1.2206345E-15
  0.5986667     -1.2172611E-15
  0.5990000     -1.2139009E-15
  0.5993333     -1.2105541E-15
  0.5996667     -1.2072203E-15
  0.6000000     -1.2038996E-15
  0.6003333     -1.2005919E-15
  0.6006666     -1.1972972E-15
  0.6010000     -1.1940153E-15
  0.6013333     -1.1907462E-15
  0.6016667     -1.1874899E-15
  0.6020000     -1.1842463E-15
  0.6023333     -1.1810153E-15
  0.6026667     -1.1777968E-15
  0.6030000     -1.1745908E-15
  0.6033334     -1.1713972E-15
  0.6036667     -1.1682160E-15
  0.6040000     -1.1650470E-15
  0.6043333     -1.1618903E-15
  0.6046667     -1.1587458E-15
  0.6050000     -1.1556135E-15
  0.6053333     -1.1524931E-15
  0.6056666     -1.1493847E-15
  0.6060000     -1.1462884E-15
  0.6063333     -1.1432038E-15
  0.6066667     -1.1401310E-15
  0.6070000     -1.1370701E-15
  0.6073334     -1.1340207E-15
  0.6076667     -1.1309831E-15
  0.6080000     -1.1279570E-15
  0.6083333     -1.1249424E-15
  0.6086667     -1.1219393E-15
  0.6090000     -1.1189476E-15
  0.6093333     -1.1159673E-15
  0.6096666     -1.1129982E-15
  0.6100000     -1.1100404E-15
  0.6103333     -1.1070937E-15
  0.6106667     -1.1041582E-15
  0.6110000     -1.1012337E-15
  0.6113333     -1.0983202E-15
  0.6116667     -1.0954177E-15
  0.6120000     -1.0925262E-15
  0.6123334     -1.0896454E-15
  0.6126667     -1.0867755E-15
  0.6130000     -1.0839163E-15
  0.6133333     -1.0810678E-15
  0.6136667     -1.0782300E-15
  0.6140000     -1.0754028E-15
  0.6143333     -1.0725860E-15
  0.6146666     -1.0697797E-15
  0.6150000     -1.0669840E-15
  0.6153333     -1.0641985E-15
  0.6156667     -1.0614234E-15
  0.6160000     -1.0586587E-15
  0.6163333     -1.0559042E-15
  0.6166667     -1.0531598E-15
  0.6170000     -1.0504256E-15
  0.6173334     -1.0477014E-15
  0.6176667     -1.0449873E-15
  0.6180000     -1.0422831E-15
  0.6183333     -1.0395889E-15
  0.6186666     -1.0369047E-15
  0.6190000     -1.0342302E-15
  0.6193333     -1.0315656E-15
  0.6196667     -1.0289107E-15
  0.6200000     -1.0262655E-15
  0.6203333     -1.0236300E-15
  0.6206667     -1.0210041E-15
  0.6210000     -1.0183877E-15
  0.6213334     -1.0157810E-15
  0.6216667     -1.0131836E-15
  0.6220000     -1.0105956E-15
  0.6223333     -1.0080172E-15
  0.6226667     -1.0054480E-15
  0.6230000     -1.0028881E-15
  0.6233333     -1.0003374E-15
  0.6236666     -9.9779602E-16
  0.6240000     -9.9526382E-16
  0.6243333     -9.9274072E-16
  0.6246667     -9.9022662E-16
  0.6250000     -9.8772163E-16
  0.6253333     -9.8522563E-16
  0.6256667     -9.8273853E-16
  0.6260000     -9.8026043E-16
  0.6263334     -9.7779112E-16
  0.6266667     -9.7533070E-16
  0.6270000     -9.7287907E-16
  0.6273333     -9.7043612E-16
  0.6276667     -9.6800185E-16
  0.6280000     -9.6557637E-16
  0.6283333     -9.6315947E-16
  0.6286666     -9.6075104E-16
  0.6290000     -9.5835129E-16
  0.6293333     -9.5596001E-16
  0.6296667     -9.5357720E-16
  0.6300000     -9.5120275E-16
  0.6303333     -9.4883678E-16
  0.6306667     -9.4647917E-16
  0.6310000     -9.4412982E-16
  0.6313334     -9.4178872E-16
  0.6316667     -9.3945589E-16
  0.6320000     -9.3713121E-16
  0.6323333     -9.3481478E-16
  0.6326666     -9.3250641E-16
  0.6330000     -9.3020608E-16
  0.6333333     -9.2791390E-16
  0.6336667     -9.2562966E-16
  0.6340000     -9.2335337E-16
  0.6343333     -9.2108512E-16
  0.6346667     -9.1882471E-16
  0.6350000     -9.1657213E-16
  0.6353334     -9.1432739E-16
  0.6356667     -9.1209048E-16
  0.6360000     -9.0986130E-16
  0.6363333     -9.0763985E-16
  0.6366667     -9.0542613E-16
  0.6370000     -9.0322003E-16
  0.6373333     -9.0102156E-16
  0.6376666     -8.9883060E-16
  0.6380000     -8.9664727E-16
  0.6383333     -8.9447145E-16
  0.6386667     -8.9230315E-16
  0.6390000     -8.9014227E-16
  0.6393333     -8.8798879E-16
  0.6396667     -8.8584267E-16
  0.6400000     -8.8370392E-16
  0.6403334     -8.8157252E-16
  0.6406667     -8.7944837E-16
  0.6410000     -8.7733147E-16
  0.6413333     -8.7522178E-16
  0.6416667     -8.7311929E-16
  0.6420000     -8.7102399E-16
  0.6423333     -8.6893579E-16
  0.6426666     -8.6685468E-16
  0.6430000     -8.6478062E-16
  0.6433333     -8.6271359E-16
  0.6436667     -8.6065355E-16
  0.6440000     -8.5860051E-16
  0.6443334     -8.5655439E-16
  0.6446667     -8.5451516E-16
  0.6450000     -8.5248281E-16
  0.6453333     -8.5045729E-16
  0.6456667     -8.4843865E-16
  0.6460000     -8.4642674E-16
  0.6463333     -8.4442160E-16
  0.6466666     -8.4242318E-16
  0.6470000     -8.4043144E-16
  0.6473333     -8.3844642E-16
  0.6476667     -8.3646796E-16
  0.6480000     -8.3449617E-16
  0.6483333     -8.3253095E-16
  0.6486667     -8.3057229E-16
  0.6490000     -8.2862009E-16
  0.6493334     -8.2667446E-16
  0.6496667     -8.2473528E-16
  0.6500000     -8.2280251E-16
  0.6503333     -8.2087615E-16
  0.6506667     -8.1895619E-16
  0.6510000     -8.1704258E-16
  0.6513333     -8.1513533E-16
  0.6516666     -8.1323437E-16
  0.6520000     -8.1133967E-16
  0.6523333     -8.0945121E-16
  0.6526667     -8.0756894E-16
  0.6530000     -8.0569292E-16
  0.6533333     -8.0382304E-16
  0.6536667     -8.0195931E-16
  0.6540000     -8.0010166E-16
  0.6543334     -7.9825010E-16
  0.6546667     -7.9640462E-16
  0.6550000     -7.9456519E-16
  0.6553333     -7.9273178E-16
  0.6556666     -7.9090431E-16
  0.6560000     -7.8908282E-16
  0.6563333     -7.8726726E-16
  0.6566667     -7.8545762E-16
  0.6570000     -7.8365381E-16
  0.6573333     -7.8185593E-16
  0.6576667     -7.8006382E-16
  0.6580000     -7.7827759E-16
  0.6583334     -7.7649707E-16
  0.6586667     -7.7472238E-16
  0.6590000     -7.7295335E-16
  0.6593333     -7.7119009E-16
  0.6596667     -7.6943250E-16
  0.6600000     -7.6768057E-16
  0.6603333     -7.6593425E-16
  0.6606666     -7.6419360E-16
  0.6610000     -7.6245851E-16
  0.6613333     -7.6072897E-16
  0.6616667     -7.5900500E-16
  0.6620000     -7.5728658E-16
  0.6623333     -7.5557361E-16
  0.6626667     -7.5386615E-16
  0.6630000     -7.5216415E-16
  0.6633334     -7.5046754E-16
  0.6636667     -7.4877633E-16
  0.6640000     -7.4709052E-16
  0.6643333     -7.4541012E-16
  0.6646667     -7.4373500E-16
  0.6650000     -7.4206524E-16
  0.6653333     -7.4040076E-16
  0.6656666     -7.3874153E-16
  0.6660000     -7.3708759E-16
  0.6663333     -7.3543890E-16
  0.6666667     -7.3379539E-16
  0.6670000     -7.3215702E-16
  0.6673333     -7.3052388E-16
  0.6676667     -7.2889589E-16
  0.6680000     -7.2727297E-16
  0.6683334     -7.2565519E-16
  0.6686667     -7.2404249E-16
  0.6690000     -7.2243488E-16
  0.6693333     -7.2083224E-16
  0.6696666     -7.1923468E-16
  0.6700000     -7.1764210E-16
  0.6703333     -7.1605450E-16
  0.6706667     -7.1447187E-16
  0.6710000     -7.1289416E-16
  0.6713333     -7.1132138E-16
  0.6716667     -7.0975347E-16
  0.6720000     -7.0819048E-16
  0.6723334     -7.0663231E-16
  0.6726667     -7.0507901E-16
  0.6730000     -7.0353053E-16
  0.6733333     -7.0198687E-16
  0.6736667     -7.0044797E-16
  0.6740000     -6.9891378E-16
  0.6743333     -6.9738441E-16
  0.6746666     -6.9585975E-16
  0.6750000     -6.9433975E-16
  0.6753333     -6.9282446E-16
  0.6756667     -6.9131383E-16
  0.6760000     -6.8980786E-16
  0.6763333     -6.8830654E-16
  0.6766667     -6.8680978E-16
  0.6770000     -6.8531763E-16
  0.6773334     -6.8383008E-16
  0.6776667     -6.8234708E-16
  0.6780000     -6.8086859E-16
  0.6783333     -6.7939464E-16
  0.6786667     -6.7792520E-16
  0.6790000     -6.7646021E-16
  0.6793333     -6.7499971E-16
  0.6796666     -6.7354366E-16
  0.6800000     -6.7209200E-16
  0.6803333     -6.7064479E-16
  0.6806667     -6.6920198E-16
  0.6810000     -6.6776356E-16
  0.6813334     -6.6632948E-16
  0.6816667     -6.6489974E-16
  0.6820000     -6.6347429E-16
  0.6823334     -6.6205318E-16
  0.6826667     -6.6063641E-16
  0.6830000     -6.5922388E-16
  0.6833333     -6.5781558E-16
  0.6836666     -6.5641157E-16
  0.6840000     -6.5501174E-16
  0.6843333     -6.5361615E-16
  0.6846667     -6.5222474E-16
  0.6850000     -6.5083751E-16
  0.6853333     -6.4945441E-16
  0.6856667     -6.4807550E-16
  0.6860000     -6.4670066E-16
  0.6863334     -6.4533000E-16
  0.6866667     -6.4396336E-16
  0.6870000     -6.4260086E-16
  0.6873333     -6.4124243E-16
  0.6876667     -6.3988797E-16
  0.6880000     -6.3853759E-16
  0.6883333     -6.3719123E-16
  0.6886666     -6.3584889E-16
  0.6890000     -6.3451053E-16
  0.6893333     -6.3317608E-16
  0.6896667     -6.3184566E-16
  0.6900000     -6.3051915E-16
  0.6903333     -6.2919656E-16
  0.6906667     -6.2787784E-16
  0.6910000     -6.2656308E-16
  0.6913334     -6.2525214E-16
  0.6916667     -6.2394512E-16
  0.6920000     -6.2264190E-16
  0.6923333     -6.2134255E-16
  0.6926666     -6.2004696E-16
  0.6930000     -6.1875524E-16
  0.6933333     -6.1746727E-16
  0.6936666     -6.1618312E-16
  0.6940000     -6.1490272E-16
  0.6943333     -6.1362603E-16
  0.6946667     -6.1235310E-16
  0.6950000     -6.1108387E-16
  0.6953334     -6.0981835E-16
  0.6956667     -6.0855654E-16
  0.6960000     -6.0729843E-16
  0.6963333     -6.0604392E-16
  0.6966667     -6.0479307E-16
  0.6970000     -6.0354592E-16
  0.6973333     -6.0230231E-16
  0.6976666     -6.0106236E-16
  0.6980000     -5.9982596E-16
  0.6983333     -5.9859315E-16
  0.6986667     -5.9736395E-16
  0.6990000     -5.9613824E-16
  0.6993333     -5.9491613E-16
  0.6996667     -5.9369752E-16
  0.7000000     -5.9248239E-16
  0.7003334     -5.9127082E-16
  0.7006667     -5.9006269E-16
  0.7010000     -5.8885805E-16
  0.7013333     -5.8765685E-16
  0.7016667     -5.8645914E-16
  0.7020000     -5.8526483E-16
  0.7023333     -5.8407395E-16
  0.7026666     -5.8288652E-16
  0.7030000     -5.8170242E-16
  0.7033333     -5.8052176E-16
  0.7036667     -5.7934444E-16
  0.7040000     -5.7817050E-16
  0.7043333     -5.7699985E-16
  0.7046667     -5.7583259E-16
  0.7050000     -5.7466866E-16
  0.7053334     -5.7350801E-16
  0.7056667     -5.7235064E-16
  0.7060000     -5.7119662E-16
  0.7063333     -5.7004581E-16
  0.7066666     -5.6889830E-16
  0.7070000     -5.6775401E-16
  0.7073333     -5.6661295E-16
  0.7076667     -5.6547517E-16
  0.7080000     -5.6434057E-16
  0.7083333     -5.6320915E-16
  0.7086667     -5.6208095E-16
  0.7090000     -5.6095588E-16
  0.7093334     -5.5983404E-16
  0.7096667     -5.5871532E-16
  0.7100000     -5.5759972E-16
  0.7103333     -5.5648731E-16
  0.7106667     -5.5537801E-16
  0.7110000     -5.5427179E-16
  0.7113333     -5.5316868E-16
  0.7116666     -5.5206865E-16
  0.7120000     -5.5097169E-16
  0.7123333     -5.4987780E-16
  0.7126667     -5.4878693E-16
  0.7130000     -5.4769918E-16
  0.7133333     -5.4661440E-16
  0.7136667     -5.4553263E-16
  0.7140000     -5.4445393E-16
  0.7143334     -5.4337815E-16
  0.7146667     -5.4230543E-16
  0.7150000     -5.4123563E-16
  0.7153333     -5.4016885E-16
  0.7156667     -5.3910497E-16
  0.7160000     -5.3804406E-16
  0.7163333     -5.3698607E-16
  0.7166666     -5.3593103E-16
  0.7170000     -5.3487886E-16
  0.7173333     -5.3382965E-16
  0.7176667     -5.3278325E-16
  0.7180000     -5.3173981E-16
  0.7183333     -5.3069918E-16
  0.7186667     -5.2966145E-16
  0.7190000     -5.2862659E-16
  0.7193334     -5.2759454E-16
  0.7196667     -5.2656544E-16
  0.7200000     -5.2553900E-16
  0.7203333     -5.2451541E-16
  0.7206666     -5.2349463E-16
  0.7210000     -5.2247660E-16
  0.7213333     -5.2146138E-16
  0.7216667     -5.2044897E-16
  0.7220000     -5.1943925E-16
  0.7223333     -5.1843229E-16
  0.7226667     -5.1742808E-16
  0.7230000     -5.1642662E-16
  0.7233334     -5.1542786E-16
  0.7236667     -5.1443180E-16
  0.7240000     -5.1343850E-16
  0.7243333     -5.1244784E-16
  0.7246667     -5.1145988E-16
  0.7250000     -5.1047457E-16
  0.7253333     -5.0949196E-16
  0.7256666     -5.0851199E-16
  0.7260000     -5.0753468E-16
  0.7263333     -5.0656001E-16
  0.7266667     -5.0558793E-16
  0.7270000     -5.0461850E-16
  0.7273333     -5.0365167E-16
  0.7276667     -5.0268743E-16
  0.7280000     -5.0172578E-16
  0.7283334     -5.0076673E-16
  0.7286667     -4.9981021E-16
  0.7290000     -4.9885630E-16
  0.7293333     -4.9790492E-16
  0.7296667     -4.9695614E-16
  0.7300000     -4.9600984E-16
  0.7303333     -4.9506609E-16
  0.7306666     -4.9412482E-16
  0.7310000     -4.9318610E-16
  0.7313333     -4.9224986E-16
  0.7316667     -4.9131611E-16
  0.7320000     -4.9038491E-16
  0.7323334     -4.8945608E-16
  0.7326667     -4.8852980E-16
  0.7330000     -4.8760595E-16
  0.7333333     -4.8668454E-16
  0.7336667     -4.8576561E-16
  0.7340000     -4.8484907E-16
  0.7343333     -4.8393496E-16
  0.7346666     -4.8302329E-16
  0.7350000     -4.8211405E-16
  0.7353333     -4.8120715E-16
  0.7356667     -4.8030267E-16
  0.7360000     -4.7940058E-16
  0.7363333     -4.7850088E-16
  0.7366667     -4.7760350E-16
  0.7370000     -4.7670850E-16
  0.7373334     -4.7581589E-16
  0.7376667     -4.7492560E-16
  0.7380000     -4.7403765E-16
  0.7383333     -4.7315197E-16
  0.7386667     -4.7226867E-16
  0.7390000     -4.7138765E-16
  0.7393333     -4.7050896E-16
  0.7396666     -4.6963255E-16
  0.7400000     -4.6875846E-16
  0.7403333     -4.6788660E-16
  0.7406667     -4.6701707E-16
  0.7410000     -4.6614976E-16
  0.7413333     -4.6528473E-16
  0.7416667     -4.6442192E-16
  0.7420000     -4.6356139E-16
  0.7423334     -4.6270308E-16
  0.7426667     -4.6184699E-16
  0.7430000     -4.6099313E-16
  0.7433333     -4.6014144E-16
  0.7436666     -4.5929197E-16
  0.7440000     -4.5844472E-16
  0.7443333     -4.5759965E-16
  0.7446667     -4.5675680E-16
  0.7450000     -4.5591607E-16
  0.7453333     -4.5507756E-16
  0.7456667     -4.5424116E-16
  0.7460000     -4.5340694E-16
  0.7463334     -4.5257484E-16
  0.7466667     -4.5174491E-16
  0.7470000     -4.5091709E-16
  0.7473333     -4.5009144E-16
  0.7476667     -4.4926786E-16
  0.7480000     -4.4844640E-16
  0.7483333     -4.4762705E-16
  0.7486666     -4.4680977E-16
  0.7490000     -4.4599461E-16
  0.7493333     -4.4518146E-16
  0.7496667     -4.4437042E-16
  0.7500000     -4.4356148E-16
  0.7503333     -4.4275460E-16
  0.7506667     -4.4194976E-16
  0.7510000     -4.4114699E-16
  0.7513334     -4.4034625E-16
  0.7516667     -4.3954755E-16
  0.7520000     -4.3875089E-16
  0.7523333     -4.3795621E-16
  0.7526667     -4.3716358E-16
  0.7530000     -4.3637295E-16
  0.7533333     -4.3558434E-16
  0.7536666     -4.3479768E-16
  0.7540000     -4.3401304E-16
  0.7543333     -4.3323038E-16
  0.7546667     -4.3244971E-16
  0.7550000     -4.3167097E-16
  0.7553333     -4.3089421E-16
  0.7556667     -4.3011941E-16
  0.7560000     -4.2934657E-16
  0.7563334     -4.2857567E-16
  0.7566667     -4.2780670E-16
  0.7570000     -4.2703965E-16
  0.7573333     -4.2627452E-16
  0.7576666     -4.2551134E-16
  0.7580000     -4.2475004E-16
  0.7583333     -4.2399065E-16
  0.7586667     -4.2323319E-16
  0.7590000     -4.2247759E-16
  0.7593333     -4.2172389E-16
  0.7596667     -4.2097207E-16
  0.7600000     -4.2022212E-16
  0.7603334     -4.1947406E-16
  0.7606667     -4.1872783E-16
  0.7610000     -4.1798347E-16
  0.7613333     -4.1724097E-16
  0.7616667     -4.1650031E-16
  0.7620000     -4.1576149E-16
  0.7623333     -4.1502449E-16
  0.7626666     -4.1428932E-16
  0.7630000     -4.1355600E-16
  0.7633333     -4.1282446E-16
  0.7636667     -4.1209474E-16
  0.7640000     -4.1136682E-16
  0.7643333     -4.1064073E-16
  0.7646667     -4.0991638E-16
  0.7650000     -4.0919386E-16
  0.7653334     -4.0847309E-16
  0.7656667     -4.0775412E-16
  0.7660000     -4.0703689E-16
  0.7663333     -4.0632144E-16
  0.7666667     -4.0560776E-16
  0.7670000     -4.0489583E-16
  0.7673333     -4.0418562E-16
  0.7676666     -4.0347718E-16
  0.7680000     -4.0277047E-16
  0.7683333     -4.0206547E-16
  0.7686667     -4.0136222E-16
  0.7690000     -4.0066067E-16
  0.7693334     -3.9996086E-16
  0.7696667     -3.9926272E-16
  0.7700000     -3.9856632E-16
  0.7703333     -3.9787160E-16
  0.7706667     -3.9717857E-16
  0.7710000     -3.9648723E-16
  0.7713333     -3.9579756E-16
  0.7716666     -3.9510958E-16
  0.7720000     -3.9442327E-16
  0.7723333     -3.9373863E-16
  0.7726667     -3.9305566E-16
  0.7730000     -3.9237433E-16
  0.7733333     -3.9169464E-16
  0.7736667     -3.9101661E-16
  0.7740000     -3.9034020E-16
  0.7743334     -3.8966544E-16
  0.7746667     -3.8899231E-16
  0.7750000     -3.8832080E-16
  0.7753333     -3.8765093E-16
  0.7756667     -3.8698265E-16
  0.7760000     -3.8631598E-16
  0.7763333     -3.8565092E-16
  0.7766666     -3.8498746E-16
  0.7770000     -3.8432558E-16
  0.7773333     -3.8366532E-16
  0.7776667     -3.8300662E-16
  0.7780000     -3.8234951E-16
  0.7783333     -3.8169396E-16
  0.7786667     -3.8103999E-16
  0.7790000     -3.8038759E-16
  0.7793334     -3.7973673E-16
  0.7796667     -3.7908745E-16
  0.7800000     -3.7843971E-16
  0.7803333     -3.7779350E-16
  0.7806666     -3.7714886E-16
  0.7810000     -3.7650572E-16
  0.7813333     -3.7586415E-16
  0.7816667     -3.7522408E-16
  0.7820000     -3.7458552E-16
  0.7823333     -3.7394850E-16
  0.7826667     -3.7331299E-16
  0.7830000     -3.7267899E-16
  0.7833334     -3.7204649E-16
  0.7836667     -3.7141548E-16
  0.7840000     -3.7078597E-16
  0.7843333     -3.7015795E-16
  0.7846667     -3.6953141E-16
  0.7850000     -3.6890662E-16
  0.7853333     -3.6828302E-16
  0.7856666     -3.6766090E-16
  0.7860000     -3.6704026E-16
  0.7863333     -3.6642105E-16
  0.7866667     -3.6580333E-16
  0.7870000     -3.6518703E-16
  0.7873333     -3.6457219E-16
  0.7876667     -3.6395881E-16
  0.7880000     -3.6334685E-16
  0.7883334     -3.6273635E-16
  0.7886667     -3.6212726E-16
  0.7890000     -3.6151962E-16
  0.7893333     -3.6091338E-16
  0.7896667     -3.6030857E-16
  0.7900000     -3.5970517E-16
  0.7903333     -3.5910316E-16
  0.7906666     -3.5850259E-16
  0.7910000     -3.5790340E-16
  0.7913333     -3.5730563E-16
  0.7916667     -3.5670924E-16
  0.7920000     -3.5611422E-16
  0.7923333     -3.5552061E-16
  0.7926667     -3.5492835E-16
  0.7930000     -3.5433749E-16
  0.7933334     -3.5374801E-16
  0.7936667     -3.5315988E-16
  0.7940000     -3.5257312E-16
  0.7943333     -3.5198772E-16
  0.7946666     -3.5140369E-16
  0.7950000     -3.5082098E-16
  0.7953333     -3.5023963E-16
  0.7956667     -3.4965962E-16
  0.7960000     -3.4908097E-16
  0.7963333     -3.4850363E-16
  0.7966667     -3.4792765E-16
  0.7970000     -3.4735297E-16
  0.7973334     -3.4677963E-16
  0.7976667     -3.4620762E-16
  0.7980000     -3.4563690E-16
  0.7983333     -3.4506748E-16
  0.7986667     -3.4449942E-16
  0.7990000     -3.4393262E-16
  0.7993333     -3.4336712E-16
  0.7996666     -3.4280294E-16
  0.8000000     -3.4224004E-16
  0.8003333     -3.4167843E-16
  0.8006667     -3.4111811E-16
  0.8010000     -3.4055905E-16
  0.8013333     -3.4000130E-16
  0.8016667     -3.3944480E-16
  0.8020000     -3.3888957E-16
  0.8023334     -3.3833561E-16
  0.8026667     -3.3778292E-16
  0.8030000     -3.3723148E-16
  0.8033333     -3.3668128E-16
  0.8036667     -3.3613235E-16
  0.8040000     -3.3558466E-16
  0.8043333     -3.3503822E-16
  0.8046666     -3.3449302E-16
  0.8050000     -3.3394904E-16
  0.8053333     -3.3340633E-16
  0.8056667     -3.3286481E-16
  0.8060000     -3.3232454E-16
  0.8063334     -3.3178548E-16
  0.8066667     -3.3124764E-16
  0.8070000     -3.3071102E-16
  0.8073334     -3.3017559E-16
  0.8076667     -3.2964137E-16
  0.8080000     -3.2910838E-16
  0.8083333     -3.2857657E-16
  0.8086666     -3.2804596E-16
  0.8090000     -3.2751657E-16
  0.8093333     -3.2698833E-16
  0.8096667     -3.2646129E-16
  0.8100000     -3.2593545E-16
  0.8103333     -3.2541076E-16
  0.8106667     -3.2488727E-16
  0.8110000     -3.2436494E-16
  0.8113334     -3.2384380E-16
  0.8116667     -3.2332381E-16
  0.8120000     -3.2280497E-16
  0.8123333     -3.2228733E-16
  0.8126667     -3.2177080E-16
  0.8130000     -3.2125519E-16
  0.8133333     -3.2074099E-16
  0.8136666     -3.2022790E-16
  0.8140000     -3.1971597E-16
  0.8143333     -3.1920519E-16
  0.8146667     -3.1869554E-16
  0.8150000     -3.1818700E-16
  0.8153333     -3.1767960E-16
  0.8156667     -3.1717334E-16
  0.8160000     -3.1666819E-16
  0.8163334     -3.1616418E-16
  0.8166667     -3.1566125E-16
  0.8170000     -3.1515947E-16
  0.8173333     -3.1465876E-16
  0.8176666     -3.1415920E-16
  0.8180000     -3.1366072E-16
  0.8183333     -3.1316335E-16
  0.8186666     -3.1266707E-16
  0.8190000     -3.1217188E-16
  0.8193333     -3.1167779E-16
  0.8196667     -3.1118479E-16
  0.8200000     -3.1069288E-16
  0.8203334     -3.1020202E-16
  0.8206667     -3.0971228E-16
  0.8210000     -3.0922359E-16
  0.8213333     -3.0873597E-16
  0.8216667     -3.0824942E-16
  0.8220000     -3.0776397E-16
  0.8223333     -3.0727955E-16
  0.8226666     -3.0679621E-16
  0.8230000     -3.0631390E-16
  0.8233333     -3.0583265E-16
  0.8236667     -3.0535247E-16
  0.8240000     -3.0487334E-16
  0.8243333     -3.0439524E-16
  0.8246667     -3.0391820E-16
  0.8250000     -3.0344219E-16
  0.8253334     -3.0296722E-16
  0.8256667     -3.0249328E-16
  0.8260000     -3.0202037E-16
  0.8263333     -3.0154849E-16
  0.8266667     -3.0107762E-16
  0.8270000     -3.0060778E-16
  0.8273333     -3.0013898E-16
  0.8276666     -2.9967118E-16
  0.8280000     -2.9920441E-16
  0.8283333     -2.9873862E-16
  0.8286667     -2.9827386E-16
  0.8290000     -2.9781009E-16
  0.8293333     -2.9734734E-16
  0.8296667     -2.9688558E-16
  0.8300000     -2.9642482E-16
  0.8303334     -2.9596506E-16
  0.8306667     -2.9550629E-16
  0.8310000     -2.9504850E-16
  0.8313333     -2.9459168E-16
  0.8316666     -2.9413587E-16
  0.8320000     -2.9368104E-16
  0.8323333     -2.9322716E-16
  0.8326667     -2.9277429E-16
  0.8330000     -2.9232237E-16
  0.8333333     -2.9187143E-16
  0.8336667     -2.9142145E-16
  0.8340000     -2.9097244E-16
  0.8343334     -2.9052439E-16
  0.8346667     -2.9007729E-16
  0.8350000     -2.8963114E-16
  0.8353333     -2.8918597E-16
  0.8356667     -2.8874173E-16
  0.8360000     -2.8829844E-16
  0.8363333     -2.8785610E-16
  0.8366666     -2.8741469E-16
  0.8370000     -2.8697423E-16
  0.8373333     -2.8653473E-16
  0.8376667     -2.8609615E-16
  0.8380000     -2.8565847E-16
  0.8383333     -2.8522177E-16
  0.8386667     -2.8478598E-16
  0.8390000     -2.8435110E-16
  0.8393334     -2.8391716E-16
  0.8396667     -2.8348411E-16
  0.8400000     -2.8305202E-16
  0.8403333     -2.8262083E-16
  0.8406667     -2.8219054E-16
  0.8410000     -2.8176117E-16
  0.8413333     -2.8133270E-16
  0.8416666     -2.8090514E-16
  0.8420000     -2.8047847E-16
  0.8423333     -2.8005270E-16
  0.8426667     -2.7962786E-16
  0.8430000     -2.7920390E-16
  0.8433333     -2.7878080E-16
  0.8436667     -2.7835864E-16
  0.8440000     -2.7793734E-16
  0.8443334     -2.7751692E-16
  0.8446667     -2.7709741E-16
  0.8450000     -2.7667873E-16
  0.8453333     -2.7626099E-16
  0.8456666     -2.7584409E-16
  0.8460000     -2.7542806E-16
  0.8463333     -2.7501291E-16
  0.8466667     -2.7459863E-16
  0.8470000     -2.7418523E-16
  0.8473333     -2.7377267E-16
  0.8476667     -2.7336098E-16
  0.8480000     -2.7295015E-16
  0.8483334     -2.7254018E-16
  0.8486667     -2.7213107E-16
  0.8490000     -2.7172280E-16
  0.8493333     -2.7131537E-16
  0.8496667     -2.7090880E-16
  0.8500000     -2.7050310E-16
  0.8503333     -2.7009821E-16
  0.8506666     -2.6969418E-16
  0.8510000     -2.6929096E-16
  0.8513333     -2.6888860E-16
  0.8516667     -2.6848708E-16
  0.8520000     -2.6808638E-16
  0.8523333     -2.6768650E-16
  0.8526667     -2.6728747E-16
  0.8530000     -2.6688926E-16
  0.8533334     -2.6649186E-16
  0.8536667     -2.6609529E-16
  0.8540000     -2.6569954E-16
  0.8543333     -2.6530462E-16
  0.8546667     -2.6491048E-16
  0.8550000     -2.6451717E-16
  0.8553333     -2.6412467E-16
  0.8556666     -2.6373300E-16
  0.8560000     -2.6334209E-16
  0.8563333     -2.6295201E-16
  0.8566667     -2.6256274E-16
  0.8570000     -2.6217425E-16
  0.8573334     -2.6178657E-16
  0.8576667     -2.6139969E-16
  0.8580000     -2.6101360E-16
  0.8583333     -2.6062828E-16
  0.8586667     -2.6024378E-16
  0.8590000     -2.5986005E-16
  0.8593333     -2.5947711E-16
  0.8596666     -2.5909494E-16
  0.8600000     -2.5871356E-16
  0.8603333     -2.5833295E-16
  0.8606667     -2.5795311E-16
  0.8610000     -2.5757406E-16
  0.8613333     -2.5719578E-16
  0.8616667     -2.5681827E-16
  0.8620000     -2.5644153E-16
  0.8623334     -2.5606555E-16
  0.8626667     -2.5569034E-16
  0.8630000     -2.5531590E-16
  0.8633333     -2.5494223E-16
  0.8636667     -2.5456929E-16
  0.8640000     -2.5419710E-16
  0.8643333     -2.5382568E-16
  0.8646666     -2.5345502E-16
  0.8650000     -2.5308511E-16
  0.8653333     -2.5271593E-16
  0.8656667     -2.5234750E-16
  0.8660000     -2.5197983E-16
  0.8663333     -2.5161288E-16
  0.8666667     -2.5124670E-16
  0.8670000     -2.5088123E-16
  0.8673334     -2.5051653E-16
  0.8676667     -2.5015255E-16
  0.8680000     -2.4978927E-16
  0.8683333     -2.4942677E-16
  0.8686666     -2.4906498E-16
  0.8690000     -2.4870391E-16
  0.8693333     -2.4834358E-16
  0.8696667     -2.4798396E-16
  0.8700000     -2.4762505E-16
  0.8703333     -2.4726689E-16
  0.8706667     -2.4690942E-16
  0.8710000     -2.4655268E-16
  0.8713334     -2.4619664E-16
  0.8716667     -2.4584133E-16
  0.8720000     -2.4548672E-16
  0.8723333     -2.4513284E-16
  0.8726667     -2.4477963E-16
  0.8730000     -2.4442716E-16
  0.8733333     -2.4407538E-16
  0.8736666     -2.4372431E-16
  0.8740000     -2.4337393E-16
  0.8743333     -2.4302423E-16
  0.8746667     -2.4267526E-16
  0.8750000     -2.4232694E-16
  0.8753333     -2.4197934E-16
  0.8756667     -2.4163243E-16
  0.8760000     -2.4128623E-16
  0.8763334     -2.4094069E-16
  0.8766667     -2.4059584E-16
  0.8770000     -2.4025166E-16
  0.8773333     -2.3990819E-16
  0.8776667     -2.3956538E-16
  0.8780000     -2.3922325E-16
  0.8783333     -2.3888179E-16
  0.8786666     -2.3854102E-16
  0.8790000     -2.3820094E-16
  0.8793333     -2.3786149E-16
  0.8796667     -2.3752273E-16
  0.8800000     -2.3718466E-16
  0.8803333     -2.3684722E-16
  0.8806667     -2.3651045E-16
  0.8810000     -2.3617436E-16
  0.8813334     -2.3583891E-16
  0.8816667     -2.3550414E-16
  0.8820000     -2.3517002E-16
  0.8823333     -2.3483655E-16
  0.8826666     -2.3450374E-16
  0.8830000     -2.3417160E-16
  0.8833333     -2.3384009E-16
  0.8836667     -2.3350922E-16
  0.8840000     -2.3317901E-16
  0.8843333     -2.3284946E-16
  0.8846667     -2.3252055E-16
  0.8850000     -2.3219227E-16
  0.8853334     -2.3186463E-16
  0.8856667     -2.3153765E-16
  0.8860000     -2.3121127E-16
  0.8863333     -2.3088556E-16
  0.8866667     -2.3056049E-16
  0.8870000     -2.3023602E-16
  0.8873333     -2.2991222E-16
  0.8876666     -2.2958902E-16
  0.8880000     -2.2926646E-16
  0.8883333     -2.2894454E-16
  0.8886667     -2.2862322E-16
  0.8890000     -2.2830254E-16
  0.8893333     -2.2798249E-16
  0.8896667     -2.2766305E-16
  0.8900000     -2.2734423E-16
  0.8903334     -2.2702603E-16
  0.8906667     -2.2670845E-16
  0.8910000     -2.2639147E-16
  0.8913333     -2.2607511E-16
  0.8916667     -2.2575935E-16
  0.8920000     -2.2544422E-16
  0.8923333     -2.2512968E-16
  0.8926666     -2.2481575E-16
  0.8930000     -2.2450246E-16
  0.8933333     -2.2418974E-16
  0.8936667     -2.2387764E-16
  0.8940000     -2.2356611E-16
  0.8943334     -2.2325520E-16
  0.8946667     -2.2294490E-16
  0.8950000     -2.2263517E-16
  0.8953333     -2.2232606E-16
  0.8956667     -2.2201753E-16
  0.8960000     -2.2170959E-16
  0.8963333     -2.2140225E-16
  0.8966666     -2.2109549E-16
  0.8970000     -2.2078933E-16
  0.8973333     -2.2048375E-16
  0.8976667     -2.2017875E-16
  0.8980000     -2.1987433E-16
  0.8983333     -2.1957050E-16
  0.8986667     -2.1926725E-16
  0.8990000     -2.1896458E-16
  0.8993334     -2.1866248E-16
  0.8996667     -2.1836096E-16
  0.9000000     -2.1806002E-16
  0.9003333     -2.1775965E-16
  0.9006667     -2.1745985E-16
  0.9010000     -2.1716063E-16
  0.9013333     -2.1686197E-16
  0.9016666     -2.1656388E-16
  0.9020000     -2.1626634E-16
  0.9023333     -2.1596939E-16
  0.9026667     -2.1567298E-16
  0.9030000     -2.1537716E-16
  0.9033333     -2.1508189E-16
  0.9036667     -2.1478717E-16
  0.9040000     -2.1449302E-16
  0.9043334     -2.1419941E-16
  0.9046667     -2.1390638E-16
  0.9050000     -2.1361389E-16
  0.9053333     -2.1332195E-16
  0.9056666     -2.1303056E-16
  0.9060000     -2.1273972E-16
  0.9063333     -2.1244944E-16
  0.9066667     -2.1215970E-16
  0.9070000     -2.1187051E-16
  0.9073333     -2.1158186E-16
  0.9076667     -2.1129375E-16
  0.9080000     -2.1100619E-16
  0.9083334     -2.1071917E-16
  0.9086667     -2.1043268E-16
  0.9090000     -2.1014673E-16
  0.9093333     -2.0986132E-16
  0.9096667     -2.0957645E-16
  0.9100000     -2.0929211E-16
  0.9103333     -2.0900830E-16
  0.9106666     -2.0872504E-16
  0.9110000     -2.0844229E-16
  0.9113333     -2.0816007E-16
  0.9116667     -2.0787839E-16
  0.9120000     -2.0759723E-16
  0.9123333     -2.0731659E-16
  0.9126667     -2.0703648E-16
  0.9130000     -2.0675689E-16
  0.9133334     -2.0647782E-16
  0.9136667     -2.0619927E-16
  0.9140000     -2.0592124E-16
  0.9143333     -2.0564373E-16
  0.9146667     -2.0536674E-16
  0.9150000     -2.0509026E-16
  0.9153333     -2.0481429E-16
  0.9156666     -2.0453884E-16
  0.9160000     -2.0426390E-16
  0.9163333     -2.0398948E-16
  0.9166667     -2.0371555E-16
  0.9170000     -2.0344213E-16
  0.9173333     -2.0316923E-16
  0.9176667     -2.0289683E-16
  0.9180000     -2.0262493E-16
  0.9183334     -2.0235354E-16
  0.9186667     -2.0208265E-16
  0.9190000     -2.0181224E-16
  0.9193333     -2.0154236E-16
  0.9196666     -2.0127296E-16
  0.9200000     -2.0100407E-16
  0.9203333     -2.0073566E-16
  0.9206667     -2.0046775E-16
  0.9210000     -2.0020034E-16
  0.9213333     -1.9993342E-16
  0.9216667     -1.9966699E-16
  0.9220000     -1.9940106E-16
  0.9223334     -1.9913561E-16
  0.9226667     -1.9887064E-16
  0.9230000     -1.9860616E-16
  0.9233333     -1.9834217E-16
  0.9236667     -1.9807867E-16
  0.9240000     -1.9781564E-16
  0.9243333     -1.9755310E-16
  0.9246666     -1.9729103E-16
  0.9250000     -1.9702946E-16
  0.9253333     -1.9676836E-16
  0.9256667     -1.9650773E-16
  0.9260000     -1.9624758E-16
  0.9263333     -1.9598791E-16
  0.9266667     -1.9572871E-16
  0.9270000     -1.9546998E-16
  0.9273334     -1.9521173E-16
  0.9276667     -1.9495394E-16
  0.9280000     -1.9469662E-16
  0.9283333     -1.9443979E-16
  0.9286667     -1.9418340E-16
  0.9290000     -1.9392749E-16
  0.9293333     -1.9367205E-16
  0.9296666     -1.9341706E-16
  0.9300000     -1.9316254E-16
  0.9303333     -1.9290848E-16
  0.9306667     -1.9265489E-16
  0.9310000     -1.9240175E-16
  0.9313334     -1.9214908E-16
  0.9316667     -1.9189685E-16
  0.9320000     -1.9164510E-16
  0.9323334     -1.9139378E-16
  0.9326667     -1.9114292E-16
  0.9330000     -1.9089253E-16
