       267
      9900          2      10162      10163          1
      9901          2      10164      10162          1
      9902          2      10165      10164          1
      9903          2      10166      10165          1
      9904          2      10167      10166          1
      9905          2      10168      10167          1
      9906          2      10169      10168          1
      9907          2      10170      10169          1
      9908          2      10171      10170          1
      9909          2      10172      10171          1
      9910          2      10173      10172          1
      9911          2      10174      10173          1
      9912          2      10175      10174          1
      9913          2      10176      10175          1
      9914          2      10177      10176          1
      9915          2      10178      10177          1
      9916          2      10179      10178          1
      9917          2      10180      10179          1
      9918          2      10181      10180          1
      9919          2      10182      10181          1
      9920          2      10183      10182          1
      9921          2      10184      10183          1
      9922          2      10185      10184          1
      9923          2      10186      10185          1
      9924          2      10187      10186          1
      9925          2      10188      10187          1
      9926          2      10189      10188          1
      9927          2      10190      10189          1
      9928          2      10191      10190          1
      9929          2      10192      10191          1
      9930          2      10193      10192          1
      9931          2      10194      10193          1
      9932          2      10195      10194          1
      9933          2      10196      10195          1
      9934          2      10197      10196          1
      9935          2      10198      10197          1
      9936          2      10199      10198          1
      9937          2      10200      10199          1
      9938          2      10201      10200          1
      9939          2      10202      10201          1
      9940          2      10203      10202          1
      9941          2      10204      10203          1
      9942          2      10205      10204          1
      9943          2      10206      10205          1
      9944          2      10207      10206          1
      9945          2      10208      10207          1
      9946          2      10209      10208          1
      9947          2      10210      10209          1
      9948          2      10211      10210          1
      9949          2      10212      10211          1
      9950          2      10213      10212          1
      9951          2      10214      10213          1
      9952          2      10215      10214          1
      9953          2      10216      10215          1
      9954          2      10217      10216          1
      9955          2      10218      10217          1
      9956          2      10219      10218          1
      9957          2      10220      10219          1
      9958          2      10221      10220          1
      9959          2      10222      10221          1
      9960          2      10223      10222          1
      9961          2      10224      10223          1
      9962          2      10225      10224          1
      9963          2      10226      10225          1
      9964          2      10227      10226          1
      9965          2      10228      10227          1
      9966          2      10229      10228          1
      9967          2      10230      10229          1
      9968          2      10231      10230          1
      9969          2      10232      10231          1
      9970          2      10233      10232          1
      9971          2      10234      10233          1
      9972          2      10235      10234          1
      9973          2      10236      10235          1
      9974          2      10237      10236          1
      9975          2      10238      10237          1
      9976          2      10239      10238          1
      9977          2      10240      10239          1
      9978          2      10241      10240          1
      9979          2      10242      10241          1
      9980          2      10243      10242          1
      9981          2      10244      10243          1
      9982          2      10245      10244          1
      9983          2      10246      10245          1
      9984          2      10247      10246          1
      9985          2      10248      10247          1
      9986          2      10249      10248          1
      9987          2      10250      10249          1
      9988          2      10251      10250          1
      9989          2      10252      10251          1
      9990          2      10253      10252          1
      9991          2      10254      10253          1
      9992          2      10255      10254          1
      9993          2      10256      10255          1
      9994          2      10257      10256          1
      9995          2      10258      10257          1
      9996          2      10259      10258          1
      9997          2      10260      10259          1
      9998          2      10261      10260          1
      9999          2      10262      10261          1
     10000          2      10263      10262          1
     10001          2      10264      10263          1
     10002          2      10265      10264          1
     10003          2      10266      10265          1
     10004          2      10267      10266          1
     10005          2      10268      10267          1
     10006          2      10269      10268          1
     10007          2      10270      10269          1
     10008          2      10271      10270          1
     10009          2      10272      10271          1
     10010          2      10273      10272          1
     10011          2      10274      10273          1
     10012          2      10275      10274          1
     10013          2      10276      10275          1
     10014          2      10277      10276          1
     10015          2      10278      10277          1
     10016          2      10279      10278          1
     10017          2      10280      10279          1
     10018          2      10281      10280          1
     10019          2      10282      10281          1
     10020          2      10283      10282          1
     10021          2      10284      10283          1
     10022          2      10285      10284          1
     10023          2      10286      10285          1
     10024          2      10287      10286          1
     10025          2      10288      10287          1
     10026          2      10289      10288          1
     10027          2      10290      10289          1
     10028          2      10291      10290          1
     10029          2      10292      10291          1
     10030          2      10293      10292          1
     10031          2      10294      10293          1
     10032          2      10295      10294          1
     10033          2      10296      10295          1
     10034          2      10297      10296          1
     10035          2      10298      10297          1
     10036          2      10299      10298          1
     10037          2      10300      10299          1
     10038          2      10301      10300          1
     10039          2      10302      10301          1
     10040          2      10303      10302          1
     10041          2      10304      10303          1
     10042          2      10305      10304          1
     10043          2      10306      10305          1
     10044          2      10307      10306          1
     10045          2      10308      10307          1
     10046          2      10309      10308          1
     10047          2      10310      10309          1
     10048          2      10311      10310          1
     10049          2      10312      10311          1
     10050          2      10313      10312          1
     10051          2      10314      10313          1
     10052          2      10315      10314          1
     10053          2      10316      10315          1
     10054          2      10317      10316          1
     10055          2      10318      10317          1
     10056          2      10319      10318          1
     10057          2      10320      10319          1
     10058          2      10321      10320          1
     10059          2      10322      10321          1
     10060          2      10323      10322          1
     10061          2      10324      10323          1
     10062          2      10325      10324          1
     10063          2      10326      10325          1
     10064          2      10327      10326          1
     10065          2      10328      10327          1
     10066          2      10329      10328          1
     10067          2      10330      10329          1
     10068          2      10331      10330          1
     10069          2      10332      10331          1
     10070          2      10333      10332          1
     10071          2      10334      10333          1
     10072          2      10335      10334          1
     10073          2      10336      10335          1
     10074          2      10337      10336          1
     10075          2      10338      10337          1
     10076          2      10339      10338          1
     10077          2      10340      10339          1
     10078          2      10341      10340          1
     10079          2      10342      10341          1
     10080          2      10343      10342          1
     10081          2      10344      10343          1
     10082          2      10345      10344          1
     10083          2      10346      10345          1
     10084          2      10347      10346          1
     10085          2      10348      10347          1
     10086          2      10349      10348          1
     10087          2      10350      10349          1
     10088          2      10351      10350          1
     10089          2      10352      10351          1
     10090          2      10353      10352          1
     10091          2      10354      10353          1
     10092          2      10355      10354          1
     10093          2      10356      10355          1
     10094          2      10357      10356          1
     10095          2      10358      10357          1
     10096          2      10359      10358          1
     10097          2      10360      10359          1
     10098          2      10361      10360          1
     10099          2      10362      10361          1
     10100          2      10363      10362          1
     10101          2      10364      10363          1
     10102          2      10365      10364          1
     10103          2      10366      10365          1
     10104          2      10367      10366          1
     10105          2      10368      10367          1
     10106          2      10369      10368          1
     10107          2      10370      10369          1
     10108          2      10371      10370          1
     10109          2      10372      10371          1
     10110          2      10373      10372          1
     10111          2      10374      10373          1
     10112          2      10375      10374          1
     10113          2      10376      10375          1
     10114          2      10377      10376          1
     10119          2      10387      10386          2
     10284          2      10578      10387          2
     10285          2      10572      10579          2
     10286          2      10580      10578          2
     10287          2      10581      10580          2
     10288          2      10582      10581          2
     10289          2      10583      10582          2
     10290          2      10584      10583          2
     10291          2      10585      10584          2
     10292          2      10586      10585          2
     10293          2      10587      10586          2
     10294          2      10588      10587          2
     10295          2      10589      10588          2
     10296          2      10590      10589          2
     10297          2      10591      10590          2
     10298          2      10592      10591          2
     10299          2      10593      10592          2
     10300          2      10594      10593          2
     10301          2      10595      10594          2
     10302          2      10596      10595          2
     10303          2      10597      10596          2
     10304          2      10598      10597          2
     10305          2      10599      10598          2
     10306          2      10600      10599          2
     10307          2      10601      10600          2
     10308          2      10602      10601          2
     10309          2      10603      10602          2
     10310          2      10604      10603          2
     10311          2      10605      10604          2
     10312          2      10606      10605          2
     10313          2      10607      10606          2
     10314          2      10608      10607          2
     10315          2      10609      10608          2
     10316          2      10610      10609          2
     10317          2      10611      10610          2
     10318          2      10612      10611          2
     10319          2      10613      10612          2
     10320          2      10614      10613          2
     10321          2      10615      10614          2
     10322          2      10616      10615          2
     10323          2      10617      10616          2
     10324          2      10579      10617          2
     10329          2      10163      10393          1
     10334          2      10393      10439          1
     10339          2      10439      10485          1
     10344          2      10485      10531          1
     10345          2      10573      10572          2
     10346          2      10574      10573          2
     10347          2      10575      10574          2
     10348          2      10576      10575          2
     10349          2      10531      10577          1
     10349          2      10577      10576          2
