      1310
      9040          2
      9041          2
      9042          2
      9043          2
      9044          2
      9045          2
      9046          2
      9047          2
      9048          2
      9049          2
      9050          2
      9051          2
      9052          2
      9053          2
      9054          2
      9055          2
      9056          2
      9057          2
      9058          2
      9059          2
      9060          2
      9061          2
      9062          2
      9063          2
      9064          2
      9065          2
      9066          2
      9067          2
      9068          2
      9069          2
      9070          2
      9071          2
      9072          2
      9073          2
      9074          2
      9075          2
      9076          2
      9077          2
      9078          2
      9079          2
      9080          2
      9081          2
      9082          2
      9083          2
      9084          2
      9085          2
      9086          2
      9087          2
      9088          2
      9089          2
      9090          2
      9091          2
      9092          2
      9093          2
      9094          2
      9095          2
      9096          2
      9097          2
      9098          2
      9099          2
      9100          2
      9101          2
      9102          2
      9103          2
      9104          2
      9105          2
      9106          2
      9107          2
      9108          2
      9109          2
      9110          2
      9111          2
      9112          2
      9113          2
      9114          2
      9115          2
      9116          2
      9117          2
      9118          2
      9119          2
      9120          2
      9121          2
      9122          2
      9123          2
      9124          2
      9125          2
      9126          2
      9127          2
      9128          2
      9129          2
      9130          2
      9131          2
      9132          2
      9133          2
      9134          2
      9135          2
      9136          2
      9137          2
      9138          2
      9139          2
      9140          2
      9141          2
      9142          2
      9143          2
      9144          2
      9145          2
      9146          2
      9147          2
      9148          2
      9149          2
      9150          2
      9151          2
      9152          2
      9153          2
      9154          2
      9155          2
      9156          2
      9157          2
      9158          2
      9159          2
      9160          2
      9161          2
      9162          2
      9163          2
      9164          2
      9165          2
      9166          2
      9167          2
      9168          2
      9169          2
      9170          2
      9171          2
      9172          2
      9173          2
      9174          2
      9175          2
      9176          2
      9177          2
      9178          2
      9179          2
      9180          2
      9181          2
      9182          2
      9183          2
      9184          2
      9185          2
      9186          2
      9187          2
      9188          2
      9189          2
      9190          2
      9191          2
      9192          2
      9193          2
      9194          2
      9195          2
      9196          2
      9197          2
      9198          2
      9199          2
      9200          2
      9201          2
      9202          2
      9203          2
      9204          2
      9205          2
      9206          2
      9207          2
      9208          2
      9209          2
      9210          2
      9211          2
      9212          2
      9213          2
      9214          2
      9215          2
      9216          2
      9217          2
      9218          2
      9219          2
      9220          2
      9221          2
      9222          2
      9223          2
      9224          2
      9225          2
      9226          2
      9227          2
      9228          2
      9229          2
      9230          2
      9231          2
      9232          2
      9233          2
      9234          2
      9235          2
      9236          2
      9237          2
      9238          2
      9239          2
      9240          2
      9241          2
      9242          2
      9243          2
      9244          2
      9245          2
      9246          2
      9247          2
      9248          2
      9249          2
      9250          2
      9251          2
      9252          2
      9253          2
      9254          2
      9255          2
      9256          2
      9257          2
      9258          2
      9259          2
      9260          2
      9261          2
      9262          2
      9263          2
      9264          2
      9265          2
      9266          2
      9267          2
      9268          2
      9269          2
      9270          2
      9271          2
      9272          2
      9273          2
      9274          2
      9275          2
      9276          2
      9277          2
      9278          2
      9279          2
      9280          2
      9281          2
      9282          2
      9283          2
      9284          2
      9285          2
      9286          2
      9287          2
      9288          2
      9289          2
      9290          2
      9291          2
      9292          2
      9293          2
      9294          2
      9295          2
      9296          2
      9297          2
      9298          2
      9299          2
      9300          2
      9301          2
      9302          2
      9303          2
      9304          2
      9305          2
      9306          2
      9307          2
      9308          2
      9309          2
      9310          2
      9311          2
      9312          2
      9313          2
      9314          2
      9315          2
      9316          2
      9317          2
      9318          2
      9319          2
      9320          2
      9321          2
      9322          2
      9323          2
      9324          2
      9325          2
      9326          2
      9327          2
      9328          2
      9329          2
      9330          2
      9331          2
      9332          2
      9333          2
      9334          2
      9335          2
      9336          2
      9337          2
      9338          2
      9339          2
      9340          2
      9341          2
      9342          2
      9343          2
      9344          2
      9345          2
      9346          2
      9347          2
      9348          2
      9349          2
      9350          2
      9351          2
      9352          2
      9353          2
      9354          2
      9355          2
      9356          2
      9357          2
      9358          2
      9359          2
      9360          2
      9361          2
      9362          2
      9363          2
      9364          2
      9365          2
      9366          2
      9367          2
      9368          2
      9369          2
      9370          2
      9371          2
      9372          2
      9373          2
      9374          2
      9375          2
      9376          2
      9377          2
      9378          2
      9379          2
      9380          2
      9381          2
      9382          2
      9383          2
      9384          2
      9385          2
      9386          2
      9387          2
      9388          2
      9389          2
      9390          2
      9391          2
      9392          2
      9393          2
      9394          2
      9395          2
      9396          2
      9397          2
      9398          2
      9399          2
      9400          2
      9401          2
      9402          2
      9403          2
      9404          2
      9405          2
      9406          2
      9407          2
      9408          2
      9409          2
      9410          2
      9411          2
      9412          2
      9413          2
      9414          2
      9415          2
      9416          2
      9417          2
      9418          2
      9419          2
      9420          2
      9421          2
      9422          2
      9423          2
      9424          2
      9425          2
      9426          2
      9427          2
      9428          2
      9429          2
      9430          2
      9431          2
      9432          2
      9433          2
      9434          2
      9435          2
      9436          2
      9437          2
      9438          2
      9439          2
      9440          2
      9441          2
      9442          2
      9443          2
      9444          2
      9445          2
      9446          2
      9447          2
      9448          2
      9449          2
      9450          2
      9451          2
      9452          2
      9453          2
      9454          2
      9455          2
      9456          2
      9457          2
      9458          2
      9459          2
      9460          2
      9461          2
      9462          2
      9463          2
      9464          2
      9465          2
      9466          2
      9467          2
      9468          2
      9469          2
      9470          2
      9471          2
      9472          2
      9473          2
      9474          2
      9475          2
      9476          2
      9477          2
      9478          2
      9479          2
      9480          2
      9481          2
      9482          2
      9483          2
      9484          2
      9485          2
      9486          2
      9487          2
      9488          2
      9489          2
      9490          2
      9491          2
      9492          2
      9493          2
      9494          2
      9495          2
      9496          2
      9497          2
      9498          2
      9499          2
      9500          2
      9501          2
      9502          2
      9503          2
      9504          2
      9505          2
      9506          2
      9507          2
      9508          2
      9509          2
      9510          2
      9511          2
      9512          2
      9513          2
      9514          2
      9515          2
      9516          2
      9517          2
      9518          2
      9519          2
      9520          2
      9521          2
      9522          2
      9523          2
      9524          2
      9525          2
      9526          2
      9527          2
      9528          2
      9529          2
      9530          2
      9531          2
      9532          2
      9533          2
      9534          2
      9535          2
      9536          2
      9537          2
      9538          2
      9539          2
      9540          2
      9541          2
      9542          2
      9543          2
      9544          2
      9545          2
      9546          2
      9547          2
      9548          2
      9549          2
      9550          2
      9551          2
      9552          2
      9553          2
      9554          2
      9555          2
      9556          2
      9557          2
      9558          2
      9559          2
      9560          2
      9561          2
      9562          2
      9563          2
      9564          2
      9565          2
      9566          2
      9567          2
      9568          2
      9569          2
      9570          2
      9571          2
      9572          2
      9573          2
      9574          2
      9575          2
      9576          2
      9577          2
      9578          2
      9579          2
      9580          2
      9581          2
      9582          2
      9583          2
      9584          2
      9585          2
      9586          2
      9587          2
      9588          2
      9589          2
      9590          2
      9591          2
      9592          2
      9593          2
      9594          2
      9595          2
      9596          2
      9597          2
      9598          2
      9599          2
      9600          2
      9601          2
      9602          2
      9603          2
      9604          2
      9605          2
      9606          2
      9607          2
      9608          2
      9609          2
      9610          2
      9611          2
      9612          2
      9613          2
      9614          2
      9615          2
      9616          2
      9617          2
      9618          2
      9619          2
      9620          2
      9621          2
      9622          2
      9623          2
      9624          2
      9625          2
      9626          2
      9627          2
      9628          2
      9629          2
      9630          2
      9631          2
      9632          2
      9633          2
      9634          2
      9635          2
      9636          2
      9637          2
      9638          2
      9639          2
      9640          2
      9641          2
      9642          2
      9643          2
      9644          2
      9645          2
      9646          2
      9647          2
      9648          2
      9649          2
      9650          2
      9651          2
      9652          2
      9653          2
      9654          2
      9655          2
      9656          2
      9657          2
      9658          2
      9659          2
      9660          2
      9661          2
      9662          2
      9663          2
      9664          2
      9665          2
      9666          2
      9667          2
      9668          2
      9669          2
      9670          2
      9671          2
      9672          2
      9673          2
      9674          2
      9675          2
      9676          2
      9677          2
      9678          2
      9679          2
      9680          2
      9681          2
      9682          2
      9683          2
      9684          2
      9685          2
      9686          2
      9687          2
      9688          2
      9689          2
      9690          2
      9691          2
      9692          2
      9693          2
      9694          2
      9695          2
      9696          2
      9697          2
      9698          2
      9699          2
      9700          2
      9701          2
      9702          2
      9703          2
      9704          2
      9705          2
      9706          2
      9707          2
      9708          2
      9709          2
      9710          2
      9711          2
      9712          2
      9713          2
      9714          2
      9715          2
      9716          2
      9717          2
      9718          2
      9719          2
      9720          2
      9721          2
      9722          2
      9723          2
      9724          2
      9725          2
      9726          2
      9727          2
      9728          2
      9729          2
      9730          2
      9731          2
      9732          2
      9733          2
      9734          2
      9735          2
      9736          2
      9737          2
      9738          2
      9739          2
      9740          2
      9741          2
      9742          2
      9743          2
      9744          2
      9745          2
      9746          2
      9747          2
      9748          2
      9749          2
      9750          2
      9751          2
      9752          2
      9753          2
      9754          2
      9755          2
      9756          2
      9757          2
      9758          2
      9759          2
      9760          2
      9761          2
      9762          2
      9763          2
      9764          2
      9765          2
      9766          2
      9767          2
      9768          2
      9769          2
      9770          2
      9771          2
      9772          2
      9773          2
      9774          2
      9775          2
      9776          2
      9777          2
      9778          2
      9779          2
      9780          2
      9781          2
      9782          2
      9783          2
      9784          2
      9785          2
      9786          2
      9787          2
      9788          2
      9789          2
      9790          2
      9791          2
      9792          2
      9793          2
      9794          2
      9795          2
      9796          2
      9797          2
      9798          2
      9799          2
      9800          2
      9801          2
      9802          2
      9803          2
      9804          2
      9805          2
      9806          2
      9807          2
      9808          2
      9809          2
      9810          2
      9811          2
      9812          2
      9813          2
      9814          2
      9815          2
      9816          2
      9817          2
      9818          2
      9819          2
      9820          2
      9821          2
      9822          2
      9823          2
      9824          2
      9825          2
      9826          2
      9827          2
      9828          2
      9829          2
      9830          2
      9831          2
      9832          2
      9833          2
      9834          2
      9835          2
      9836          2
      9837          2
      9838          2
      9839          2
      9840          2
      9841          2
      9842          2
      9843          2
      9844          2
      9845          2
      9846          2
      9847          2
      9848          2
      9849          2
      9850          2
      9851          2
      9852          2
      9853          2
      9854          2
      9855          2
      9856          2
      9857          2
      9858          2
      9859          2
      9860          2
      9861          2
      9862          2
      9863          2
      9864          2
      9865          2
      9866          2
      9867          2
      9868          2
      9869          2
      9870          2
      9871          2
      9872          2
      9873          2
      9874          2
      9875          2
      9876          2
      9877          2
      9878          2
      9879          2
      9880          2
      9881          2
      9882          2
      9883          2
      9884          2
      9885          2
      9886          2
      9887          2
      9888          2
      9889          2
      9890          2
      9891          2
      9892          2
      9893          2
      9894          2
      9895          2
      9896          2
      9897          2
      9898          2
      9899          2
      9900          2
      9901          2
      9902          2
      9903          2
      9904          2
      9905          2
      9906          2
      9907          2
      9908          2
      9909          2
      9910          2
      9911          2
      9912          2
      9913          2
      9914          2
      9915          2
      9916          2
      9917          2
      9918          2
      9919          2
      9920          2
      9921          2
      9922          2
      9923          2
      9924          2
      9925          2
      9926          2
      9927          2
      9928          2
      9929          2
      9930          2
      9931          2
      9932          2
      9933          2
      9934          2
      9935          2
      9936          2
      9937          2
      9938          2
      9939          2
      9940          2
      9941          2
      9942          2
      9943          2
      9944          2
      9945          2
      9946          2
      9947          2
      9948          2
      9949          2
      9950          2
      9951          2
      9952          2
      9953          2
      9954          2
      9955          2
      9956          2
      9957          2
      9958          2
      9959          2
      9960          2
      9961          2
      9962          2
      9963          2
      9964          2
      9965          2
      9966          2
      9967          2
      9968          2
      9969          2
      9970          2
      9971          2
      9972          2
      9973          2
      9974          2
      9975          2
      9976          2
      9977          2
      9978          2
      9979          2
      9980          2
      9981          2
      9982          2
      9983          2
      9984          2
      9985          2
      9986          2
      9987          2
      9988          2
      9989          2
      9990          2
      9991          2
      9992          2
      9993          2
      9994          2
      9995          2
      9996          2
      9997          2
      9998          2
      9999          2
     10000          2
     10001          2
     10002          2
     10003          2
     10004          2
     10005          2
     10006          2
     10007          2
     10008          2
     10009          2
     10010          2
     10011          2
     10012          2
     10013          2
     10014          2
     10015          2
     10016          2
     10017          2
     10018          2
     10019          2
     10020          2
     10021          2
     10022          2
     10023          2
     10024          2
     10025          2
     10026          2
     10027          2
     10028          2
     10029          2
     10030          2
     10031          2
     10032          2
     10033          2
     10034          2
     10035          2
     10036          2
     10037          2
     10038          2
     10039          2
     10040          2
     10041          2
     10042          2
     10043          2
     10044          2
     10045          2
     10046          2
     10047          2
     10048          2
     10049          2
     10050          2
     10051          2
     10052          2
     10053          2
     10054          2
     10055          2
     10056          2
     10057          2
     10058          2
     10059          2
     10060          2
     10061          2
     10062          2
     10063          2
     10064          2
     10065          2
     10066          2
     10067          2
     10068          2
     10069          2
     10070          2
     10071          2
     10072          2
     10073          2
     10074          2
     10075          2
     10076          2
     10077          2
     10078          2
     10079          2
     10080          2
     10081          2
     10082          2
     10083          2
     10084          2
     10085          2
     10086          2
     10087          2
     10088          2
     10089          2
     10090          2
     10091          2
     10092          2
     10093          2
     10094          2
     10095          2
     10096          2
     10097          2
     10098          2
     10099          2
     10100          2
     10101          2
     10102          2
     10103          2
     10104          2
     10105          2
     10106          2
     10107          2
     10108          2
     10109          2
     10110          2
     10111          2
     10112          2
     10113          2
     10114          2
     10115          1
     10116          1
     10117          1
     10118          1
     10119          1
     10120          1
     10121          1
     10122          1
     10123          1
     10124          1
     10125          1
     10126          1
     10127          1
     10128          1
     10129          1
     10130          1
     10131          1
     10132          1
     10133          1
     10134          1
     10135          1
     10136          1
     10137          1
     10138          1
     10139          1
     10140          1
     10141          1
     10142          1
     10143          1
     10144          1
     10145          1
     10146          1
     10147          1
     10148          1
     10149          1
     10150          1
     10151          1
     10152          1
     10153          1
     10154          1
     10155          1
     10156          1
     10157          1
     10158          1
     10159          1
     10160          1
     10161          1
     10162          1
     10163          1
     10164          1
     10165          1
     10166          1
     10167          1
     10168          1
     10169          1
     10170          1
     10171          1
     10172          1
     10173          1
     10174          1
     10175          1
     10176          1
     10177          1
     10178          1
     10179          1
     10180          1
     10181          1
     10182          1
     10183          1
     10184          1
     10185          1
     10186          1
     10187          1
     10188          1
     10189          1
     10190          1
     10191          1
     10192          1
     10193          1
     10194          1
     10195          1
     10196          1
     10197          1
     10198          1
     10199          1
     10200          1
     10201          1
     10202          1
     10203          1
     10204          1
     10205          1
     10206          1
     10207          1
     10208          1
     10209          1
     10210          1
     10211          1
     10212          1
     10213          1
     10214          1
     10215          1
     10216          1
     10217          1
     10218          1
     10219          1
     10220          1
     10221          1
     10222          1
     10223          1
     10224          1
     10225          1
     10226          1
     10227          1
     10228          1
     10229          1
     10230          1
     10231          1
     10232          1
     10233          1
     10234          1
     10235          1
     10236          1
     10237          1
     10238          1
     10239          1
     10240          1
     10241          1
     10242          1
     10243          1
     10244          1
     10245          1
     10246          1
     10247          1
     10248          1
     10249          1
     10250          1
     10251          1
     10252          1
     10253          1
     10254          1
     10255          1
     10256          1
     10257          1
     10258          1
     10259          1
     10260          1
     10261          1
     10262          1
     10263          1
     10264          1
     10265          1
     10266          1
     10267          1
     10268          1
     10269          1
     10270          1
     10271          1
     10272          1
     10273          1
     10274          1
     10275          1
     10276          1
     10277          1
     10278          1
     10279          1
     10280          1
     10281          1
     10282          1
     10283          1
     10284          1
     10285          1
     10286          1
     10287          1
     10288          1
     10289          1
     10290          1
     10291          1
     10292          1
     10293          1
     10294          1
     10295          1
     10296          1
     10297          1
     10298          1
     10299          1
     10300          1
     10301          1
     10302          1
     10303          1
     10304          1
     10305          1
     10306          1
     10307          1
     10308          1
     10309          1
     10310          1
     10311          1
     10312          1
     10313          1
     10314          1
     10315          1
     10316          1
     10317          1
     10318          1
     10319          1
     10320          1
     10321          1
     10322          1
     10323          1
     10324          1
     10325          3
     10326          3
     10327          3
     10328          3
     10329          3
     10330          3
     10331          3
     10332          3
     10333          3
     10334          3
     10335          3
     10336          3
     10337          3
     10338          3
     10339          3
     10340          3
     10341          3
     10342          3
     10343          3
     10344          3
     10345          3
     10346          3
     10347          3
     10348          3
     10349          3
