        48
         1          2       8456       8457
         2          2       8457       8458
         3          2       8458       8459
         4          2       8459       8460
         5          2       8460       8461
         6          2       8461       8462
         7          2       8462       8463
         8          2       8463       8464
         9          2       8464        171
       623          2        171        204
      1053          2        172       9512
      1054          2        172        173
      1055          2        173        174
      1056          2        174        175
      1057          2        175        176
      1058          2        176        177
      1059          2        177        178
      1060          2        178        179
      1061          2        179        180
      1062          2        180        181
      1063          2        181        182
      1064          2        182        183
      1065          2        183        184
      1066          2        184        185
      1067          2        185        186
      1068          2        186        187
      1069          2        187        188
      1070          2        188        189
      1071          2        189        190
      1072          2        190        191
      1073          2        191        192
      1074          2        192        193
      1075          2        193        194
      1076          2        194        195
      1077          2        195        196
      1078          2        196        197
      1079          2        197        198
      1080          2        198        199
      1081          2        199        200
      1082          2        200        201
      1083          2        201        202
      1084          2        202        203
      1085          2        203        204
      9254          2       9512       9513
      9469          2       9513       9729
      9684          2       9729       9945
      9899          2       9945      10161
     10114          2      10161      10377
