       219
         1          2       8456       8678
        95          2       8594       8595
        96          2       8593       8594
        97          2       8592       8593
        98          2       8591       8592
        99          2       8590       8591
       100          2       8589       8590
       101          2       8588       8589
       102          2       8587       8588
       103          2       8586       8587
       104          2       8585       8586
       105          2       8584       8585
       106          2       8583       8584
       107          2       8582       8583
       108          2       8581       8582
       109          2       8580       8581
       110          2       8579       8580
       111          2       8578       8579
       112          2       8577       8578
       117          2       8572       8573
       118          2       8571       8572
       119          2       8570       8571
       120          2       8569       8570
       121          2       8568       8569
       122          2       8567       8568
       123          2       8566       8567
       124          2       8565       8566
       125          2       8564       8565
       126          2       8563       8564
       127          2       8562       8563
       128          2       8561       8562
       129          2       8560       8561
       130          2       8559       8560
       131          2       8558       8559
       132          2       8557       8558
       133          2       8573       8574
       134          2       8556       8557
       135          2       8595       8596
       136          2       8596       8597
       137          2       8555       8556
       138          2       8597       8598
       139          2       8554       8555
       140          2       8598       8599
       141          2       8553       8554
       142          2       8599       8600
       143          2       8552       8553
       144          2       8600       8601
       145          2       8551       8552
       146          2       8601       8602
       147          2       8550       8551
       148          2       8602       8603
       149          2       8549       8550
       150          2       8603       8604
       151          2       8548       8549
       152          2       8604       8605
       153          2       8547       8548
       154          2       8605       8606
       155          2       8546       8547
       156          2       8606       8607
       157          2       8607       8608
       158          2       8608       8609
       159          2       8609       8610
       160          2       8610       8611
       161          2       8611       8612
       162          2       8612       8613
       163          2       8613       8614
       164          2       8614       8615
       165          2       8615       8616
       166          2       8616       8617
       167          2       8617       8618
       168          2       8618       8619
       169          2       8619       8620
       170          2       8620       8621
       171          2       8621       8622
       172          2       8622       8623
       173          2       8623       8624
       174          2       8624       8625
       175          2       8625       8626
       176          2       8626       8627
       177          2       8627       8628
       178          2       8628       8629
       179          2       8629       8630
       180          2       8630       8631
       181          2       8631       8632
       182          2       8632       8633
       183          2       8633       8634
       184          2       8634       8635
       185          2       8635       8636
       186          2       8636       8637
       187          2       8637       8638
       188          2       8638       8639
       189          2       8639       8640
       190          2       8640       8641
       191          2       8641       8642
       192          2       8642       8643
       193          2       8643       8644
       194          2       8644       8645
       195          2       8645       8646
       196          2       8646       8647
       197          2       8647       8648
       198          2       8648       8649
       199          2       8649       8650
       200          2       8650       8651
       201          2       8651       8652
       202          2       8652       8653
       203          2       8653       8654
       204          2       8654       8655
       205          2       8655       8656
       206          2       8656       8657
       207          2       8657       8658
       208          2       8658       8659
       209          2       8659       8660
       210          2       8660       8661
       211          2       8661       8662
       212          2       8662       8663
       213          2       8663       8664
       214          2       8664       8665
       215          2       8665       8666
       216          2       8666       8667
       217          2       8667       8668
       218          2       8668       8669
       219          2       8669       8670
       220          2       8670       8671
       221          2       8671       8672
       222          2       8672       8673
       223          2       8673       8674
       224          2       8674       8675
       225          2       8675       8676
       226          2       8676       8677
       227          2       8677       8678
       228          2       8545       8546
       229          2       8544       8545
       230          2       8543       8544
       231          2       8542       8543
       232          2       8577       8576
       233          2       8574       8575
       234          2       8575       8576
       235          2       8541       8542
       236          2       8540       8541
       244          2       8539       8540
       315          2       8538       8539
       316          2       8537       8538
       319          2       8536       8537
       321          2       8535       8536
       323          2       8534       8535
       325          2       8533       8534
       327          2       8532       8533
       384          2       8531       8532
       438          2       8530       8531
       443          2       8529       8530
       444          2       8528       8529
       445          2       8527       8528
       448          2       8526       8527
       450          2       8525       8526
       452          2       8524       8525
       454          2       8523       8524
       456          2       8522       8523
       495          2       8521       8522
       533          2       8520       8521
       536          2       8519       8520
       537          2       8518       8519
       538          2       8517       8518
       541          2       8516       8517
       543          2       8515       8516
       545          2       8514       8515
       547          2       8513       8514
       549          2       8512       8513
       551          2       8511       8512
       553          2       8510       8511
       555          2       8509       8510
       557          2       8508       8509
       559          2       8507       8508
       561          2       8506       8507
       563          2       8505       8506
       565          2       8504       8505
       567          2       8503       8504
       569          2       8502       8503
       571          2       8501       8502
       573          2       8500       8501
       575          2       8499       8500
       577          2       8498       8499
       579          2       8497       8498
       581          2       8496       8497
       583          2       8495       8496
       585          2       8494       8495
       587          2       8493       8494
       589          2       8492       8493
       591          2       8491       8492
       595          2       8490       8491
       596          2       8489       8490
       597          2       8488       8489
       598          2       8487       8488
       599          2       8486       8487
       600          2       8485       8486
       601          2       8484       8485
       602          2       8483       8484
       603          2       8482       8483
       604          2       8481       8482
       605          2       8480       8481
       606          2       8479       8480
       607          2       8478       8479
       608          2       8477       8478
       609          2       8476       8477
       610          2       8475       8476
       611          2       8474       8475
       612          2       8473       8474
       613          2       8472       8473
       614          2       8471       8472
       615          2       8470       8471
       616          2       8469       8470
       617          2       8468       8469
       618          2       8467       8468
       619          2       8466       8467
       620          2       8465       8466
     10115          2      10378       8465
     10116          2      10380      10378
     10117          2      10382      10380
     10118          2      10384      10382
     10119          2      10386      10384
