 -0.1500000      0.0000000E+00
 -0.1496667      0.0000000E+00
 -0.1493333      0.0000000E+00
 -0.1490000      0.0000000E+00
 -0.1486667      0.0000000E+00
 -0.1483333      0.0000000E+00
 -0.1480000      0.0000000E+00
 -0.1476667      0.0000000E+00
 -0.1473333      0.0000000E+00
 -0.1470000      0.0000000E+00
 -0.1466667      0.0000000E+00
 -0.1463333      0.0000000E+00
 -0.1460000      0.0000000E+00
 -0.1456667      0.0000000E+00
 -0.1453333      0.0000000E+00
 -0.1450000      0.0000000E+00
 -0.1446667      0.0000000E+00
 -0.1443333      0.0000000E+00
 -0.1440000      0.0000000E+00
 -0.1436667      0.0000000E+00
 -0.1433333      0.0000000E+00
 -0.1430000      0.0000000E+00
 -0.1426667      0.0000000E+00
 -0.1423333      0.0000000E+00
 -0.1420000      0.0000000E+00
 -0.1416667      0.0000000E+00
 -0.1413333      0.0000000E+00
 -0.1410000      0.0000000E+00
 -0.1406667      0.0000000E+00
 -0.1403333      0.0000000E+00
 -0.1400000      0.0000000E+00
 -0.1396667      0.0000000E+00
 -0.1393333      0.0000000E+00
 -0.1390000      0.0000000E+00
 -0.1386667      0.0000000E+00
 -0.1383333      0.0000000E+00
 -0.1380000      0.0000000E+00
 -0.1376667      0.0000000E+00
 -0.1373333      0.0000000E+00
 -0.1370000      0.0000000E+00
 -0.1366667      0.0000000E+00
 -0.1363333      0.0000000E+00
 -0.1360000      0.0000000E+00
 -0.1356667      0.0000000E+00
 -0.1353333      0.0000000E+00
 -0.1350000      0.0000000E+00
 -0.1346667      0.0000000E+00
 -0.1343333      0.0000000E+00
 -0.1340000      0.0000000E+00
 -0.1336667      0.0000000E+00
 -0.1333333      0.0000000E+00
 -0.1330000      0.0000000E+00
 -0.1326667      0.0000000E+00
 -0.1323333      0.0000000E+00
 -0.1320000      0.0000000E+00
 -0.1316667      0.0000000E+00
 -0.1313333      0.0000000E+00
 -0.1310000      0.0000000E+00
 -0.1306667      0.0000000E+00
 -0.1303333      0.0000000E+00
 -0.1300000      0.0000000E+00
 -0.1296667      0.0000000E+00
 -0.1293333      0.0000000E+00
 -0.1290000      0.0000000E+00
 -0.1286667      0.0000000E+00
 -0.1283333      0.0000000E+00
 -0.1280000      0.0000000E+00
 -0.1276667      0.0000000E+00
 -0.1273333      0.0000000E+00
 -0.1270000      0.0000000E+00
 -0.1266667      0.0000000E+00
 -0.1263333      0.0000000E+00
 -0.1260000      0.0000000E+00
 -0.1256667      0.0000000E+00
 -0.1253333      0.0000000E+00
 -0.1250000      0.0000000E+00
 -0.1246667      0.0000000E+00
 -0.1243333      0.0000000E+00
 -0.1240000      0.0000000E+00
 -0.1236667      0.0000000E+00
 -0.1233333      0.0000000E+00
 -0.1230000      0.0000000E+00
 -0.1226667      0.0000000E+00
 -0.1223333      0.0000000E+00
 -0.1220000      0.0000000E+00
 -0.1216667      0.0000000E+00
 -0.1213333      0.0000000E+00
 -0.1210000      0.0000000E+00
 -0.1206667      0.0000000E+00
 -0.1203333      0.0000000E+00
 -0.1200000      0.0000000E+00
 -0.1196667      0.0000000E+00
 -0.1193333      0.0000000E+00
 -0.1190000      0.0000000E+00
 -0.1186667      0.0000000E+00
 -0.1183333      0.0000000E+00
 -0.1180000      0.0000000E+00
 -0.1176667      0.0000000E+00
 -0.1173333      0.0000000E+00
 -0.1170000      0.0000000E+00
 -0.1166667      0.0000000E+00
 -0.1163333      0.0000000E+00
 -0.1160000      0.0000000E+00
 -0.1156667      0.0000000E+00
 -0.1153333      0.0000000E+00
 -0.1150000      0.0000000E+00
 -0.1146667      0.0000000E+00
 -0.1143333      0.0000000E+00
 -0.1140000      0.0000000E+00
 -0.1136667      0.0000000E+00
 -0.1133333      0.0000000E+00
 -0.1130000      0.0000000E+00
 -0.1126667      0.0000000E+00
 -0.1123333      0.0000000E+00
 -0.1120000      0.0000000E+00
 -0.1116667      0.0000000E+00
 -0.1113333      0.0000000E+00
 -0.1110000      0.0000000E+00
 -0.1106667      0.0000000E+00
 -0.1103333      0.0000000E+00
 -0.1100000      0.0000000E+00
 -0.1096667      0.0000000E+00
 -0.1093333      0.0000000E+00
 -0.1090000      0.0000000E+00
 -0.1086667      0.0000000E+00
 -0.1083333      0.0000000E+00
 -0.1080000      0.0000000E+00
 -0.1076667      0.0000000E+00
 -0.1073333      0.0000000E+00
 -0.1070000      0.0000000E+00
 -0.1066667      0.0000000E+00
 -0.1063333      0.0000000E+00
 -0.1060000      0.0000000E+00
 -0.1056667      0.0000000E+00
 -0.1053333      0.0000000E+00
 -0.1050000      0.0000000E+00
 -0.1046667      0.0000000E+00
 -0.1043333      0.0000000E+00
 -0.1040000      0.0000000E+00
 -0.1036667      0.0000000E+00
 -0.1033333      0.0000000E+00
 -0.1030000      0.0000000E+00
 -0.1026667      0.0000000E+00
 -0.1023333      0.0000000E+00
 -0.1020000      0.0000000E+00
 -0.1016667      0.0000000E+00
 -0.1013333      0.0000000E+00
 -0.1010000      0.0000000E+00
 -0.1006667      0.0000000E+00
 -0.1003333      0.0000000E+00
 -0.1000000      0.0000000E+00
 -9.9666670E-02  0.0000000E+00
 -9.9333331E-02  0.0000000E+00
 -9.8999999E-02  0.0000000E+00
 -9.8666668E-02  0.0000000E+00
 -9.8333336E-02  0.0000000E+00
 -9.7999997E-02  0.0000000E+00
 -9.7666666E-02  0.0000000E+00
 -9.7333334E-02  0.0000000E+00
 -9.7000003E-02  0.0000000E+00
 -9.6666664E-02  0.0000000E+00
 -9.6333332E-02  0.0000000E+00
 -9.6000001E-02  0.0000000E+00
 -9.5666669E-02  0.0000000E+00
 -9.5333330E-02  0.0000000E+00
 -9.4999999E-02  0.0000000E+00
 -9.4666667E-02  0.0000000E+00
 -9.4333336E-02  0.0000000E+00
 -9.3999997E-02  0.0000000E+00
 -9.3666665E-02  0.0000000E+00
 -9.3333334E-02  0.0000000E+00
 -9.3000002E-02  0.0000000E+00
 -9.2666663E-02  0.0000000E+00
 -9.2333332E-02  0.0000000E+00
 -9.2000000E-02  0.0000000E+00
 -9.1666669E-02  0.0000000E+00
 -9.1333330E-02  0.0000000E+00
 -9.0999998E-02  0.0000000E+00
 -9.0666667E-02  0.0000000E+00
 -9.0333335E-02  0.0000000E+00
 -9.0000004E-02  0.0000000E+00
 -8.9666665E-02  0.0000000E+00
 -8.9333333E-02  0.0000000E+00
 -8.9000002E-02  0.0000000E+00
 -8.8666670E-02  0.0000000E+00
 -8.8333331E-02  0.0000000E+00
 -8.8000000E-02  0.0000000E+00
 -8.7666668E-02  0.0000000E+00
 -8.7333336E-02  0.0000000E+00
 -8.6999997E-02  0.0000000E+00
 -8.6666666E-02  0.0000000E+00
 -8.6333334E-02  0.0000000E+00
 -8.6000003E-02  0.0000000E+00
 -8.5666664E-02  0.0000000E+00
 -8.5333332E-02  0.0000000E+00
 -8.5000001E-02  0.0000000E+00
 -8.4666669E-02  0.0000000E+00
 -8.4333330E-02  0.0000000E+00
 -8.3999999E-02  0.0000000E+00
 -8.3666667E-02  0.0000000E+00
 -8.3333336E-02  0.0000000E+00
 -8.2999997E-02  0.0000000E+00
 -8.2666665E-02  0.0000000E+00
 -8.2333334E-02  0.0000000E+00
 -8.2000002E-02  0.0000000E+00
 -8.1666663E-02  0.0000000E+00
 -8.1333332E-02  0.0000000E+00
 -8.1000000E-02  0.0000000E+00
 -8.0666669E-02  0.0000000E+00
 -8.0333330E-02  0.0000000E+00
 -7.9999998E-02  0.0000000E+00
 -7.9666667E-02  0.0000000E+00
 -7.9333335E-02  0.0000000E+00
 -7.9000004E-02  0.0000000E+00
 -7.8666665E-02  0.0000000E+00
 -7.8333333E-02  0.0000000E+00
 -7.8000002E-02  0.0000000E+00
 -7.7666670E-02  0.0000000E+00
 -7.7333331E-02  0.0000000E+00
 -7.7000000E-02  0.0000000E+00
 -7.6666668E-02  0.0000000E+00
 -7.6333337E-02  0.0000000E+00
 -7.5999998E-02  0.0000000E+00
 -7.5666666E-02  0.0000000E+00
 -7.5333335E-02  0.0000000E+00
 -7.5000003E-02  0.0000000E+00
 -7.4666664E-02  0.0000000E+00
 -7.4333332E-02  0.0000000E+00
 -7.4000001E-02  0.0000000E+00
 -7.3666669E-02  0.0000000E+00
 -7.3333330E-02  0.0000000E+00
 -7.2999999E-02  0.0000000E+00
 -7.2666667E-02  0.0000000E+00
 -7.2333336E-02  0.0000000E+00
 -7.1999997E-02  0.0000000E+00
 -7.1666665E-02  0.0000000E+00
 -7.1333334E-02  0.0000000E+00
 -7.1000002E-02  0.0000000E+00
 -7.0666663E-02  0.0000000E+00
 -7.0333332E-02  0.0000000E+00
 -7.0000000E-02  0.0000000E+00
 -6.9666669E-02  0.0000000E+00
 -6.9333330E-02  0.0000000E+00
 -6.8999998E-02  0.0000000E+00
 -6.8666667E-02  0.0000000E+00
 -6.8333335E-02  0.0000000E+00
 -6.8000004E-02  0.0000000E+00
 -6.7666665E-02  0.0000000E+00
 -6.7333333E-02  0.0000000E+00
 -6.7000002E-02  0.0000000E+00
 -6.6666670E-02  0.0000000E+00
 -6.6333331E-02  0.0000000E+00
 -6.6000000E-02  0.0000000E+00
 -6.5666668E-02  0.0000000E+00
 -6.5333337E-02  0.0000000E+00
 -6.4999998E-02  0.0000000E+00
 -6.4666666E-02  0.0000000E+00
 -6.4333335E-02  0.0000000E+00
 -6.4000003E-02  0.0000000E+00
 -6.3666664E-02  0.0000000E+00
 -6.3333333E-02  0.0000000E+00
 -6.3000001E-02  0.0000000E+00
 -6.2666669E-02  0.0000000E+00
 -6.2333334E-02  0.0000000E+00
 -6.1999999E-02  0.0000000E+00
 -6.1666667E-02  0.0000000E+00
 -6.1333332E-02  0.0000000E+00
 -6.1000001E-02  0.0000000E+00
 -6.0666665E-02  0.0000000E+00
 -6.0333334E-02  0.0000000E+00
 -5.9999999E-02  0.0000000E+00
 -5.9666667E-02  0.0000000E+00
 -5.9333332E-02  0.0000000E+00
 -5.9000000E-02  0.0000000E+00
 -5.8666665E-02  0.0000000E+00
 -5.8333334E-02  0.0000000E+00
 -5.7999998E-02  0.0000000E+00
 -5.7666667E-02  0.0000000E+00
 -5.7333332E-02  0.0000000E+00
 -5.7000000E-02  0.0000000E+00
 -5.6666669E-02  0.0000000E+00
 -5.6333333E-02  0.0000000E+00
 -5.6000002E-02  0.0000000E+00
 -5.5666666E-02  0.0000000E+00
 -5.5333335E-02  0.0000000E+00
 -5.5000000E-02  0.0000000E+00
 -5.4666668E-02  0.0000000E+00
 -5.4333333E-02  0.0000000E+00
 -5.4000001E-02  0.0000000E+00
 -5.3666666E-02  0.0000000E+00
 -5.3333335E-02  0.0000000E+00
 -5.2999999E-02  0.0000000E+00
 -5.2666668E-02  0.0000000E+00
 -5.2333333E-02  0.0000000E+00
 -5.2000001E-02  0.0000000E+00
 -5.1666666E-02  0.0000000E+00
 -5.1333334E-02  0.0000000E+00
 -5.0999999E-02  0.0000000E+00
 -5.0666668E-02  0.0000000E+00
 -5.0333332E-02  0.0000000E+00
 -5.0000001E-02  0.0000000E+00
 -4.9666665E-02  0.0000000E+00
 -4.9333334E-02  0.0000000E+00
 -4.8999999E-02  0.0000000E+00
 -4.8666667E-02  0.0000000E+00
 -4.8333332E-02  0.0000000E+00
 -4.8000000E-02  0.0000000E+00
 -4.7666665E-02  0.0000000E+00
 -4.7333334E-02  0.0000000E+00
 -4.6999998E-02  0.0000000E+00
 -4.6666667E-02  0.0000000E+00
 -4.6333332E-02  0.0000000E+00
 -4.6000000E-02  0.0000000E+00
 -4.5666665E-02  0.0000000E+00
 -4.5333333E-02  0.0000000E+00
 -4.5000002E-02  0.0000000E+00
 -4.4666667E-02  0.0000000E+00
 -4.4333335E-02  0.0000000E+00
 -4.4000000E-02  0.0000000E+00
 -4.3666668E-02  0.0000000E+00
 -4.3333333E-02  0.0000000E+00
 -4.3000001E-02  0.0000000E+00
 -4.2666666E-02  0.0000000E+00
 -4.2333335E-02  0.0000000E+00
 -4.1999999E-02  0.0000000E+00
 -4.1666668E-02  0.0000000E+00
 -4.1333333E-02  0.0000000E+00
 -4.1000001E-02  0.0000000E+00
 -4.0666666E-02  0.0000000E+00
 -4.0333334E-02  0.0000000E+00
 -3.9999999E-02  0.0000000E+00
 -3.9666668E-02  0.0000000E+00
 -3.9333332E-02  0.0000000E+00
 -3.9000001E-02  0.0000000E+00
 -3.8666666E-02  0.0000000E+00
 -3.8333334E-02  0.0000000E+00
 -3.7999999E-02  0.0000000E+00
 -3.7666667E-02  0.0000000E+00
 -3.7333332E-02  0.0000000E+00
 -3.7000000E-02  0.0000000E+00
 -3.6666665E-02  0.0000000E+00
 -3.6333334E-02  0.0000000E+00
 -3.5999998E-02  0.0000000E+00
 -3.5666667E-02  0.0000000E+00
 -3.5333332E-02  0.0000000E+00
 -3.5000000E-02  0.0000000E+00
 -3.4666665E-02  0.0000000E+00
 -3.4333333E-02  0.0000000E+00
 -3.4000002E-02  0.0000000E+00
 -3.3666667E-02  0.0000000E+00
 -3.3333335E-02  0.0000000E+00
 -3.3000000E-02  0.0000000E+00
 -3.2666668E-02  0.0000000E+00
 -3.2333333E-02  0.0000000E+00
 -3.2000002E-02  0.0000000E+00
 -3.1666666E-02  0.0000000E+00
 -3.1333335E-02  0.0000000E+00
 -3.0999999E-02  0.0000000E+00
 -3.0666666E-02  0.0000000E+00
 -3.0333333E-02  0.0000000E+00
 -2.9999999E-02  0.0000000E+00
 -2.9666666E-02  0.0000000E+00
 -2.9333333E-02  0.0000000E+00
 -2.8999999E-02  0.0000000E+00
 -2.8666666E-02  0.0000000E+00
 -2.8333334E-02  0.0000000E+00
 -2.8000001E-02  0.0000000E+00
 -2.7666667E-02  0.0000000E+00
 -2.7333334E-02  0.0000000E+00
 -2.7000001E-02  0.0000000E+00
 -2.6666667E-02  0.0000000E+00
 -2.6333334E-02  0.0000000E+00
 -2.6000001E-02  0.0000000E+00
 -2.5666667E-02  0.0000000E+00
 -2.5333334E-02  0.0000000E+00
 -2.5000000E-02  0.0000000E+00
 -2.4666667E-02  0.0000000E+00
 -2.4333334E-02  0.0000000E+00
 -2.4000000E-02  0.0000000E+00
 -2.3666667E-02  0.0000000E+00
 -2.3333333E-02  0.0000000E+00
 -2.3000000E-02  0.0000000E+00
 -2.2666667E-02  0.0000000E+00
 -2.2333333E-02  0.0000000E+00
 -2.2000000E-02  0.0000000E+00
 -2.1666666E-02  0.0000000E+00
 -2.1333333E-02  0.0000000E+00
 -2.1000000E-02  0.0000000E+00
 -2.0666666E-02  0.0000000E+00
 -2.0333333E-02  0.0000000E+00
 -2.0000000E-02  0.0000000E+00
 -1.9666666E-02  0.0000000E+00
 -1.9333333E-02  0.0000000E+00
 -1.8999999E-02  0.0000000E+00
 -1.8666666E-02  0.0000000E+00
 -1.8333333E-02  0.0000000E+00
 -1.7999999E-02  0.0000000E+00
 -1.7666666E-02  0.0000000E+00
 -1.7333332E-02  0.0000000E+00
 -1.7000001E-02  0.0000000E+00
 -1.6666668E-02  0.0000000E+00
 -1.6333334E-02  0.0000000E+00
 -1.6000001E-02  0.0000000E+00
 -1.5666667E-02  0.0000000E+00
 -1.5333333E-02  0.0000000E+00
 -1.5000000E-02  0.0000000E+00
 -1.4666666E-02  0.0000000E+00
 -1.4333333E-02  0.0000000E+00
 -1.4000000E-02  0.0000000E+00
 -1.3666667E-02  0.0000000E+00
 -1.3333334E-02  0.0000000E+00
 -1.3000000E-02  0.0000000E+00
 -1.2666667E-02  0.0000000E+00
 -1.2333333E-02  0.0000000E+00
 -1.2000000E-02  0.0000000E+00
 -1.1666667E-02  0.0000000E+00
 -1.1333333E-02  0.0000000E+00
 -1.1000000E-02  0.0000000E+00
 -1.0666667E-02  0.0000000E+00
 -1.0333333E-02  0.0000000E+00
 -9.9999998E-03  0.0000000E+00
 -9.6666664E-03  0.0000000E+00
 -9.3333330E-03  0.0000000E+00
 -8.9999996E-03  0.0000000E+00
 -8.6666662E-03  0.0000000E+00
 -8.3333338E-03  0.0000000E+00
 -8.0000004E-03  0.0000000E+00
 -7.6666665E-03  0.0000000E+00
 -7.3333331E-03  0.0000000E+00
 -7.0000002E-03  0.0000000E+00
 -6.6666668E-03  0.0000000E+00
 -6.3333334E-03  0.0000000E+00
 -6.0000001E-03  0.0000000E+00
 -5.6666667E-03  0.0000000E+00
 -5.3333333E-03  0.0000000E+00
 -4.9999999E-03  0.0000000E+00
 -4.6666665E-03  0.0000000E+00
 -4.3333331E-03  0.0000000E+00
 -4.0000002E-03  0.0000000E+00
 -3.6666666E-03  0.0000000E+00
 -3.3333334E-03  0.0000000E+00
 -3.0000000E-03  0.0000000E+00
 -2.6666666E-03  0.0000000E+00
 -2.3333333E-03  0.0000000E+00
 -2.0000001E-03  0.0000000E+00
 -1.6666667E-03  0.0000000E+00
 -1.3333333E-03  0.0000000E+00
 -1.0000000E-03  0.0000000E+00
 -6.6666666E-04  0.0000000E+00
 -3.3333333E-04  0.0000000E+00
  0.0000000E+00  0.0000000E+00
  3.3333333E-04  0.0000000E+00
  6.6666666E-04  0.0000000E+00
  1.0000000E-03  0.0000000E+00
  1.3333333E-03  0.0000000E+00
  1.6666667E-03  0.0000000E+00
  2.0000001E-03  0.0000000E+00
  2.3333333E-03  0.0000000E+00
  2.6666666E-03  0.0000000E+00
  3.0000000E-03  0.0000000E+00
  3.3333334E-03  0.0000000E+00
  3.6666666E-03  0.0000000E+00
  4.0000002E-03  0.0000000E+00
  4.3333331E-03  0.0000000E+00
  4.6666665E-03  0.0000000E+00
  4.9999999E-03  0.0000000E+00
  5.3333333E-03  0.0000000E+00
  5.6666667E-03  0.0000000E+00
  6.0000001E-03  0.0000000E+00
  6.3333334E-03  0.0000000E+00
  6.6666668E-03  0.0000000E+00
  7.0000002E-03  0.0000000E+00
  7.3333331E-03  0.0000000E+00
  7.6666665E-03  0.0000000E+00
  8.0000004E-03  0.0000000E+00
  8.3333338E-03  0.0000000E+00
  8.6666662E-03  0.0000000E+00
  8.9999996E-03  0.0000000E+00
  9.3333330E-03  0.0000000E+00
  9.6666664E-03  0.0000000E+00
  9.9999998E-03  0.0000000E+00
  1.0333333E-02  0.0000000E+00
  1.0666667E-02  0.0000000E+00
  1.1000000E-02  0.0000000E+00
  1.1333333E-02  0.0000000E+00
  1.1666667E-02  0.0000000E+00
  1.2000000E-02  0.0000000E+00
  1.2333333E-02  0.0000000E+00
  1.2666667E-02  0.0000000E+00
  1.3000000E-02  0.0000000E+00
  1.3333334E-02  0.0000000E+00
  1.3666667E-02  0.0000000E+00
  1.4000000E-02  0.0000000E+00
  1.4333333E-02  0.0000000E+00
  1.4666666E-02  0.0000000E+00
  1.5000000E-02  0.0000000E+00
  1.5333333E-02  0.0000000E+00
  1.5666667E-02  0.0000000E+00
  1.6000001E-02  0.0000000E+00
  1.6333334E-02  0.0000000E+00
  1.6666668E-02  0.0000000E+00
  1.7000001E-02  0.0000000E+00
  1.7333332E-02  0.0000000E+00
  1.7666666E-02  0.0000000E+00
  1.7999999E-02  0.0000000E+00
  1.8333333E-02  0.0000000E+00
  1.8666666E-02  0.0000000E+00
  1.8999999E-02  0.0000000E+00
  1.9333333E-02  0.0000000E+00
  1.9666666E-02  0.0000000E+00
  2.0000000E-02  0.0000000E+00
  2.0333333E-02  0.0000000E+00
  2.0666666E-02  0.0000000E+00
  2.1000000E-02  0.0000000E+00
  2.1333333E-02  0.0000000E+00
  2.1666666E-02  0.0000000E+00
  2.2000000E-02  0.0000000E+00
  2.2333333E-02  0.0000000E+00
  2.2666667E-02  0.0000000E+00
  2.3000000E-02  0.0000000E+00
  2.3333333E-02  0.0000000E+00
  2.3666667E-02  0.0000000E+00
  2.4000000E-02  0.0000000E+00
  2.4333334E-02  0.0000000E+00
  2.4666667E-02  0.0000000E+00
  2.5000000E-02  0.0000000E+00
  2.5333334E-02  0.0000000E+00
  2.5666667E-02  0.0000000E+00
  2.6000001E-02  0.0000000E+00
  2.6333334E-02  0.0000000E+00
  2.6666667E-02  0.0000000E+00
  2.7000001E-02  0.0000000E+00
  2.7333334E-02  0.0000000E+00
  2.7666667E-02  0.0000000E+00
  2.8000001E-02  0.0000000E+00
  2.8333334E-02  0.0000000E+00
  2.8666666E-02  0.0000000E+00
  2.8999999E-02  0.0000000E+00
  2.9333333E-02  0.0000000E+00
  2.9666666E-02  0.0000000E+00
  2.9999999E-02  0.0000000E+00
  3.0333333E-02  0.0000000E+00
  3.0666666E-02  0.0000000E+00
  3.0999999E-02  0.0000000E+00
  3.1333335E-02  0.0000000E+00
  3.1666666E-02  0.0000000E+00
  3.2000002E-02  0.0000000E+00
  3.2333333E-02  0.0000000E+00
  3.2666668E-02  0.0000000E+00
  3.3000000E-02  0.0000000E+00
  3.3333335E-02  0.0000000E+00
  3.3666667E-02  0.0000000E+00
  3.4000002E-02  0.0000000E+00
  3.4333333E-02  0.0000000E+00
  3.4666665E-02  0.0000000E+00
  3.5000000E-02  0.0000000E+00
  3.5333332E-02  0.0000000E+00
  3.5666667E-02  0.0000000E+00
  3.5999998E-02  0.0000000E+00
  3.6333334E-02  0.0000000E+00
  3.6666665E-02  0.0000000E+00
  3.7000000E-02  0.0000000E+00
  3.7333332E-02  0.0000000E+00
  3.7666667E-02  0.0000000E+00
  3.7999999E-02  0.0000000E+00
  3.8333334E-02  2.0390912E-08
  3.8666666E-02  4.3344869E-08
  3.9000001E-02  5.9820074E-08
  3.9333332E-02  7.4470556E-08
  3.9666668E-02  8.8407560E-08
  3.9999999E-02  1.0211557E-07
  4.0333334E-02  1.1586492E-07
  4.0666666E-02  1.2983112E-07
  4.1000001E-02  1.4414118E-07
  4.1333333E-02  1.5889495E-07
  4.1666668E-02  1.7417619E-07
  4.1999999E-02  1.9005887E-07
  4.2333335E-02  2.0661093E-07
  4.2666666E-02  2.2389681E-07
  4.3000001E-02  2.4197894E-07
  4.3333333E-02  2.6091899E-07
  4.3666668E-02  2.8077881E-07
  4.4000000E-02  3.0162079E-07
  4.4333335E-02  3.2350866E-07
  4.4666667E-02  3.4650776E-07
  4.5000002E-02  3.7068537E-07
  4.5333333E-02  3.9611109E-07
  4.5666665E-02  4.2285706E-07
  4.6000000E-02  4.5099816E-07
  4.6333332E-02  4.8061241E-07
  4.6666667E-02  5.1178102E-07
  4.6999998E-02  5.4458872E-07
  4.7333334E-02  5.7912382E-07
  4.7666665E-02  6.1547860E-07
  4.8000000E-02  6.5374957E-07
  4.8333332E-02  6.9403728E-07
  4.8666667E-02  7.3644713E-07
  4.8999999E-02  7.8108911E-07
  4.9333334E-02  8.2807827E-07
  4.9666665E-02  8.7753472E-07
  5.0000001E-02  9.2958430E-07
  5.0333332E-02  9.8435839E-07
  5.0666668E-02  1.0419943E-06
  5.0999999E-02  1.1026358E-06
  5.1333334E-02  1.1664328E-06
  5.1666666E-02  1.2335421E-06
  5.2000001E-02  1.3041277E-06
  5.2333333E-02  1.3783610E-06
  5.2666668E-02  1.4564208E-06
  5.2999999E-02  1.5384938E-06
  5.3333335E-02  1.6247755E-06
  5.3666666E-02  1.7154695E-06
  5.4000001E-02  1.8107886E-06
  5.4333333E-02  1.9109550E-06
  5.4666668E-02  2.0162006E-06
  5.5000000E-02  2.1267672E-06
  5.5333335E-02  2.2429072E-06
  5.5666666E-02  2.3648843E-06
  5.6000002E-02  2.4929725E-06
  5.6333333E-02  2.6274590E-06
  5.6666669E-02  2.7686417E-06
  5.7000000E-02  2.9168325E-06
  5.7333332E-02  3.0723554E-06
  5.7666667E-02  3.2355488E-06
  5.7999998E-02  3.4067646E-06
  5.8333334E-02  3.5863698E-06
  5.8666665E-02  3.7747463E-06
  5.9000000E-02  3.9722927E-06
  5.9333332E-02  4.1794219E-06
  5.9666667E-02  4.3965665E-06
  5.9999999E-02  4.6241739E-06
  6.0333334E-02  4.8627112E-06
  6.0666665E-02  5.1126640E-06
  6.1000001E-02  5.3745375E-06
  6.1333332E-02  5.6488566E-06
  6.1666667E-02  5.9361669E-06
  6.1999999E-02  6.2370359E-06
  6.2333334E-02  6.5520535E-06
  6.2666669E-02  6.8818317E-06
  6.3000001E-02  7.2270077E-06
  6.3333333E-02  7.5882417E-06
  6.3666664E-02  7.9662204E-06
  6.4000003E-02  8.3616560E-06
  6.4333335E-02  8.7752878E-06
  6.4666666E-02  9.2078835E-06
  6.4999998E-02  9.6602389E-06
  6.5333337E-02  1.0133180E-05
  6.5666668E-02  1.0627563E-05
  6.6000000E-02  1.1144276E-05
  6.6333331E-02  1.1684239E-05
  6.6666670E-02  1.2248408E-05
  6.7000002E-02  1.2837770E-05
  6.7333333E-02  1.3453348E-05
  6.7666665E-02  1.4096205E-05
  6.8000004E-02  1.4767438E-05
  6.8333335E-02  1.5468186E-05
  6.8666667E-02  1.6199625E-05
  6.8999998E-02  1.6962971E-05
  6.9333330E-02  1.7759488E-05
  6.9666669E-02  1.8590479E-05
  7.0000000E-02  1.9457293E-05
  7.0333332E-02  2.0361322E-05
  7.0666663E-02  2.1304008E-05
  7.1000002E-02  2.2286840E-05
  7.1333334E-02  2.3311359E-05
  7.1666665E-02  2.4379153E-05
  7.1999997E-02  2.5491867E-05
  7.2333336E-02  2.6651192E-05
  7.2666667E-02  2.7858883E-05
  7.2999999E-02  2.9116743E-05
  7.3333330E-02  3.0426638E-05
  7.3666669E-02  3.1790492E-05
  7.4000001E-02  3.3210286E-05
  7.4333332E-02  3.4688070E-05
  7.4666664E-02  3.6225945E-05
  7.5000003E-02  3.7826092E-05
  7.5333335E-02  3.9490747E-05
  7.5666666E-02  4.1222214E-05
  7.5999998E-02  4.3022876E-05
  7.6333337E-02  4.4895172E-05
  7.6666668E-02  4.6841626E-05
  7.7000000E-02  4.8864826E-05
  7.7333331E-02  5.0967439E-05
  7.7666670E-02  5.3152213E-05
  7.8000002E-02  5.5421966E-05
  7.8333333E-02  5.7779598E-05
  7.8666665E-02  6.0228092E-05
  7.9000004E-02  6.2770516E-05
  7.9333335E-02  6.5410008E-05
  7.9666667E-02  6.8149813E-05
  7.9999998E-02  7.0993243E-05
  8.0333330E-02  7.3943709E-05
  8.0666669E-02  7.7004705E-05
  8.1000000E-02  8.0179831E-05
  8.1333332E-02  8.3472754E-05
  8.1666663E-02  8.6887267E-05
  8.2000002E-02  9.0427224E-05
  8.2333334E-02  9.4096606E-05
  8.2666665E-02  9.7899465E-05
  8.2999997E-02  1.0183997E-04
  8.3333336E-02  1.0592239E-04
  8.3666667E-02  1.1015109E-04
  8.3999999E-02  1.1453053E-04
  8.4333330E-02  1.1906529E-04
  8.4666669E-02  1.2376004E-04
  8.5000001E-02  1.2861958E-04
  8.5333332E-02  1.3364876E-04
  8.5666664E-02  1.3885261E-04
  8.6000003E-02  1.4423624E-04
  8.6333334E-02  1.4980484E-04
  8.6666666E-02  1.5556374E-04
  8.6999997E-02  1.6151839E-04
  8.7333336E-02  1.6767431E-04
  8.7666668E-02  1.7403718E-04
  8.8000000E-02  1.8061275E-04
  8.8333331E-02  1.8740691E-04
  8.8666670E-02  1.9442565E-04
  8.9000002E-02  2.0167508E-04
  8.9333333E-02  2.0916142E-04
  8.9666665E-02  2.1689097E-04
  9.0000004E-02  2.2487021E-04
  9.0333335E-02  2.3310567E-04
  9.0666667E-02  2.4160402E-04
  9.0999998E-02  2.5037205E-04
  9.1333330E-02  2.5941664E-04
  9.1666669E-02  2.6874474E-04
  9.2000000E-02  2.7836353E-04
  9.2333332E-02  2.8828016E-04
  9.2666663E-02  2.9850198E-04
  9.3000002E-02  3.0903640E-04
  9.3333334E-02  3.1989091E-04
  9.3666665E-02  3.3107318E-04
  9.3999997E-02  3.4259094E-04
  9.4333336E-02  3.5445197E-04
  9.4666667E-02  3.6666420E-04
  9.4999999E-02  3.7923566E-04
  9.5333330E-02  3.9217444E-04
  9.5666669E-02  4.0548868E-04
  9.6000001E-02  4.1918672E-04
  9.6333332E-02  4.3327687E-04
  9.6666664E-02  4.4776755E-04
  9.7000003E-02  4.6266732E-04
  9.7333334E-02  4.7798469E-04
  9.7666666E-02  4.9372832E-04
  9.7999997E-02  5.0990697E-04
  9.8333336E-02  5.2652927E-04
  9.8666668E-02  5.4360420E-04
  9.8999999E-02  5.6114048E-04
  9.9333331E-02  5.7914708E-04
  9.9666670E-02  5.9763290E-04
  0.1000000      6.1660697E-04
  0.1003333      6.3607824E-04
  0.1006667      6.5605581E-04
  0.1010000      6.7654863E-04
  0.1013333      6.9756579E-04
  0.1016667      7.1911630E-04
  0.1020000      7.4120919E-04
  0.1023333      7.6385349E-04
  0.1026667      7.8705826E-04
  0.1030000      8.1083237E-04
  0.1033333      8.3518482E-04
  0.1036667      8.6012454E-04
  0.1040000      8.8566024E-04
  0.1043333      9.1180071E-04
  0.1046667      9.3855470E-04
  0.1050000      9.6593081E-04
  0.1053333      9.9393760E-04
  0.1056667      1.0225833E-03
  0.1060000      1.0518765E-03
  0.1063333      1.0818252E-03
  0.1066667      1.1124375E-03
  0.1070000      1.1437212E-03
  0.1073333      1.1756840E-03
  0.1076667      1.2083339E-03
  0.1080000      1.2416778E-03
  0.1083333      1.2757231E-03
  0.1086667      1.3104769E-03
  0.1090000      1.3459459E-03
  0.1093333      1.3821366E-03
  0.1096667      1.4190554E-03
  0.1100000      1.4567083E-03
  0.1103333      1.4951011E-03
  0.1106667      1.5342394E-03
  0.1110000      1.5741282E-03
  0.1113333      1.6147726E-03
  0.1116667      1.6561772E-03
  0.1120000      1.6983461E-03
  0.1123333      1.7412832E-03
  0.1126667      1.7849922E-03
  0.1130000      1.8294760E-03
  0.1133333      1.8747373E-03
  0.1136667      1.9207788E-03
  0.1140000      1.9676019E-03
  0.1143333      2.0152086E-03
  0.1146667      2.0635996E-03
  0.1150000      2.1127753E-03
  0.1153333      2.1627359E-03
  0.1156667      2.2134811E-03
  0.1160000      2.2650096E-03
  0.1163333      2.3173201E-03
  0.1166667      2.3704104E-03
  0.1170000      2.4242778E-03
  0.1173333      2.4789192E-03
  0.1176667      2.5343311E-03
  0.1180000      2.5905084E-03
  0.1183333      2.6474467E-03
  0.1186667      2.7051400E-03
  0.1190000      2.7635819E-03
  0.1193333      2.8227656E-03
  0.1196667      2.8826832E-03
  0.1200000      2.9433265E-03
  0.1203333      3.0046862E-03
  0.1206667      3.0667526E-03
  0.1210000      3.1295149E-03
  0.1213333      3.1929621E-03
  0.1216667      3.2570818E-03
  0.1220000      3.3218616E-03
  0.1223333      3.3872873E-03
  0.1226667      3.4533446E-03
  0.1230000      3.5200184E-03
  0.1233333      3.5872923E-03
  0.1236667      3.6551498E-03
  0.1240000      3.7235727E-03
  0.1243333      3.7925425E-03
  0.1246667      3.8620399E-03
  0.1250000      3.9320439E-03
  0.1253333      4.0025343E-03
  0.1256667      4.0734881E-03
  0.1260000      4.1448823E-03
  0.1263333      4.2166938E-03
  0.1266667      4.2888965E-03
  0.1270000      4.3614660E-03
  0.1273333      4.4343746E-03
  0.1276667      4.5075952E-03
  0.1280000      4.5810989E-03
  0.1283333      4.6548573E-03
  0.1286667      4.7288388E-03
  0.1290000      4.8030135E-03
  0.1293333      4.8773480E-03
  0.1296667      4.9518095E-03
  0.1300000      5.0263647E-03
  0.1303333      5.1009781E-03
  0.1306667      5.1756143E-03
  0.1310000      5.2502360E-03
  0.1313333      5.3248056E-03
  0.1316667      5.3992853E-03
  0.1320000      5.4736356E-03
  0.1323333      5.5478159E-03
  0.1326667      5.6217848E-03
  0.1330000      5.6955013E-03
  0.1333333      5.7689222E-03
  0.1336667      5.8420035E-03
  0.1340000      5.9147011E-03
  0.1343333      5.9869699E-03
  0.1346667      6.0587642E-03
  0.1350000      6.1300369E-03
  0.1353333      6.2007406E-03
  0.1356667      6.2708273E-03
  0.1360000      6.3402480E-03
  0.1363333      6.4089531E-03
  0.1366667      6.4768926E-03
  0.1370000      6.5440158E-03
  0.1373333      6.6102715E-03
  0.1376667      6.6756075E-03
  0.1380000      6.7399708E-03
  0.1383333      6.8033095E-03
  0.1386667      6.8655694E-03
  0.1390000      6.9266967E-03
  0.1393333      6.9866297E-03
  0.1396667      7.0453272E-03
  0.1400000      7.1027279E-03
  0.1403333      7.1587767E-03
  0.1406667      7.2134174E-03
  0.1410000      7.2665946E-03
  0.1413333      7.3182513E-03
  0.1416667      7.3683322E-03
  0.1420000      7.4167810E-03
  0.1423333      7.4635404E-03
  0.1426667      7.5085545E-03
  0.1430000      7.5517665E-03
  0.1433333      7.5931204E-03
  0.1436667      7.6325596E-03
  0.1440000      7.6700281E-03
  0.1443333      7.7054696E-03
  0.1446667      7.7388287E-03
  0.1450000      7.7700499E-03
  0.1453333      7.7990773E-03
  0.1456667      7.8258570E-03
  0.1460000      7.8503350E-03
  0.1463333      7.8724567E-03
  0.1466667      7.8921691E-03
  0.1470000      7.9094199E-03
  0.1473333      7.9241563E-03
  0.1476667      7.9363277E-03
  0.1480000      7.9458822E-03
  0.1483333      7.9527721E-03
  0.1486667      7.9569463E-03
  0.1490000      7.9583572E-03
  0.1493333      7.9569584E-03
  0.1496667      7.9527032E-03
  0.1500000      7.9455469E-03
  0.1503333      7.9354458E-03
  0.1506667      7.9223560E-03
  0.1510000      7.9062367E-03
  0.1513333      7.8870477E-03
  0.1516667      7.8647500E-03
  0.1520000      7.8393053E-03
  0.1523333      7.8106774E-03
  0.1526667      7.7788327E-03
  0.1530000      7.7437367E-03
  0.1533333      7.7053588E-03
  0.1536667      7.6636681E-03
  0.1540000      7.6186364E-03
  0.1543333      7.5702374E-03
  0.1546667      7.5184461E-03
  0.1550000      7.4632391E-03
  0.1553333      7.4045956E-03
  0.1556667      7.3424960E-03
  0.1560000      7.2769229E-03
  0.1563333      7.2078607E-03
  0.1566667      7.1352958E-03
  0.1570000      7.0592174E-03
  0.1573333      6.9796154E-03
  0.1576667      6.8964832E-03
  0.1580000      6.8098158E-03
  0.1583333      6.7196097E-03
  0.1586667      6.6258647E-03
  0.1590000      6.5285824E-03
  0.1593333      6.4277668E-03
  0.1596667      6.3234232E-03
  0.1600000      6.2155612E-03
  0.1603333      6.1041908E-03
  0.1606667      5.9893262E-03
  0.1610000      5.8709816E-03
  0.1613333      5.7491758E-03
  0.1616667      5.6239292E-03
  0.1620000      5.4952642E-03
  0.1623333      5.3632064E-03
  0.1626667      5.2277828E-03
  0.1630000      5.0890245E-03
  0.1633333      4.9469634E-03
  0.1636667      4.8016347E-03
  0.1640000      4.6530757E-03
  0.1643333      4.5013265E-03
  0.1646667      4.3464294E-03
  0.1650000      4.1884291E-03
  0.1653333      4.0273727E-03
  0.1656667      3.8633100E-03
  0.1660000      3.6962926E-03
  0.1663333      3.5263754E-03
  0.1666667      3.3536148E-03
  0.1670000      3.1780701E-03
  0.1673333      2.9998024E-03
  0.1676667      2.8188752E-03
  0.1680000      2.6353551E-03
  0.1683333      2.4493095E-03
  0.1686667      2.2608091E-03
  0.1690000      2.0699264E-03
  0.1693333      1.8767357E-03
  0.1696667      1.6813141E-03
  0.1700000      1.4837399E-03
  0.1703333      1.2840941E-03
  0.1706667      1.0824590E-03
  0.1710000      8.7891950E-04
  0.1713333      6.7356171E-04
  0.1716667      4.6647390E-04
  0.1720000      2.5774588E-04
  0.1723333      4.7469275E-05
  0.1726667     -1.6426276E-04
  0.1730000     -3.7735549E-04
  0.1733333     -5.9171271E-04
  0.1736667     -8.0723676E-04
  0.1740000     -1.0238286E-03
  0.1743333     -1.2413880E-03
  0.1746667     -1.4598133E-03
  0.1750000     -1.6790021E-03
  0.1753333     -1.8988503E-03
  0.1756667     -2.1192534E-03
  0.1760000     -2.3401054E-03
  0.1763333     -2.5612628E-03
  0.1766667     -2.7826361E-03
  0.1770000     -3.0041549E-03
  0.1773333     -3.2256972E-03
  0.1776667     -3.4471506E-03
  0.1780000     -3.6684046E-03
  0.1783333     -3.8893486E-03
  0.1786667     -4.1098716E-03
  0.1790000     -4.3298630E-03
  0.1793333     -4.5492123E-03
  0.1796667     -4.7678081E-03
  0.1800000     -4.9855402E-03
  0.1803333     -5.2022976E-03
  0.1806667     -5.4179705E-03
  0.1810000     -5.6324522E-03
  0.1813333     -5.8456240E-03
  0.1816667     -6.0573826E-03
  0.1820000     -6.2676193E-03
  0.1823333     -6.4762272E-03
  0.1826667     -6.6830982E-03
  0.1830000     -6.8881265E-03
  0.1833333     -7.0912070E-03
  0.1836667     -7.2922278E-03
  0.1840000     -7.4910955E-03
  0.1843333     -7.6877042E-03
  0.1846667     -7.8819524E-03
  0.1850000     -8.0737416E-03
  0.1853333     -8.2629714E-03
  0.1856667     -8.4495470E-03
  0.1860000     -8.6333724E-03
  0.1863333     -8.8143535E-03
  0.1866667     -8.9923982E-03
  0.1870000     -9.1674170E-03
  0.1873333     -9.3393214E-03
  0.1876667     -9.5080249E-03
  0.1880000     -9.6734418E-03
  0.1883333     -9.8354919E-03
  0.1886667     -9.9940924E-03
  0.1890000     -1.0149167E-02
  0.1893333     -1.0300638E-02
  0.1896667     -1.0448433E-02
  0.1900000     -1.0592479E-02
  0.1903333     -1.0732709E-02
  0.1906667     -1.0869055E-02
  0.1910000     -1.1001454E-02
  0.1913333     -1.1129843E-02
  0.1916667     -1.1254164E-02
  0.1920000     -1.1374361E-02
  0.1923333     -1.1490379E-02
  0.1926667     -1.1602167E-02
  0.1930000     -1.1709678E-02
  0.1933333     -1.1812865E-02
  0.1936667     -1.1911686E-02
  0.1940000     -1.2006101E-02
  0.1943333     -1.2096073E-02
  0.1946667     -1.2181567E-02
  0.1950000     -1.2262552E-02
  0.1953333     -1.2339000E-02
  0.1956667     -1.2410884E-02
  0.1960000     -1.2478182E-02
  0.1963333     -1.2540874E-02
  0.1966667     -1.2598944E-02
  0.1970000     -1.2652378E-02
  0.1973333     -1.2701163E-02
  0.1976667     -1.2745293E-02
  0.1980000     -1.2784761E-02
  0.1983333     -1.2819566E-02
  0.1986667     -1.2849708E-02
  0.1990000     -1.2875191E-02
  0.1993333     -1.2896020E-02
  0.1996667     -1.2912204E-02
  0.2000000     -1.2923758E-02
  0.2003333     -1.2930692E-02
  0.2006667     -1.2933028E-02
  0.2010000     -1.2930783E-02
  0.2013333     -1.2923981E-02
  0.2016667     -1.2912647E-02
  0.2020000     -1.2896810E-02
  0.2023333     -1.2876500E-02
  0.2026667     -1.2851751E-02
  0.2030000     -1.2822599E-02
  0.2033333     -1.2789081E-02
  0.2036667     -1.2751237E-02
  0.2040000     -1.2709114E-02
  0.2043333     -1.2662753E-02
  0.2046667     -1.2612202E-02
  0.2050000     -1.2557513E-02
  0.2053333     -1.2498736E-02
  0.2056667     -1.2435926E-02
  0.2060000     -1.2369138E-02
  0.2063333     -1.2298430E-02
  0.2066667     -1.2223863E-02
  0.2070000     -1.2145498E-02
  0.2073333     -1.2063397E-02
  0.2076667     -1.1977626E-02
  0.2080000     -1.1888252E-02
  0.2083333     -1.1795343E-02
  0.2086667     -1.1698969E-02
  0.2090000     -1.1599199E-02
  0.2093333     -1.1496108E-02
  0.2096667     -1.1389769E-02
  0.2100000     -1.1280255E-02
  0.2103333     -1.1167645E-02
  0.2106667     -1.1052013E-02
  0.2110000     -1.0933439E-02
  0.2113333     -1.0812001E-02
  0.2116667     -1.0687779E-02
  0.2120000     -1.0560852E-02
  0.2123333     -1.0431304E-02
  0.2126667     -1.0299213E-02
  0.2130000     -1.0164662E-02
  0.2133333     -1.0027735E-02
  0.2136667     -9.8885149E-03
  0.2140000     -9.7470824E-03
  0.2143333     -9.6035227E-03
  0.2146667     -9.4579179E-03
  0.2150000     -9.3103526E-03
  0.2153333     -9.1609098E-03
  0.2156667     -9.0096733E-03
  0.2160000     -8.8567249E-03
  0.2163333     -8.7021487E-03
  0.2166667     -8.5460264E-03
  0.2170000     -8.3884401E-03
  0.2173333     -8.2294727E-03
  0.2176667     -8.0692032E-03
  0.2180000     -7.9077147E-03
  0.2183333     -7.7450857E-03
  0.2186667     -7.5813951E-03
  0.2190000     -7.4167219E-03
  0.2193333     -7.2511430E-03
  0.2196667     -7.0847357E-03
  0.2200000     -6.9175749E-03
  0.2203333     -6.7497361E-03
  0.2206667     -6.5812920E-03
  0.2210000     -6.4123152E-03
  0.2213333     -6.2428764E-03
  0.2216667     -6.0730465E-03
  0.2220000     -5.9028934E-03
  0.2223333     -5.7324846E-03
  0.2226667     -5.5618864E-03
  0.2230000     -5.3911619E-03
  0.2233333     -5.2203755E-03
  0.2236667     -5.0495877E-03
  0.2240000     -4.8788590E-03
  0.2243333     -4.7082473E-03
  0.2246667     -4.5378092E-03
  0.2250000     -4.3675997E-03
  0.2253333     -4.1976725E-03
  0.2256667     -4.0280786E-03
  0.2260000     -3.8588680E-03
  0.2263333     -3.6900889E-03
  0.2266667     -3.5217872E-03
  0.2270000     -3.3540076E-03
  0.2273333     -3.1867924E-03
  0.2276667     -3.0201825E-03
  0.2280000     -2.8542164E-03
  0.2283333     -2.6889313E-03
  0.2286667     -2.5243619E-03
  0.2290000     -2.3605416E-03
  0.2293333     -2.1975015E-03
  0.2296667     -2.0352707E-03
  0.2300000     -1.8738764E-03
  0.2303333     -1.7133442E-03
  0.2306667     -1.5536976E-03
  0.2310000     -1.3949580E-03
  0.2313333     -1.2371449E-03
  0.2316667     -1.0802761E-03
  0.2320000     -9.2436717E-04
  0.2323333     -7.6943211E-04
  0.2326667     -6.1548268E-04
  0.2330000     -4.6252972E-04
  0.2333333     -3.1058092E-04
  0.2336667     -1.5987830E-04
  0.2340000     -9.7180928E-06
  0.2343333      1.3918821E-04
  0.2346667      2.8707596E-04
  0.2350000      4.3394600E-04
  0.2353333      5.7980086E-04
  0.2356667      7.2464492E-04
  0.2360000      8.6848409E-04
  0.2363333      1.0113261E-03
  0.2366667      1.1531800E-03
  0.2370000      1.2940569E-03
  0.2373333      1.4339690E-03
  0.2376667      1.5729305E-03
  0.2380000      1.7109563E-03
  0.2383333      1.8480639E-03
  0.2386667      1.9842712E-03
  0.2390000      2.1195980E-03
  0.2393333      2.2540654E-03
  0.2396667      2.3876952E-03
  0.2400000      2.5205112E-03
  0.2403333      2.6525380E-03
  0.2406667      2.7838014E-03
  0.2410000      2.9143284E-03
  0.2413333      3.0441468E-03
  0.2416667      3.1732856E-03
  0.2420000      3.3017751E-03
  0.2423333      3.4296457E-03
  0.2426667      3.5569291E-03
  0.2430000      3.6836579E-03
  0.2433333      3.8098653E-03
  0.2436667      3.9355848E-03
  0.2440000      4.0608514E-03
  0.2443333      4.1857003E-03
  0.2446667      4.3101665E-03
  0.2450000      4.4342862E-03
  0.2453333      4.5580957E-03
  0.2456667      4.6816329E-03
  0.2460000      4.8049334E-03
  0.2463333      4.9280352E-03
  0.2466667      5.0509758E-03
  0.2470000      5.1737926E-03
  0.2473333      5.2965237E-03
  0.2476667      5.4192059E-03
  0.2480000      5.5418774E-03
  0.2483333      5.6645754E-03
  0.2486667      5.7873367E-03
  0.2490000      5.9101991E-03
  0.2493333      6.0331984E-03
  0.2496667      6.1563714E-03
  0.2500000      6.2797535E-03
  0.2503333      6.4033805E-03
  0.2506667      6.5272865E-03
  0.2510000      6.6515058E-03
  0.2513333      6.7760726E-03
  0.2516667      6.9010183E-03
  0.2520000      7.0263757E-03
  0.2523333      7.1521755E-03
  0.2526667      7.2784480E-03
  0.2530000      7.4052219E-03
  0.2533333      7.5325258E-03
  0.2536667      7.6603866E-03
  0.2540000      7.7888295E-03
  0.2543333      7.9178801E-03
  0.2546667      8.0475602E-03
  0.2550000      8.1778932E-03
  0.2553333      8.3088996E-03
  0.2556667      8.4405979E-03
  0.2560000      8.5730068E-03
  0.2563333      8.7061413E-03
  0.2566667      8.8400161E-03
  0.2570000      8.9746453E-03
  0.2573333      9.1100391E-03
  0.2576667      9.2462068E-03
  0.2580000      9.3831578E-03
  0.2583333      9.5208958E-03
  0.2586667      9.6594254E-03
  0.2590000      9.7987494E-03
  0.2593333      9.9388678E-03
  0.2596667      1.0079778E-02
  0.2600000      1.0221477E-02
  0.2603333      1.0363957E-02
  0.2606667      1.0507212E-02
  0.2610000      1.0651230E-02
  0.2613333      1.0795999E-02
  0.2616667      1.0941505E-02
  0.2620000      1.1087730E-02
  0.2623333      1.1234655E-02
  0.2626667      1.1382258E-02
  0.2630000      1.1530516E-02
  0.2633333      1.1679403E-02
  0.2636667      1.1828889E-02
  0.2640000      1.1978943E-02
  0.2643333      1.2129530E-02
  0.2646667      1.2280618E-02
  0.2650000      1.2432165E-02
  0.2653333      1.2584130E-02
  0.2656667      1.2736472E-02
  0.2660000      1.2889145E-02
  0.2663333      1.3042098E-02
  0.2666667      1.3195283E-02
  0.2670000      1.3348645E-02
  0.2673333      1.3502127E-02
  0.2676667      1.3655674E-02
  0.2680000      1.3809222E-02
  0.2683333      1.3962709E-02
  0.2686667      1.4116069E-02
  0.2690000      1.4269235E-02
  0.2693333      1.4422134E-02
  0.2696667      1.4574694E-02
  0.2700000      1.4726841E-02
  0.2703333      1.4878495E-02
  0.2706667      1.5029576E-02
  0.2710000      1.5180002E-02
  0.2713333      1.5329689E-02
  0.2716667      1.5478548E-02
  0.2720000      1.5626490E-02
  0.2723333      1.5773427E-02
  0.2726667      1.5919261E-02
  0.2730000      1.6063897E-02
  0.2733333      1.6207241E-02
  0.2736667      1.6349187E-02
  0.2740000      1.6489640E-02
  0.2743333      1.6628491E-02
  0.2746667      1.6765637E-02
  0.2750000      1.6900973E-02
  0.2753333      1.7034387E-02
  0.2756667      1.7165769E-02
  0.2760000      1.7295007E-02
  0.2763333      1.7421989E-02
  0.2766667      1.7546600E-02
  0.2770000      1.7668720E-02
  0.2773333      1.7788237E-02
  0.2776667      1.7905029E-02
  0.2780000      1.8018978E-02
  0.2783333      1.8129960E-02
  0.2786667      1.8237857E-02
  0.2790000      1.8342545E-02
  0.2793333      1.8443884E-02
  0.2796667      1.8541779E-02
  0.2800000      1.8636096E-02
  0.2803333      1.8726705E-02
  0.2806667      1.8813483E-02
  0.2810000      1.8896306E-02
  0.2813333      1.8975047E-02
  0.2816667      1.9049581E-02
  0.2820000      1.9119781E-02
  0.2823333      1.9185523E-02
  0.2826667      1.9246681E-02
  0.2830000      1.9303132E-02
  0.2833333      1.9354753E-02
  0.2836667      1.9401418E-02
  0.2840000      1.9443005E-02
  0.2843333      1.9479394E-02
  0.2846667      1.9510463E-02
  0.2850000      1.9536095E-02
  0.2853333      1.9556168E-02
  0.2856667      1.9570569E-02
  0.2860000      1.9579180E-02
  0.2863333      1.9581890E-02
  0.2866667      1.9578585E-02
  0.2870000      1.9569159E-02
  0.2873333      1.9553497E-02
  0.2876667      1.9531501E-02
  0.2880000      1.9503063E-02
  0.2883333      1.9468084E-02
  0.2886667      1.9426465E-02
  0.2890000      1.9378109E-02
  0.2893333      1.9322924E-02
  0.2896667      1.9260820E-02
  0.2900000      1.9191710E-02
  0.2903333      1.9115509E-02
  0.2906667      1.9032137E-02
  0.2910000      1.8941518E-02
  0.2913333      1.8843574E-02
  0.2916667      1.8738238E-02
  0.2920000      1.8625442E-02
  0.2923333      1.8505124E-02
  0.2926667      1.8377226E-02
  0.2930000      1.8241690E-02
  0.2933333      1.8098468E-02
  0.2936667      1.7947514E-02
  0.2940000      1.7788783E-02
  0.2943333      1.7622240E-02
  0.2946667      1.7447852E-02
  0.2950000      1.7265588E-02
  0.2953333      1.7075425E-02
  0.2956667      1.6877346E-02
  0.2960000      1.6671333E-02
  0.2963333      1.6457381E-02
  0.2966667      1.6235484E-02
  0.2970000      1.6005641E-02
  0.2973333      1.5767861E-02
  0.2976667      1.5522154E-02
  0.2980000      1.5268536E-02
  0.2983333      1.5007030E-02
  0.2986667      1.4737663E-02
  0.2990000      1.4460466E-02
  0.2993333      1.4175478E-02
  0.2996667      1.3882744E-02
  0.3000000      1.3582312E-02
  0.3003333      1.3274235E-02
  0.3006667      1.2958575E-02
  0.3010000      1.2635398E-02
  0.3013333      1.2304774E-02
  0.3016667      1.1966780E-02
  0.3020000      1.1621499E-02
  0.3023333      1.1269021E-02
  0.3026667      1.0909436E-02
  0.3030000      1.0542845E-02
  0.3033333      1.0169354E-02
  0.3036667      9.7890710E-03
  0.3040000      9.4021140E-03
  0.3043333      9.0086022E-03
  0.3046667      8.6086625E-03
  0.3050000      8.2024280E-03
  0.3053333      7.7900351E-03
  0.3056667      7.3716268E-03
  0.3060000      6.9473498E-03
  0.3063333      6.5173581E-03
  0.3066667      6.0818084E-03
  0.3070000      5.6408639E-03
  0.3073333      5.1946924E-03
  0.3076667      4.7434662E-03
  0.3080000      4.2873621E-03
  0.3083333      3.8265616E-03
  0.3086667      3.3612512E-03
  0.3090000      2.8916213E-03
  0.3093333      2.4178664E-03
  0.3096667      1.9401856E-03
  0.3100000      1.4587814E-03
  0.3103333      9.7386068E-04
  0.3106667      4.8563382E-04
  0.3110000     -5.6851090E-06
  0.3113333     -4.9987866E-04
  0.3116667     -9.9672610E-04
  0.3120000     -1.4960034E-03
  0.3123333     -1.9974837E-03
  0.3126667     -2.5009371E-03
  0.3130000     -3.0061312E-03
  0.3133333     -3.5128309E-03
  0.3136667     -4.0207994E-03
  0.3140000     -4.5297965E-03
  0.3143333     -5.0395811E-03
  0.3146667     -5.5499095E-03
  0.3150000     -6.0605374E-03
  0.3153333     -6.5712174E-03
  0.3156667     -7.0817028E-03
  0.3160000     -7.5917444E-03
  0.3163333     -8.1010927E-03
  0.3166667     -8.6094970E-03
  0.3170000     -9.1167064E-03
  0.3173333     -9.6224695E-03
  0.3176667     -1.0126535E-02
  0.3180000     -1.0628652E-02
  0.3183333     -1.1128569E-02
  0.3186667     -1.1626036E-02
  0.3190000     -1.2120802E-02
  0.3193333     -1.2612619E-02
  0.3196667     -1.3101238E-02
  0.3200000     -1.3586412E-02
  0.3203333     -1.4067897E-02
  0.3206667     -1.4545448E-02
  0.3210000     -1.5018824E-02
  0.3213333     -1.5487785E-02
  0.3216667     -1.5952092E-02
  0.3220000     -1.6411511E-02
  0.3223333     -1.6865809E-02
  0.3226667     -1.7314754E-02
  0.3230000     -1.7758124E-02
  0.3233333     -1.8195689E-02
  0.3236667     -1.8627245E-02
  0.3240000     -1.9052541E-02
  0.3243333     -1.9471386E-02
  0.3246667     -1.9883573E-02
  0.3250000     -2.0288892E-02
  0.3253333     -2.0687146E-02
  0.3256667     -2.1078136E-02
  0.3260000     -2.1461649E-02
  0.3263333     -2.1837525E-02
  0.3266667     -2.2205569E-02
  0.3270000     -2.2565603E-02
  0.3273333     -2.2917457E-02
  0.3276667     -2.3260958E-02
  0.3280000     -2.3595946E-02
  0.3283333     -2.3922263E-02
  0.3286667     -2.4239758E-02
  0.3290000     -2.4548283E-02
  0.3293333     -2.4847699E-02
  0.3296667     -2.5137872E-02
  0.3300000     -2.5418673E-02
  0.3303333     -2.5689978E-02
  0.3306667     -2.5951670E-02
  0.3310000     -2.6203644E-02
  0.3313333     -2.6445791E-02
  0.3316667     -2.6678016E-02
  0.3320000     -2.6900230E-02
  0.3323333     -2.7112344E-02
  0.3326667     -2.7314283E-02
  0.3330000     -2.7505973E-02
  0.3333333     -2.7687354E-02
  0.3336667     -2.7858363E-02
  0.3340000     -2.8018951E-02
  0.3343333     -2.8169075E-02
  0.3346667     -2.8308695E-02
  0.3350000     -2.8437778E-02
  0.3353333     -2.8556304E-02
  0.3356667     -2.8664252E-02
  0.3360000     -2.8761612E-02
  0.3363333     -2.8848380E-02
  0.3366667     -2.8924556E-02
  0.3370000     -2.8990153E-02
  0.3373333     -2.9045183E-02
  0.3376667     -2.9089671E-02
  0.3380000     -2.9123643E-02
  0.3383333     -2.9147157E-02
  0.3386667     -2.9160231E-02
  0.3390000     -2.9162908E-02
  0.3393333     -2.9155245E-02
  0.3396667     -2.9137306E-02
  0.3400000     -2.9109156E-02
  0.3403333     -2.9070867E-02
  0.3406667     -2.9022522E-02
  0.3410000     -2.8964201E-02
  0.3413333     -2.8895998E-02
  0.3416667     -2.8818006E-02
  0.3420000     -2.8730329E-02
  0.3423333     -2.8633071E-02
  0.3426667     -2.8526345E-02
  0.3430000     -2.8410271E-02
  0.3433333     -2.8284967E-02
  0.3436667     -2.8150562E-02
  0.3440000     -2.8007191E-02
  0.3443333     -2.7854986E-02
  0.3446667     -2.7694093E-02
  0.3450000     -2.7524654E-02
  0.3453333     -2.7346820E-02
  0.3456667     -2.7160745E-02
  0.3460000     -2.6966589E-02
  0.3463333     -2.6764510E-02
  0.3466667     -2.6554676E-02
  0.3470000     -2.6337255E-02
  0.3473333     -2.6112419E-02
  0.3476667     -2.5880344E-02
  0.3480000     -2.5641209E-02
  0.3483333     -2.5395192E-02
  0.3486667     -2.5142480E-02
  0.3490000     -2.4883259E-02
  0.3493333     -2.4617717E-02
  0.3496667     -2.4346044E-02
  0.3500000     -2.4068436E-02
  0.3503333     -2.3785083E-02
  0.3506667     -2.3496184E-02
  0.3510000     -2.3201939E-02
  0.3513333     -2.2902543E-02
  0.3516667     -2.2598198E-02
  0.3520000     -2.2289107E-02
  0.3523333     -2.1975469E-02
  0.3526667     -2.1657489E-02
  0.3530000     -2.1335371E-02
  0.3533333     -2.1009319E-02
  0.3536667     -2.0679533E-02
  0.3540000     -2.0346221E-02
  0.3543333     -2.0009585E-02
  0.3546667     -1.9669829E-02
  0.3550000     -1.9327158E-02
  0.3553333     -1.8981772E-02
  0.3556667     -1.8633872E-02
  0.3560000     -1.8283661E-02
  0.3563333     -1.7931338E-02
  0.3566667     -1.7577102E-02
  0.3570000     -1.7221151E-02
  0.3573333     -1.6863681E-02
  0.3576667     -1.6504886E-02
  0.3580000     -1.6144957E-02
  0.3583333     -1.5784089E-02
  0.3586667     -1.5422466E-02
  0.3590000     -1.5060279E-02
  0.3593333     -1.4697710E-02
  0.3596667     -1.4334944E-02
  0.3600000     -1.3972159E-02
  0.3603333     -1.3609533E-02
  0.3606667     -1.3247241E-02
  0.3610000     -1.2885456E-02
  0.3613333     -1.2524346E-02
  0.3616667     -1.2164079E-02
  0.3620000     -1.1804818E-02
  0.3623333     -1.1446723E-02
  0.3626667     -1.1089953E-02
  0.3630000     -1.0734660E-02
  0.3633333     -1.0380996E-02
  0.3636667     -1.0029109E-02
  0.3640000     -9.6791433E-03
  0.3643333     -9.3312394E-03
  0.3646667     -8.9855334E-03
  0.3650000     -8.6421613E-03
  0.3653333     -8.3012506E-03
  0.3656667     -7.9629300E-03
  0.3660000     -7.6273205E-03
  0.3663333     -7.2945422E-03
  0.3666667     -6.9647096E-03
  0.3670000     -6.6379351E-03
  0.3673333     -6.3143261E-03
  0.3676667     -5.9939860E-03
  0.3680000     -5.6770160E-03
  0.3683333     -5.3635109E-03
  0.3686667     -5.0535640E-03
  0.3690000     -4.7472641E-03
  0.3693333     -4.4446951E-03
  0.3696667     -4.1459380E-03
  0.3700000     -3.8510703E-03
  0.3703333     -3.5601649E-03
  0.3706667     -3.2732913E-03
  0.3710000     -2.9905150E-03
  0.3713333     -2.7118977E-03
  0.3716667     -2.4374975E-03
  0.3720000     -2.1673688E-03
  0.3723333     -1.9015622E-03
  0.3726667     -1.6401246E-03
  0.3730000     -1.3830994E-03
  0.3733333     -1.1305262E-03
  0.3736667     -8.8244118E-04
  0.3740000     -6.3887815E-04
  0.3743333     -3.9986425E-04
  0.3746667     -1.6542614E-04
  0.3750000      6.4413769E-05
  0.3753333      2.8963643E-04
  0.3756667      5.1022612E-04
  0.3760000      7.2617020E-04
  0.3763333      9.3745929E-04
  0.3766667      1.1440872E-03
  0.3770000      1.3460505E-03
  0.3773333      1.5433490E-03
  0.3776667      1.7359854E-03
  0.3780000      1.9239653E-03
  0.3783333      2.1072966E-03
  0.3786667      2.2859909E-03
  0.3790000      2.4600613E-03
  0.3793333      2.6295222E-03
  0.3796667      2.7943971E-03
  0.3800000      2.9547047E-03
  0.3803333      3.1104686E-03
  0.3806667      3.2617145E-03
  0.3810000      3.4084711E-03
  0.3813333      3.5507681E-03
  0.3816667      3.6886386E-03
  0.3820000      3.8221166E-03
  0.3823333      3.9512385E-03
  0.3826667      4.0760431E-03
  0.3830000      4.1965698E-03
  0.3833333      4.3128608E-03
  0.3836667      4.4249590E-03
  0.3840000      4.5329104E-03
  0.3843333      4.6367608E-03
  0.3846667      4.7365585E-03
  0.3850000      4.8323530E-03
  0.3853333      4.9241944E-03
  0.3856667      5.0121355E-03
  0.3860000      5.0962283E-03
  0.3863333      5.1765279E-03
  0.3866667      5.2530887E-03
  0.3870000      5.3259674E-03
  0.3873333      5.3952211E-03
  0.3876667      5.4609068E-03
  0.3880000      5.5230842E-03
  0.3883333      5.5818115E-03
  0.3886667      5.6371493E-03
  0.3890000      5.6891581E-03
  0.3893333      5.7378984E-03
  0.3896667      5.7834322E-03
  0.3900000      5.8258208E-03
  0.3903333      5.8651273E-03
  0.3906667      5.9014126E-03
  0.3910000      5.9347409E-03
  0.3913333      5.9651742E-03
  0.3916667      5.9927753E-03
  0.3920000      6.0176076E-03
  0.3923333      6.0397345E-03
  0.3926667      6.0592182E-03
  0.3930000      6.0761217E-03
  0.3933333      6.0905083E-03
  0.3936667      6.1024404E-03
  0.3940000      6.1119804E-03
  0.3943333      6.1191902E-03
  0.3946667      6.1241318E-03
  0.3950000      6.1268667E-03
  0.3953333      6.1274562E-03
  0.3956667      6.1259610E-03
  0.3960000      6.1224415E-03
  0.3963333      6.1169569E-03
  0.3966667      6.1095674E-03
  0.3970000      6.1003310E-03
  0.3973333      6.0893064E-03
  0.3976667      6.0765510E-03
  0.3980000      6.0621221E-03
  0.3983333      6.0460754E-03
  0.3986667      6.0284673E-03
  0.3990000      6.0093524E-03
  0.3993333      5.9887855E-03
  0.3996667      5.9668194E-03
  0.4000000      5.9435070E-03
  0.4003333      5.9189009E-03
  0.4006667      5.8930521E-03
  0.4010000      5.8660107E-03
  0.4013333      5.8378265E-03
  0.4016667      5.8085485E-03
  0.4020000      5.7782251E-03
  0.4023333      5.7469024E-03
  0.4026667      5.7146274E-03
  0.4030000      5.6814449E-03
  0.4033333      5.6474004E-03
  0.4036667      5.6125363E-03
  0.4040000      5.5768965E-03
  0.4043333      5.5405223E-03
  0.4046667      5.5034552E-03
  0.4050000      5.4657343E-03
  0.4053333      5.4274038E-03
  0.4056667      5.3884941E-03
  0.4060000      5.3490461E-03
  0.4063333      5.3090965E-03
  0.4066667      5.2686809E-03
  0.4070000      5.2278340E-03
  0.4073333      5.1865894E-03
  0.4076667      5.1449803E-03
  0.4080000      5.1030391E-03
  0.4083333      5.0607966E-03
  0.4086667      5.0182831E-03
  0.4090000      4.9755289E-03
  0.4093333      4.9325614E-03
  0.4096667      4.8894095E-03
  0.4100000      4.8460993E-03
  0.4103333      4.8026573E-03
  0.4106667      4.7591091E-03
  0.4110000      4.7154785E-03
  0.4113333      4.6717897E-03
  0.4116667      4.6280655E-03
  0.4120000      4.5843278E-03
  0.4123333      4.5405985E-03
  0.4126667      4.4968976E-03
  0.4130000      4.4532451E-03
  0.4133333      4.4096606E-03
  0.4136667      4.3661613E-03
  0.4140000      4.3227659E-03
  0.4143333      4.2794910E-03
  0.4146667      4.2363531E-03
  0.4150000      4.1933674E-03
  0.4153333      4.1505489E-03
  0.4156667      4.1079121E-03
  0.4160000      4.0654708E-03
  0.4163333      4.0232376E-03
  0.4166667      3.9812252E-03
  0.4170000      3.9394451E-03
  0.4173333      3.8979088E-03
  0.4176667      3.8566270E-03
  0.4180000      3.8156100E-03
  0.4183333      3.7748667E-03
  0.4186667      3.7344065E-03
  0.4190000      3.6942381E-03
  0.4193333      3.6543692E-03
  0.4196667      3.6148075E-03
  0.4200000      3.5755599E-03
  0.4203333      3.5366332E-03
  0.4206667      3.4980334E-03
  0.4210000      3.4597660E-03
  0.4213333      3.4218365E-03
  0.4216667      3.3842500E-03
  0.4220000      3.3470104E-03
  0.4223333      3.3101218E-03
  0.4226667      3.2735884E-03
  0.4230000      3.2374130E-03
  0.4233333      3.2015988E-03
  0.4236667      3.1661482E-03
  0.4240000      3.1310639E-03
  0.4243333      3.0963477E-03
  0.4246667      3.0620012E-03
  0.4250000      3.0280256E-03
  0.4253333      2.9944223E-03
  0.4256667      2.9611923E-03
  0.4260000      2.9283355E-03
  0.4263333      2.8958528E-03
  0.4266667      2.8637438E-03
  0.4270000      2.8320088E-03
  0.4273333      2.8006472E-03
  0.4276667      2.7696581E-03
  0.4280000      2.7390413E-03
  0.4283333      2.7087952E-03
  0.4286667      2.6789191E-03
  0.4290000      2.6494111E-03
  0.4293333      2.6202702E-03
  0.4296667      2.5914945E-03
  0.4300000      2.5630819E-03
  0.4303333      2.5350307E-03
  0.4306667      2.5073388E-03
  0.4310000      2.4800037E-03
  0.4313333      2.4530231E-03
  0.4316667      2.4263947E-03
  0.4320000      2.4001156E-03
  0.4323333      2.3741834E-03
  0.4326667      2.3485948E-03
  0.4330000      2.3233476E-03
  0.4333333      2.2984382E-03
  0.4336667      2.2738639E-03
  0.4340000      2.2496216E-03
  0.4343333      2.2257078E-03
  0.4346667      2.2021197E-03
  0.4350000      2.1788534E-03
  0.4353333      2.1559061E-03
  0.4356667      2.1332742E-03
  0.4360000      2.1109541E-03
  0.4363333      2.0889428E-03
  0.4366667      2.0672362E-03
  0.4370000      2.0458309E-03
  0.4373333      2.0247237E-03
  0.4376667      2.0039107E-03
  0.4380000      1.9833883E-03
  0.4383333      1.9631530E-03
  0.4386667      1.9432011E-03
  0.4390000      1.9235290E-03
  0.4393333      1.9041330E-03
  0.4396667      1.8850096E-03
  0.4400000      1.8661552E-03
  0.4403333      1.8475659E-03
  0.4406667      1.8292383E-03
  0.4410000      1.8111687E-03
  0.4413333      1.7933536E-03
  0.4416667      1.7757893E-03
  0.4420000      1.7584723E-03
  0.4423333      1.7413989E-03
  0.4426667      1.7245658E-03
  0.4430000      1.7079693E-03
  0.4433333      1.6916060E-03
  0.4436667      1.6754725E-03
  0.4440000      1.6595651E-03
  0.4443333      1.6438807E-03
  0.4446667      1.6284157E-03
  0.4450000      1.6131669E-03
  0.4453333      1.5981308E-03
  0.4456667      1.5833043E-03
  0.4460000      1.5686839E-03
  0.4463333      1.5542667E-03
  0.4466667      1.5400491E-03
  0.4470000      1.5260284E-03
  0.4473333      1.5122012E-03
  0.4476667      1.4985644E-03
  0.4480000      1.4851150E-03
  0.4483333      1.4718500E-03
  0.4486667      1.4587665E-03
  0.4490000      1.4458615E-03
  0.4493333      1.4331321E-03
  0.4496667      1.4205754E-03
  0.4500000      1.4081887E-03
  0.4503333      1.3959691E-03
  0.4506667      1.3839139E-03
  0.4510000      1.3720203E-03
  0.4513333      1.3602859E-03
  0.4516667      1.3487078E-03
  0.4520000      1.3372836E-03
  0.4523333      1.3260107E-03
  0.4526667      1.3148865E-03
  0.4530000      1.3039086E-03
  0.4533333      1.2930746E-03
  0.4536667      1.2823821E-03
  0.4540000      1.2718287E-03
  0.4543333      1.2614120E-03
  0.4546667      1.2511300E-03
  0.4550000      1.2409802E-03
  0.4553333      1.2309605E-03
  0.4556667      1.2210688E-03
  0.4560000      1.2113027E-03
  0.4563333      1.2016605E-03
  0.4566667      1.1921398E-03
  0.4570000      1.1827387E-03
  0.4573333      1.1734553E-03
  0.4576667      1.1642876E-03
  0.4580000      1.1552335E-03
  0.4583333      1.1462914E-03
  0.4586667      1.1374593E-03
  0.4590000      1.1287354E-03
  0.4593333      1.1201178E-03
  0.4596667      1.1116050E-03
  0.4600000      1.1031951E-03
  0.4603333      1.0948865E-03
  0.4606667      1.0866773E-03
  0.4610000      1.0785663E-03
  0.4613333      1.0705515E-03
  0.4616667      1.0626315E-03
  0.4620000      1.0548048E-03
  0.4623333      1.0470699E-03
  0.4626667      1.0394251E-03
  0.4630000      1.0318692E-03
  0.4633333      1.0244007E-03
  0.4636667      1.0170181E-03
  0.4640000      1.0097201E-03
  0.4643333      1.0025053E-03
  0.4646667      9.9537254E-04
  0.4650000      9.8832033E-04
  0.4653333      9.8134740E-04
  0.4656667      9.7445265E-04
  0.4660000      9.6763473E-04
  0.4663333      9.6089247E-04
  0.4666667      9.5422473E-04
  0.4670000      9.4763027E-04
  0.4673333      9.4110798E-04
  0.4676667      9.3465677E-04
  0.4680000      9.2827558E-04
  0.4683333      9.2196325E-04
  0.4686667      9.1571873E-04
  0.4690000      9.0954109E-04
  0.4693333      9.0342917E-04
  0.4696667      8.9738215E-04
  0.4700000      8.9139893E-04
  0.4703333      8.8547857E-04
  0.4706667      8.7962014E-04
  0.4710000      8.7382272E-04
  0.4713333      8.6808542E-04
  0.4716667      8.6240732E-04
  0.4720000      8.5678761E-04
  0.4723333      8.5122540E-04
  0.4726667      8.4571983E-04
  0.4730000      8.4027008E-04
  0.4733333      8.3487539E-04
  0.4736667      8.2953490E-04
  0.4740000      8.2424789E-04
  0.4743333      8.1901357E-04
  0.4746667      8.1383123E-04
  0.4750000      8.0870010E-04
  0.4753333      8.0361939E-04
  0.4756667      7.9858856E-04
  0.4760000      7.9360674E-04
  0.4763333      7.8863668E-04
  0.4766667      7.8370201E-04
  0.4770000      7.7883760E-04
  0.4773333      7.7402755E-04
  0.4776667      7.6926796E-04
  0.4780000      7.6455664E-04
  0.4783333      7.5989217E-04
  0.4786667      7.5527339E-04
  0.4790000      7.5069943E-04
  0.4793333      7.4616936E-04
  0.4796667      7.4168242E-04
  0.4800000      7.3723798E-04
  0.4803333      7.3283527E-04
  0.4806667      7.2847365E-04
  0.4810000      7.2415255E-04
  0.4813333      7.1987137E-04
  0.4816667      7.1562955E-04
  0.4820000      7.1142649E-04
  0.4823333      7.0726167E-04
  0.4826667      7.0313463E-04
  0.4830000      6.9904473E-04
  0.4833333      6.9499161E-04
  0.4836667      6.9097464E-04
  0.4840000      6.8699347E-04
  0.4843333      6.8304763E-04
  0.4846667      6.7913654E-04
  0.4850000      6.7525991E-04
  0.4853333      6.7141716E-04
  0.4856667      6.6760799E-04
  0.4860000      6.6383189E-04
  0.4863333      6.6008850E-04
  0.4866667      6.5637735E-04
  0.4870000      6.5269810E-04
  0.4873333      6.4905034E-04
  0.4876667      6.4543373E-04
  0.4880000      6.4184779E-04
  0.4883333      6.3829229E-04
  0.4886667      6.3476671E-04
  0.4890000      6.3127081E-04
  0.4893333      6.2780426E-04
  0.4896667      6.2436657E-04
  0.4900000      6.2095752E-04
  0.4903333      6.1757676E-04
  0.4906667      6.1422389E-04
  0.4910000      6.1089871E-04
  0.4913333      6.0760078E-04
  0.4916667      6.0432981E-04
  0.4920000      6.0108560E-04
  0.4923333      5.9786771E-04
  0.4926667      5.9467589E-04
  0.4930000      5.9150986E-04
  0.4933333      5.8836932E-04
  0.4936667      5.8525399E-04
  0.4940000      5.8216357E-04
  0.4943333      5.7909783E-04
  0.4946667      5.7605642E-04
  0.4950000      5.7303917E-04
  0.4953333      5.7004573E-04
  0.4956667      5.6707585E-04
  0.4960000      5.6412932E-04
  0.4963333      5.6120584E-04
  0.4966667      5.5830518E-04
  0.4970000      5.5542710E-04
  0.4973333      5.5257138E-04
  0.4976667      5.4973771E-04
  0.4980000      5.4692593E-04
  0.4983333      5.4413575E-04
  0.4986667      5.4136699E-04
  0.4990000      5.3861935E-04
  0.4993333      5.3589267E-04
  0.4996667      5.3318677E-04
  0.5000000      5.3050130E-04
  0.5003333      5.2783621E-04
  0.5006667      5.2519114E-04
  0.5010000      5.2256597E-04
  0.5013334      5.1996048E-04
  0.5016667      5.1737443E-04
  0.5020000      5.1480770E-04
  0.5023333      5.1226001E-04
  0.5026667      5.0973118E-04
  0.5030000      5.0722109E-04
  0.5033333      5.0472945E-04
  0.5036666      5.0225615E-04
  0.5040000      4.9980101E-04
  0.5043333      4.9736374E-04
  0.5046667      4.9494428E-04
  0.5050000      4.9254246E-04
  0.5053333      4.9015798E-04
  0.5056667      4.8779076E-04
  0.5060000      4.8544063E-04
  0.5063334      4.8310740E-04
  0.5066667      4.8079088E-04
  0.5070000      4.7849098E-04
  0.5073333      4.7620747E-04
  0.5076666      4.7394022E-04
  0.5080000      4.7168907E-04
  0.5083333      4.6945387E-04
  0.5086667      4.6723444E-04
  0.5090000      4.6503064E-04
  0.5093333      4.6284235E-04
  0.5096667      4.6066937E-04
  0.5100000      4.5851158E-04
  0.5103334      4.5636887E-04
  0.5106667      4.5424103E-04
  0.5110000      4.5212798E-04
  0.5113333      4.5002953E-04
  0.5116667      4.4794561E-04
  0.5120000      4.4587601E-04
  0.5123333      4.4382061E-04
  0.5126666      4.4177932E-04
  0.5130000      4.3975198E-04
  0.5133333      4.3773846E-04
  0.5136667      4.3573865E-04
  0.5140000      4.3375240E-04
  0.5143333      4.3177960E-04
  0.5146667      4.2982009E-04
  0.5150000      4.2787381E-04
  0.5153334      4.2594061E-04
  0.5156667      4.2402037E-04
  0.5160000      4.2211296E-04
  0.5163333      4.2021830E-04
  0.5166667      4.1833622E-04
  0.5170000      4.1646668E-04
  0.5173333      4.1460947E-04
  0.5176666      4.1276458E-04
  0.5180000      4.1093185E-04
  0.5183333      4.0911118E-04
  0.5186667      4.0730243E-04
  0.5190000      4.0550553E-04
  0.5193334      4.0372039E-04
  0.5196667      4.0194689E-04
  0.5200000      4.0018492E-04
  0.5203333      3.9843435E-04
  0.5206667      3.9669513E-04
  0.5210000      3.9496715E-04
  0.5213333      3.9325029E-04
  0.5216666      3.9154448E-04
  0.5220000      3.8984962E-04
  0.5223333      3.8816559E-04
  0.5226667      3.8649232E-04
  0.5230000      3.8482971E-04
  0.5233333      3.8317768E-04
  0.5236667      3.8153611E-04
  0.5240000      3.7990493E-04
  0.5243334      3.7828408E-04
  0.5246667      3.7667342E-04
  0.5250000      3.7507288E-04
  0.5253333      3.7348241E-04
  0.5256667      3.7190187E-04
  0.5260000      3.7033120E-04
  0.5263333      3.6877033E-04
  0.5266666      3.6721918E-04
  0.5270000      3.6567764E-04
  0.5273333      3.6414564E-04
  0.5276667      3.6262310E-04
  0.5280000      3.6110997E-04
  0.5283333      3.5960614E-04
  0.5286667      3.5811155E-04
  0.5290000      3.5662609E-04
  0.5293334      3.5514974E-04
  0.5296667      3.5368238E-04
  0.5300000      3.5222396E-04
  0.5303333      3.5077438E-04
  0.5306666      3.4933360E-04
  0.5310000      3.4790154E-04
  0.5313333      3.4647810E-04
  0.5316667      3.4506328E-04
  0.5320000      3.4365692E-04
  0.5323333      3.4225904E-04
  0.5326667      3.4086950E-04
  0.5330000      3.3948827E-04
  0.5333334      3.3811526E-04
  0.5336667      3.3675044E-04
  0.5340000      3.3539371E-04
  0.5343333      3.3404503E-04
  0.5346667      3.3270431E-04
  0.5350000      3.3137150E-04
  0.5353333      3.3004655E-04
  0.5356666      3.2872939E-04
  0.5360000      3.2741996E-04
  0.5363333      3.2611817E-04
  0.5366667      3.2482401E-04
  0.5370000      3.2353739E-04
  0.5373333      3.2225825E-04
  0.5376667      3.2098655E-04
  0.5380000      3.1972220E-04
  0.5383334      3.1846517E-04
  0.5386667      3.1721542E-04
  0.5390000      3.1597284E-04
  0.5393333      3.1473741E-04
  0.5396667      3.1350908E-04
  0.5400000      3.1228780E-04
  0.5403333      3.1107347E-04
  0.5406666      3.0986607E-04
  0.5410000      3.0866556E-04
  0.5413333      3.0747187E-04
  0.5416667      3.0628496E-04
  0.5420000      3.0510474E-04
  0.5423333      3.0393121E-04
  0.5426667      3.0276430E-04
  0.5430000      3.0160396E-04
  0.5433334      3.0045013E-04
  0.5436667      2.9930277E-04
  0.5440000      2.9816182E-04
  0.5443333      2.9702726E-04
  0.5446666      2.9589902E-04
  0.5450000      2.9477704E-04
  0.5453333      2.9366132E-04
  0.5456667      2.9255179E-04
  0.5460000      2.9144838E-04
  0.5463333      2.9035105E-04
  0.5466667      2.8925980E-04
  0.5470000      2.8817455E-04
  0.5473334      2.8709523E-04
  0.5476667      2.8602185E-04
  0.5480000      2.8495435E-04
  0.5483333      2.8389267E-04
  0.5486667      2.8283679E-04
  0.5490000      2.8178663E-04
  0.5493333      2.8074221E-04
  0.5496666      2.7970341E-04
  0.5500000      2.7867028E-04
  0.5503333      2.7764268E-04
  0.5506667      2.7662065E-04
  0.5510000      2.7560414E-04
  0.5513333      2.7459307E-04
  0.5516667      2.7358741E-04
  0.5520000      2.7258715E-04
  0.5523334      2.7159223E-04
  0.5526667      2.7060261E-04
  0.5530000      2.6961826E-04
  0.5533333      2.6863915E-04
  0.5536667      2.6766522E-04
  0.5540000      2.6669647E-04
  0.5543333      2.6573282E-04
  0.5546666      2.6477428E-04
  0.5550000      2.6382075E-04
  0.5553333      2.6287229E-04
  0.5556667      2.6192877E-04
  0.5560000      2.6099020E-04
  0.5563334      2.6005652E-04
  0.5566667      2.5912776E-04
  0.5570000      2.5820380E-04
  0.5573334      2.5728467E-04
  0.5576667      2.5637032E-04
  0.5580000      2.5546071E-04
  0.5583333      2.5455578E-04
  0.5586666      2.5365554E-04
  0.5590000      2.5275996E-04
  0.5593333      2.5186897E-04
  0.5596667      2.5098259E-04
  0.5600000      2.5010074E-04
  0.5603333      2.4922341E-04
  0.5606667      2.4835055E-04
  0.5610000      2.4748215E-04
  0.5613334      2.4661820E-04
  0.5616667      2.4575862E-04
  0.5620000      2.4490344E-04
  0.5623333      2.4405257E-04
  0.5626667      2.4320601E-04
  0.5630000      2.4236375E-04
  0.5633333      2.4152572E-04
  0.5636666      2.4069191E-04
  0.5640000      2.3986230E-04
  0.5643333      2.3903685E-04
  0.5646667      2.3821554E-04
  0.5650000      2.3739834E-04
  0.5653333      2.3658521E-04
  0.5656667      2.3577616E-04
  0.5660000      2.3497111E-04
  0.5663334      2.3417009E-04
  0.5666667      2.3337302E-04
  0.5670000      2.3257991E-04
  0.5673333      2.3179072E-04
  0.5676666      2.3100543E-04
  0.5680000      2.3022400E-04
  0.5683333      2.2944644E-04
  0.5686666      2.2867268E-04
  0.5690000      2.2790272E-04
  0.5693333      2.2713654E-04
  0.5696667      2.2637409E-04
  0.5700000      2.2561538E-04
  0.5703334      2.2486036E-04
  0.5706667      2.2410901E-04
  0.5710000      2.2336130E-04
  0.5713333      2.2261724E-04
  0.5716667      2.2187678E-04
  0.5720000      2.2113988E-04
  0.5723333      2.2040655E-04
  0.5726666      2.1967676E-04
  0.5730000      2.1895047E-04
  0.5733333      2.1822768E-04
  0.5736667      2.1750836E-04
  0.5740000      2.1679248E-04
  0.5743333      2.1608002E-04
  0.5746667      2.1537096E-04
  0.5750000      2.1466528E-04
  0.5753334      2.1396297E-04
  0.5756667      2.1326398E-04
  0.5760000      2.1256831E-04
  0.5763333      2.1187593E-04
  0.5766667      2.1118684E-04
  0.5770000      2.1050099E-04
  0.5773333      2.0981838E-04
  0.5776666      2.0913899E-04
  0.5780000      2.0846278E-04
  0.5783333      2.0778975E-04
  0.5786667      2.0711987E-04
  0.5790000      2.0645313E-04
  0.5793333      2.0578949E-04
  0.5796667      2.0512896E-04
  0.5800000      2.0447151E-04
  0.5803334      2.0381709E-04
  0.5806667      2.0316574E-04
  0.5810000      2.0251739E-04
  0.5813333      2.0187204E-04
  0.5816666      2.0122969E-04
  0.5820000      2.0059028E-04
  0.5823333      1.9995384E-04
  0.5826667      1.9932030E-04
  0.5830000      1.9868970E-04
  0.5833333      1.9806197E-04
  0.5836667      1.9743713E-04
  0.5840000      1.9681513E-04
  0.5843334      1.9619598E-04
  0.5846667      1.9557966E-04
  0.5850000      1.9496614E-04
  0.5853333      1.9435541E-04
  0.5856667      1.9374744E-04
  0.5860000      1.9314223E-04
  0.5863333      1.9253977E-04
  0.5866666      1.9194002E-04
  0.5870000      1.9134299E-04
  0.5873333      1.9074863E-04
  0.5876667      1.9015696E-04
  0.5880000      1.8956795E-04
  0.5883333      1.8898156E-04
  0.5886667      1.8839781E-04
  0.5890000      1.8781668E-04
  0.5893334      1.8723814E-04
  0.5896667      1.8666218E-04
  0.5900000      1.8608877E-04
  0.5903333      1.8551791E-04
  0.5906667      1.8494960E-04
  0.5910000      1.8438381E-04
  0.5913333      1.8382052E-04
  0.5916666      1.8325972E-04
  0.5920000      1.8270139E-04
  0.5923333      1.8214552E-04
  0.5926667      1.8159210E-04
  0.5930000      1.8104112E-04
  0.5933333      1.8049256E-04
  0.5936667      1.7994638E-04
  0.5940000      1.7940262E-04
  0.5943334      1.7886121E-04
  0.5946667      1.7832218E-04
  0.5950000      1.7778549E-04
  0.5953333      1.7725115E-04
  0.5956666      1.7671911E-04
  0.5960000      1.7618939E-04
  0.5963333      1.7566197E-04
  0.5966667      1.7513683E-04
  0.5970000      1.7461396E-04
  0.5973333      1.7409334E-04
  0.5976667      1.7357497E-04
  0.5980000      1.7305881E-04
  0.5983334      1.7254490E-04
  0.5986667      1.7203318E-04
  0.5990000      1.7152364E-04
  0.5993333      1.7101629E-04
  0.5996667      1.7051112E-04
  0.6000000      1.7000809E-04
  0.6003333      1.6950721E-04
  0.6006666      1.6900846E-04
  0.6010000      1.6851183E-04
  0.6013333      1.6801730E-04
  0.6016667      1.6752488E-04
  0.6020000      1.6703452E-04
  0.6023333      1.6654626E-04
  0.6026667      1.6606004E-04
  0.6030000      1.6557588E-04
  0.6033334      1.6509376E-04
  0.6036667      1.6461367E-04
  0.6040000      1.6413558E-04
  0.6043333      1.6365950E-04
  0.6046667      1.6318541E-04
  0.6050000      1.6271330E-04
  0.6053333      1.6224317E-04
  0.6056666      1.6177499E-04
  0.6060000      1.6130877E-04
  0.6063333      1.6084449E-04
  0.6066667      1.6038211E-04
  0.6070000      1.5992168E-04
  0.6073334      1.5946315E-04
  0.6076667      1.5900651E-04
  0.6080000      1.5855175E-04
  0.6083333      1.5809888E-04
  0.6086667      1.5764785E-04
  0.6090000      1.5719869E-04
  0.6093333      1.5675138E-04
  0.6096666      1.5630590E-04
  0.6100000      1.5586226E-04
  0.6103333      1.5542042E-04
  0.6106667      1.5498039E-04
  0.6110000      1.5454215E-04
  0.6113333      1.5410570E-04
  0.6116667      1.5367102E-04
  0.6120000      1.5323811E-04
  0.6123334      1.5280697E-04
  0.6126667      1.5237756E-04
  0.6130000      1.5194989E-04
  0.6133333      1.5152396E-04
  0.6136667      1.5109975E-04
  0.6140000      1.5067724E-04
  0.6143333      1.5025644E-04
  0.6146666      1.4983733E-04
  0.6150000      1.4941991E-04
  0.6153333      1.4900415E-04
  0.6156667      1.4859007E-04
  0.6160000      1.4817764E-04
  0.6163333      1.4776686E-04
  0.6166667      1.4735771E-04
  0.6170000      1.4695020E-04
  0.6173334      1.4654432E-04
  0.6176667      1.4614005E-04
  0.6180000      1.4573737E-04
  0.6183333      1.4533631E-04
  0.6186666      1.4493683E-04
  0.6190000      1.4453892E-04
  0.6193333      1.4414258E-04
  0.6196667      1.4374782E-04
  0.6200000      1.4335461E-04
  0.6203333      1.4296295E-04
  0.6206667      1.4257283E-04
  0.6210000      1.4218423E-04
  0.6213334      1.4179717E-04
  0.6216667      1.4141161E-04
  0.6220000      1.4102756E-04
  0.6223333      1.4064502E-04
  0.6226667      1.4026396E-04
  0.6230000      1.3988440E-04
  0.6233333      1.3950630E-04
  0.6236666      1.3912968E-04
  0.6240000      1.3875452E-04
  0.6243333      1.3838081E-04
  0.6246667      1.3800856E-04
  0.6250000      1.3763775E-04
  0.6253333      1.3726836E-04
  0.6256667      1.3690039E-04
  0.6260000      1.3653385E-04
  0.6263334      1.3616872E-04
  0.6266667      1.3580499E-04
  0.6270000      1.3544265E-04
  0.6273333      1.3508170E-04
  0.6276667      1.3472214E-04
  0.6280000      1.3436396E-04
  0.6283333      1.3400715E-04
  0.6286666      1.3365169E-04
  0.6290000      1.3329758E-04
  0.6293333      1.3294483E-04
  0.6296667      1.3259341E-04
  0.6300000      1.3224332E-04
  0.6303333      1.3189457E-04
  0.6306667      1.3154715E-04
  0.6310000      1.3120103E-04
  0.6313334      1.3085622E-04
  0.6316667      1.3051271E-04
  0.6320000      1.3017049E-04
  0.6323333      1.2982957E-04
  0.6326666      1.2948993E-04
  0.6330000      1.2915155E-04
  0.6333333      1.2881446E-04
  0.6336667      1.2847861E-04
  0.6340000      1.2814403E-04
  0.6343333      1.2781071E-04
  0.6346667      1.2747862E-04
  0.6350000      1.2714778E-04
  0.6353334      1.2681817E-04
  0.6356667      1.2648977E-04
  0.6360000      1.2616260E-04
  0.6363333      1.2583665E-04
  0.6366667      1.2551191E-04
  0.6370000      1.2518837E-04
  0.6373333      1.2486601E-04
  0.6376666      1.2454487E-04
  0.6380000      1.2422488E-04
  0.6383333      1.2390609E-04
  0.6386667      1.2358848E-04
  0.6390000      1.2327202E-04
  0.6393333      1.2295674E-04
  0.6396667      1.2264261E-04
  0.6400000      1.2232963E-04
  0.6403334      1.2201778E-04
  0.6406667      1.2170708E-04
  0.6410000      1.2139752E-04
  0.6413333      1.2108908E-04
  0.6416667      1.2078178E-04
  0.6420000      1.2047558E-04
  0.6423333      1.2017050E-04
  0.6426666      1.1986653E-04
  0.6430000      1.1956366E-04
  0.6433333      1.1926188E-04
  0.6436667      1.1896120E-04
  0.6440000      1.1866160E-04
  0.6443334      1.1836308E-04
  0.6446667      1.1806565E-04
  0.6450000      1.1776928E-04
  0.6453333      1.1747397E-04
  0.6456667      1.1717973E-04
  0.6460000      1.1688654E-04
  0.6463333      1.1659440E-04
  0.6466666      1.1630332E-04
  0.6470000      1.1601327E-04
  0.6473333      1.1572425E-04
  0.6476667      1.1543627E-04
  0.6480000      1.1514931E-04
  0.6483333      1.1486337E-04
  0.6486667      1.1457846E-04
  0.6490000      1.1429455E-04
  0.6493334      1.1401165E-04
  0.6496667      1.1372976E-04
  0.6500000      1.1344886E-04
  0.6503333      1.1316895E-04
  0.6506667      1.1289003E-04
  0.6510000      1.1261210E-04
  0.6513333      1.1233515E-04
  0.6516666      1.1205917E-04
  0.6520000      1.1178416E-04
  0.6523333      1.1151011E-04
  0.6526667      1.1123703E-04
  0.6530000      1.1096491E-04
  0.6533333      1.1069373E-04
  0.6536667      1.1042351E-04
  0.6540000      1.1015423E-04
  0.6543334      1.0988588E-04
  0.6546667      1.0961848E-04
  0.6550000      1.0935200E-04
  0.6553333      1.0908645E-04
  0.6556666      1.0882183E-04
  0.6560000      1.0855812E-04
  0.6563333      1.0829532E-04
  0.6566667      1.0803344E-04
  0.6570000      1.0777246E-04
  0.6573333      1.0751239E-04
  0.6576667      1.0725320E-04
  0.6580000      1.0699491E-04
  0.6583334      1.0673752E-04
  0.6586667      1.0648101E-04
  0.6590000      1.0622537E-04
  0.6593333      1.0597062E-04
  0.6596667      1.0571674E-04
  0.6600000      1.0546373E-04
  0.6603333      1.0521158E-04
  0.6606666      1.0496029E-04
  0.6610000      1.0470987E-04
  0.6613333      1.0446030E-04
  0.6616667      1.0421158E-04
  0.6620000      1.0396370E-04
  0.6623333      1.0371667E-04
  0.6626667      1.0347047E-04
  0.6630000      1.0322511E-04
  0.6633334      1.0298058E-04
  0.6636667      1.0273687E-04
  0.6640000      1.0249399E-04
  0.6643333      1.0225194E-04
  0.6646667      1.0201069E-04
  0.6650000      1.0177027E-04
  0.6653333      1.0153065E-04
  0.6656666      1.0129183E-04
  0.6660000      1.0105382E-04
  0.6663333      1.0081661E-04
  0.6666667      1.0058019E-04
  0.6670000      1.0034456E-04
  0.6673333      1.0010973E-04
  0.6676667      9.9875666E-05
  0.6680000      9.9642399E-05
  0.6683334      9.9409903E-05
  0.6686667      9.9178178E-05
  0.6690000      9.8947232E-05
  0.6693333      9.8717050E-05
  0.6696666      9.8487631E-05
  0.6700000      9.8258970E-05
  0.6703333      9.8031072E-05
  0.6706667      9.7803932E-05
  0.6710000      9.7577533E-05
  0.6713333      9.7351891E-05
  0.6716667      9.7126984E-05
  0.6720000      9.6902826E-05
  0.6723334      9.6679403E-05
  0.6726667      9.6456715E-05
  0.6730000      9.6234755E-05
  0.6733333      9.6013529E-05
  0.6736667      9.5793032E-05
  0.6740000      9.5573247E-05
  0.6743333      9.5354189E-05
  0.6746666      9.5135845E-05
  0.6750000      9.4918214E-05
  0.6753333      9.4701289E-05
  0.6756667      9.4485076E-05
  0.6760000      9.4269562E-05
  0.6763333      9.4054754E-05
  0.6766667      9.3840645E-05
  0.6770000      9.3627226E-05
  0.6773334      9.3414499E-05
  0.6776667      9.3202463E-05
  0.6780000      9.2991111E-05
  0.6783333      9.2780443E-05
  0.6786667      9.2570459E-05
  0.6790000      9.2361151E-05
  0.6793333      9.2152513E-05
  0.6796666      9.1944552E-05
  0.6800000      9.1737253E-05
  0.6803333      9.1530630E-05
  0.6806667      9.1324662E-05
  0.6810000      9.1119357E-05
  0.6813334      9.0914713E-05
  0.6816667      9.0710717E-05
  0.6820000      9.0507376E-05
  0.6823334      9.0304682E-05
  0.6826667      9.0102643E-05
  0.6830000      8.9901238E-05
  0.6833333      8.9700479E-05
  0.6836666      8.9500361E-05
  0.6840000      8.9300876E-05
  0.6843333      8.9102025E-05
  0.6846667      8.8903798E-05
  0.6850000      8.8706205E-05
  0.6853333      8.8509238E-05
  0.6856667      8.8312896E-05
  0.6860000      8.8117173E-05
  0.6863334      8.7922061E-05
  0.6866667      8.7727574E-05
  0.6870000      8.7533692E-05
  0.6873333      8.7340421E-05
  0.6876667      8.7147760E-05
  0.6880000      8.6955704E-05
  0.6883333      8.6764245E-05
  0.6886666      8.6573389E-05
  0.6890000      8.6383137E-05
  0.6893333      8.6193475E-05
  0.6896667      8.6004402E-05
  0.6900000      8.5815926E-05
  0.6903333      8.5628031E-05
  0.6906667      8.5440726E-05
  0.6910000      8.5254003E-05
  0.6913334      8.5067855E-05
  0.6916667      8.4882289E-05
  0.6920000      8.4697305E-05
  0.6923333      8.4512889E-05
  0.6926666      8.4329047E-05
  0.6930000      8.4145766E-05
  0.6933333      8.3963059E-05
  0.6936666      8.3780913E-05
  0.6940000      8.3599334E-05
  0.6943333      8.3418308E-05
  0.6946667      8.3237843E-05
  0.6950000      8.3057937E-05
  0.6953334      8.2878578E-05
  0.6956667      8.2699771E-05
  0.6960000      8.2521517E-05
  0.6963333      8.2343802E-05
  0.6966667      8.2166633E-05
  0.6970000      8.1990009E-05
  0.6973333      8.1813923E-05
  0.6976666      8.1638376E-05
  0.6980000      8.1463360E-05
  0.6983333      8.1288883E-05
  0.6986667      8.1114937E-05
  0.6990000      8.0941514E-05
  0.6993333      8.0768623E-05
  0.6996667      8.0596255E-05
  0.7000000      8.0424412E-05
  0.7003334      8.0253085E-05
  0.7006667      8.0082282E-05
  0.7010000      7.9911995E-05
  0.7013333      7.9742349E-05
  0.7016667      7.9573088E-05
  0.7020000      7.9404344E-05
  0.7023333      7.9236102E-05
  0.7026666      7.9068370E-05
  0.7030000      7.8901139E-05
  0.7033333      7.8734411E-05
  0.7036667      7.8568184E-05
  0.7040000      7.8402460E-05
  0.7043333      7.8237230E-05
  0.7046667      7.8072495E-05
  0.7050000      7.7908247E-05
  0.7053334      7.7744495E-05
  0.7056667      7.7581237E-05
  0.7060000      7.7418459E-05
  0.7063333      7.7256169E-05
  0.7066666      7.7094366E-05
  0.7070000      7.6933036E-05
  0.7073333      7.6772194E-05
  0.7076667      7.6611825E-05
  0.7080000      7.6451935E-05
  0.7083333      7.6292519E-05
  0.7086667      7.6133576E-05
  0.7090000      7.5975106E-05
  0.7093334      7.5817108E-05
  0.7096667      7.5659569E-05
  0.7100000      7.5502503E-05
  0.7103333      7.5345903E-05
  0.7106667      7.5189768E-05
  0.7110000      7.5033720E-05
  0.7113333      7.4878481E-05
  0.7116666      7.4723692E-05
  0.7120000      7.4569354E-05
  0.7123333      7.4415475E-05
  0.7126667      7.4262047E-05
  0.7130000      7.4109063E-05
  0.7133333      7.3956529E-05
  0.7136667      7.3804440E-05
  0.7140000      7.3652795E-05
  0.7143334      7.3501586E-05
  0.7146667      7.3350820E-05
  0.7150000      7.3200499E-05
  0.7153333      7.3050614E-05
  0.7156667      7.2901159E-05
  0.7160000      7.2752140E-05
  0.7163333      7.2603551E-05
  0.7166666      7.2455397E-05
  0.7170000      7.2307666E-05
  0.7173333      7.2160365E-05
  0.7176667      7.2013492E-05
  0.7180000      7.1867034E-05
  0.7183333      7.1720657E-05
  0.7186667      7.1575079E-05
  0.7190000      7.1429917E-05
  0.7193334      7.1285169E-05
  0.7196667      7.1140836E-05
  0.7200000      7.0996910E-05
  0.7203333      7.0853392E-05
  0.7206666      7.0710288E-05
  0.7210000      7.0567592E-05
  0.7213333      7.0425303E-05
  0.7216667      7.0283422E-05
  0.7220000      7.0141941E-05
  0.7223333      7.0000868E-05
  0.7226667      6.9860187E-05
  0.7230000      6.9719914E-05
  0.7233334      6.9580041E-05
  0.7236667      6.9440561E-05
  0.7240000      6.9301474E-05
  0.7243333      6.9162896E-05
  0.7246667      6.9024594E-05
  0.7250000      6.8886686E-05
  0.7253333      6.8749170E-05
  0.7256666      6.8612040E-05
  0.7260000      6.8475296E-05
  0.7263333      6.8338937E-05
  0.7266667      6.8202964E-05
  0.7270000      6.8067377E-05
  0.7273333      6.7932167E-05
  0.7276667      6.7797344E-05
  0.7280000      6.7662892E-05
  0.7283334      6.7528825E-05
  0.7286667      6.7395129E-05
  0.7290000      6.7261804E-05
  0.7293333      6.7128858E-05
  0.7296667      6.6996283E-05
  0.7300000      6.6864079E-05
  0.7303333      6.6732246E-05
  0.7306666      6.6600784E-05
  0.7310000      6.6469678E-05
  0.7313333      6.6338944E-05
  0.7316667      6.6208573E-05
  0.7320000      6.6078566E-05
  0.7323334      6.5948916E-05
  0.7326667      6.5819630E-05
  0.7330000      6.5690707E-05
  0.7333333      6.5562133E-05
  0.7336667      6.5433916E-05
  0.7340000      6.5306056E-05
  0.7343333      6.5178552E-05
  0.7346666      6.5051398E-05
  0.7350000      6.4924592E-05
  0.7353333      6.4798143E-05
  0.7356667      6.4672036E-05
  0.7360000      6.4546279E-05
  0.7363333      6.4420863E-05
  0.7366667      6.4295797E-05
  0.7370000      6.4171072E-05
  0.7373334      6.4046690E-05
  0.7376667      6.3922649E-05
  0.7380000      6.3798951E-05
  0.7383333      6.3675587E-05
  0.7386667      6.3552565E-05
  0.7390000      6.3429870E-05
  0.7393333      6.3307518E-05
  0.7396666      6.3185500E-05
  0.7400000      6.3063810E-05
  0.7403333      6.2942454E-05
  0.7406667      6.2821426E-05
  0.7410000      6.2700732E-05
  0.7413333      6.2580359E-05
  0.7416667      6.2460320E-05
  0.7420000      6.2340601E-05
  0.7423334      6.2221210E-05
  0.7426667      6.2102139E-05
  0.7430000      6.1983388E-05
  0.7433333      6.1864965E-05
  0.7436666      6.1746854E-05
  0.7440000      6.1629071E-05
  0.7443333      6.1511601E-05
  0.7446667      6.1394443E-05
  0.7450000      6.1277606E-05
  0.7453333      6.1161081E-05
  0.7456667      6.1044870E-05
  0.7460000      6.0928967E-05
  0.7463334      6.0813381E-05
  0.7466667      6.0698101E-05
  0.7470000      6.0583130E-05
  0.7473333      6.0468468E-05
  0.7476667      6.0354112E-05
  0.7480000      6.0240061E-05
  0.7483333      6.0126316E-05
  0.7486666      6.0012873E-05
  0.7490000      5.9899732E-05
  0.7493333      5.9786893E-05
  0.7496667      5.9674356E-05
  0.7500000      5.9562113E-05
  0.7503333      5.9450173E-05
  0.7506667      5.9338530E-05
  0.7510000      5.9227179E-05
  0.7513334      5.9116126E-05
  0.7516667      5.9005368E-05
  0.7520000      5.8894901E-05
  0.7523333      5.8784728E-05
  0.7526667      5.8674843E-05
  0.7530000      5.8565249E-05
  0.7533333      5.8455946E-05
  0.7536666      5.8346930E-05
  0.7540000      5.8238202E-05
  0.7543333      5.8129757E-05
  0.7546667      5.8021600E-05
  0.7550000      5.7913723E-05
  0.7553333      5.7806134E-05
  0.7556667      5.7698824E-05
  0.7560000      5.7591795E-05
  0.7563334      5.7485049E-05
  0.7566667      5.7378580E-05
  0.7570000      5.7272391E-05
  0.7573333      5.7166479E-05
  0.7576666      5.7060839E-05
  0.7580000      5.6955480E-05
  0.7583333      5.6850393E-05
  0.7586667      5.6745579E-05
  0.7590000      5.6641038E-05
  0.7593333      5.6536770E-05
  0.7596667      5.6432771E-05
  0.7600000      5.6329045E-05
  0.7603334      5.6225585E-05
  0.7606667      5.6122393E-05
  0.7610000      5.6019471E-05
  0.7613333      5.5916811E-05
  0.7616667      5.5814420E-05
  0.7620000      5.5712291E-05
  0.7623333      5.5610428E-05
  0.7626666      5.5508826E-05
  0.7630000      5.5407487E-05
  0.7633333      5.5306406E-05
  0.7636667      5.5205590E-05
  0.7640000      5.5105029E-05
  0.7643333      5.5004726E-05
  0.7646667      5.4904682E-05
  0.7650000      5.4804896E-05
  0.7653334      5.4705364E-05
  0.7656667      5.4606087E-05
  0.7660000      5.4507062E-05
  0.7663333      5.4408294E-05
  0.7666667      5.4309774E-05
  0.7670000      5.4211509E-05
  0.7673333      5.4113494E-05
  0.7676666      5.4015727E-05
  0.7680000      5.3918211E-05
  0.7683333      5.3820942E-05
  0.7686667      5.3723921E-05
  0.7690000      5.3627144E-05
  0.7693334      5.3530617E-05
  0.7696667      5.3434331E-05
  0.7700000      5.3338292E-05
  0.7703333      5.3242493E-05
  0.7706667      5.3146938E-05
  0.7710000      5.3051626E-05
  0.7713333      5.2956555E-05
  0.7716666      5.2861720E-05
  0.7720000      5.2767129E-05
  0.7723333      5.2672774E-05
  0.7726667      5.2578656E-05
  0.7730000      5.2484778E-05
  0.7733333      5.2391133E-05
  0.7736667      5.2297724E-05
  0.7740000      5.2204552E-05
  0.7743334      5.2111609E-05
  0.7746667      5.2018902E-05
  0.7750000      5.1926429E-05
  0.7753333      5.1834184E-05
  0.7756667      5.1742172E-05
  0.7760000      5.1650390E-05
  0.7763333      5.1558836E-05
  0.7766666      5.1467512E-05
  0.7770000      5.1376413E-05
  0.7773333      5.1285544E-05
  0.7776667      5.1194900E-05
  0.7780000      5.1104482E-05
  0.7783333      5.1014289E-05
  0.7786667      5.0924322E-05
  0.7790000      5.0834577E-05
  0.7793334      5.0745053E-05
  0.7796667      5.0655752E-05
  0.7800000      5.0566672E-05
  0.7803333      5.0477811E-05
  0.7806666      5.0389172E-05
  0.7810000      5.0300750E-05
  0.7813333      5.0212548E-05
  0.7816667      5.0124563E-05
  0.7820000      5.0036797E-05
  0.7823333      4.9949245E-05
  0.7826667      4.9861908E-05
  0.7830000      4.9774786E-05
  0.7833334      4.9687882E-05
  0.7836667      4.9601189E-05
  0.7840000      4.9514707E-05
  0.7843333      4.9428440E-05
  0.7846667      4.9342383E-05
  0.7850000      4.9256534E-05
  0.7853333      4.9170900E-05
  0.7856666      4.9085473E-05
  0.7860000      4.9000257E-05
  0.7863333      4.8915244E-05
  0.7866667      4.8830443E-05
  0.7870000      4.8745849E-05
  0.7873333      4.8661459E-05
  0.7876667      4.8577276E-05
  0.7880000      4.8493719E-05
  0.7883334      4.8409955E-05
  0.7886667      4.8326394E-05
  0.7890000      4.8243041E-05
  0.7893333      4.8159887E-05
  0.7896667      4.8076938E-05
  0.7900000      4.7994188E-05
  0.7903333      4.7911642E-05
  0.7906666      4.7829297E-05
  0.7910000      4.7747155E-05
  0.7913333      4.7665213E-05
  0.7916667      4.7583468E-05
  0.7920000      4.7501926E-05
  0.7923333      4.7420581E-05
  0.7926667      4.7339436E-05
  0.7930000      4.7258494E-05
  0.7933334      4.7177749E-05
  0.7936667      4.7097205E-05
  0.7940000      4.7016863E-05
  0.7943333      4.6936726E-05
  0.7946666      4.6855748E-05
  0.7950000      4.6775927E-05
  0.7953333      4.6696292E-05
  0.7956667      4.6616853E-05
  0.7960000      4.6537600E-05
  0.7963333      4.6458536E-05
  0.7966667      4.6379664E-05
  0.7970000      4.6300975E-05
  0.7973334      4.6222478E-05
  0.7976667      4.6144167E-05
  0.7980000      4.6066041E-05
  0.7983333      4.5988101E-05
  0.7986667      4.5910350E-05
  0.7990000      4.5832778E-05
  0.7993333      4.5755394E-05
  0.7996666      4.5678193E-05
  0.8000000      4.5601173E-05
  0.8003333      4.5524339E-05
  0.8006667      4.5447683E-05
  0.8010000      4.5371209E-05
  0.8013333      4.5294917E-05
  0.8016667      4.5217894E-05
  0.8020000      4.5142049E-05
  0.8023334      4.5066368E-05
  0.8026667      4.4990855E-05
  0.8030000      4.4915512E-05
  0.8033333      4.4840337E-05
  0.8036667      4.4765336E-05
  0.8040000      4.4690503E-05
  0.8043333      4.4615845E-05
  0.8046666      4.4541361E-05
  0.8050000      4.4467044E-05
  0.8053333      4.4392902E-05
  0.8056667      4.4318931E-05
  0.8060000      4.4245131E-05
  0.8063334      4.4171502E-05
  0.8066667      4.4098044E-05
  0.8070000      4.4024753E-05
  0.8073334      4.3951637E-05
  0.8076667      4.3878688E-05
  0.8080000      4.3805907E-05
  0.8083333      4.3733296E-05
  0.8086666      4.3660853E-05
  0.8090000      4.3588821E-05
  0.8093333      4.3516706E-05
  0.8096667      4.3444757E-05
  0.8100000      4.3372973E-05
  0.8103333      4.3301359E-05
  0.8106667      4.3229909E-05
  0.8110000      4.3158623E-05
  0.8113334      4.3087504E-05
  0.8116667      4.3016549E-05
  0.8120000      4.2945758E-05
  0.8123333      4.2875130E-05
  0.8126667      4.2804662E-05
  0.8130000      4.2734362E-05
  0.8133333      4.2664222E-05
  0.8136666      4.2594242E-05
  0.8140000      4.2524422E-05
  0.8143333      4.2454765E-05
  0.8146667      4.2385269E-05
  0.8150000      4.2315929E-05
  0.8153333      4.2246753E-05
  0.8156667      4.2177729E-05
  0.8160000      4.2108870E-05
  0.8163334      4.2040163E-05
  0.8166667      4.1971616E-05
  0.8170000      4.1903226E-05
  0.8173333      4.1834992E-05
  0.8176666      4.1766914E-05
  0.8180000      4.1698990E-05
  0.8183333      4.1631221E-05
  0.8186666      4.1563610E-05
  0.8190000      4.1496151E-05
  0.8193333      4.1428844E-05
  0.8196667      4.1361691E-05
  0.8200000      4.1294690E-05
  0.8203334      4.1227842E-05
  0.8206667      4.1161144E-05
  0.8210000      4.1094598E-05
  0.8213333      4.1028205E-05
  0.8216667      4.0961961E-05
  0.8220000      4.0895866E-05
  0.8223333      4.0829920E-05
  0.8226666      4.0764124E-05
  0.8230000      4.0698476E-05
  0.8233333      4.0632978E-05
  0.8236667      4.0567626E-05
  0.8240000      4.0502422E-05
  0.8243333      4.0437364E-05
  0.8246667      4.0372452E-05
  0.8250000      4.0307688E-05
  0.8253334      4.0243071E-05
  0.8256667      4.0178595E-05
  0.8260000      4.0114264E-05
  0.8263333      4.0050079E-05
  0.8266667      3.9986040E-05
  0.8270000      3.9922143E-05
  0.8273333      3.9858387E-05
  0.8276666      3.9794773E-05
  0.8280000      3.9731305E-05
  0.8283333      3.9667975E-05
  0.8286667      3.9604791E-05
  0.8290000      3.9541745E-05
  0.8293333      3.9478840E-05
  0.8296667      3.9416074E-05
  0.8300000      3.9353450E-05
  0.8303334      3.9290964E-05
  0.8306667      3.9228617E-05
  0.8310000      3.9166407E-05
  0.8313333      3.9104340E-05
  0.8316666      3.9042407E-05
  0.8320000      3.8980612E-05
  0.8323333      3.8918952E-05
  0.8326667      3.8857430E-05
  0.8330000      3.8796046E-05
  0.8333333      3.8734797E-05
  0.8336667      3.8673683E-05
  0.8340000      3.8612703E-05
  0.8343334      3.8551858E-05
  0.8346667      3.8491147E-05
  0.8350000      3.8430571E-05
  0.8353333      3.8370130E-05
  0.8356667      3.8309820E-05
  0.8360000      3.8249640E-05
  0.8363333      3.8189595E-05
  0.8366666      3.8129685E-05
  0.8370000      3.8069902E-05
  0.8373333      3.8010250E-05
  0.8376667      3.7950733E-05
  0.8380000      3.7891343E-05
  0.8383333      3.7832084E-05
  0.8386667      3.7772956E-05
  0.8390000      3.7713955E-05
  0.8393334      3.7655085E-05
  0.8396667      3.7596343E-05
  0.8400000      3.7537728E-05
  0.8403333      3.7479240E-05
  0.8406667      3.7420883E-05
  0.8410000      3.7362650E-05
  0.8413333      3.7304548E-05
  0.8416666      3.7246569E-05
  0.8420000      3.7188714E-05
  0.8423333      3.7130987E-05
  0.8426667      3.7073387E-05
  0.8430000      3.7015910E-05
  0.8433333      3.6958558E-05
  0.8436667      3.6901332E-05
  0.8440000      3.6844227E-05
  0.8443334      3.6787249E-05
  0.8446667      3.6730391E-05
  0.8450000      3.6673660E-05
  0.8453333      3.6617046E-05
  0.8456666      3.6560559E-05
  0.8460000      3.6504192E-05
  0.8463333      3.6447946E-05
  0.8466667      3.6391823E-05
  0.8470000      3.6335819E-05
  0.8473333      3.6279936E-05
  0.8476667      3.6224174E-05
  0.8480000      3.6168531E-05
  0.8483334      3.6113008E-05
  0.8486667      3.6057601E-05
  0.8490000      3.6002319E-05
  0.8493333      3.5947152E-05
  0.8496667      3.5892102E-05
