 274
        8499           2        8693        8694           2
        8500           2        8694        8695           2
        8501           2        8695        8696           2
        8502           2        8696        8697           2
        8503           2        8697        8698           2
        8504           2        8698        8699           2
        8505           2        8699        8700           2
        8506           2        8700        8701           2
        8507           2        8701        8702           2
        8508           2        8702        8703           2
        8509           2        8703        8704           2
        8510           2        8704        8705           2
        8511           2        8705        8706           2
        8512           2        8706        8707           2
        8513           2        8707        8708           2
        8514           2        8708        8709           2
        8515           2        8709        8710           2
        8516           2        8710        8711           2
        8517           2        8711        8712           2
        8518           2        8712        8713           2
        8519           2        8713        8714           2
        8520           2        8714        8715           2
        8521           2        8715        8716           2
        8522           2        8716        8717           2
        8523           2        8717        8718           2
        8524           2        8718        8719           2
        8525           2        8719        8720           2
        8526           2        8720        8721           2
        8527           2        8721        8722           2
        8528           2        8722        8723           2
        8529           2        8723        8724           2
        8530           2        8724        8725           2
        8531           2        8725        8726           2
        8532           2        8726        8727           2
        8533           2        8727        8728           2
        8534           2        8728        8729           2
        8535           2        8729        8730           2
        8536           2        8730        8731           2
        8537           2        8731        8732           2
        8538           2        8732        8733           2
        8539           2        8733        8734           2
        8540           2        8734        8735           2
        8541           2        8735        8736           2
        8542           2        8736        8737           2
        8543           2        8737        8738           2
        8544           2        8738        8739           2
        8545           2        8739        8740           2
        8546           2        8740        8741           2
        8547           2        8741        8742           2
        8548           2        8742        8743           2
        8549           2        8743        8744           2
        8550           2        8744        8745           2
        8551           2        8745        8746           2
        8552           2        8746        8747           2
        8553           2        8747        8748           2
        8554           2        8748        8749           2
        8555           2        8749        8750           2
        8556           2        8750        8751           2
        8557           2        8751        8752           2
        8558           2        8752        8753           2
        8559           2        8753        8754           2
        8560           2        8754        8755           2
        8561           2        8755        8756           2
        8562           2        8756        8757           2
        8563           2        8757        8758           2
        8564           2        8758        8759           2
        8565           2        8759        8760           2
        8566           2        8760        8761           2
        8567           2        8761        8762           2
        8568           2        8762        8763           2
        8569           2        8763        8764           2
        8570           2        8764        8765           2
        8709           2        8906        8907           4
        8710           2        8907        8908           4
        8711           2        8908        8909           4
        8712           2        8909        8910           4
        8713           2        8910        8911           4
        8714           2        8911        8912           4
        8715           2        8912        8913           4
        8716           2        8913        8914           4
        8717           2        8914        8915           4
        8718           2        8915        8916           4
        8719           2        8916        8917           4
        8720           2        8917        8918           4
        8721           2        8918        8919           4
        8722           2        8919        8920           4
        8723           2        8920        8921           4
        8724           2        8921        8922           4
        8725           2        8922        8923           4
        8726           2        8923        8924           4
        8727           2        8924        8925           4
        8728           2        8925        8926           4
        8729           2        8926        8927           4
        8730           2        8927        8928           4
        8731           2        8928        8929           4
        8732           2        8929        8930           4
        8733           2        8930        8931           4
        8734           2        8931        8932           4
        8735           2        8932        8933           4
        8736           2        8933        8934           4
        8737           2        8934        8935           4
        8738           2        8935        8936           4
        8739           2        8936        8937           4
        8740           2        8937        8938           4
        8741           2        8938        8939           4
        8742           2        8939        8940           4
        8743           2        8940        8941           4
        8744           2        8941        8942           4
        8745           2        8942        8943           4
        8746           2        8943        8944           4
        8747           2        8944        8945           4
        8748           2        8945        8946           4
        8749           2        8946        8947           4
        8750           2        8947        8948           4
        8751           2        8948        8949           4
        8752           2        8949        8950           4
        8753           2        8950        8951           4
        8754           2        8951        8952           4
        8755           2        8952        8953           4
        8756           2        8953        8954           4
        8757           2        8954        8955           4
        8758           2        8955        8956           4
        8759           2        8956        8957           4
        8760           2        8957        8958           4
        8761           2        8958        8959           4
        8762           2        8959        8960           4
        8763           2        8960        8961           4
        8764           2        8961        8962           4
        8765           2        8962        8963           4
        8766           2        8963        8964           4
        8767           2        8964        8965           4
        8768           2        8965        8966           4
        8769           2        8966        8967           4
        8770           2        8967        8968           4
        8771           2        8968        8969           4
        8772           2        8969        8970           4
        8773           2        8970        8971           4
        8774           2        8971        8972           4
        8775           2        8972        8973           4
        8776           2        8973        8974           4
        8777           2        8974        8975           4
        9032           2        9232        9233           1
        9033           2        9233        9234           1
        9034           2        9234        9235           1
        9035           2        9235        9236           1
        9036           2        9236        9237           1
        9037           2        9237        9238           1
        9038           2        9238        9239           1
        9039           2        9239        9240           1
        9040           2        9240        9241           1
        9041           2        9241        9242           1
        9042           2        9242        9243           1
        9043           2        9243        9244           1
        9044           2        9244        9245           1
        9045           2        9245        9246           1
        9046           2        9246        9247           1
        9047           2        9247        9248           1
        9048           2        9248        9249           1
        9049           2        9249        9250           1
        9050           2        9250        9251           1
        9051           2        9251        9252           1
        9052           2        9252        9253           1
        9053           2        9253        9254           1
        9054           2        9254        9255           1
        9055           2        9255        9256           1
        9056           2        9256        9257           1
        9057           2        9257        9258           1
        9058           2        9258        9259           1
        9059           2        9259        9260           1
        9060           2        9260        9261           1
        9061           2        9261        9262           1
        9062           2        9262        9263           1
        9063           2        9263        9264           1
        9064           2        9264        9265           1
        9065           2        9265        9266           1
        9066           2        9266        9267           1
        9067           2        9267        9268           1
        9068           2        9268        9269           1
        9069           2        9269        9270           1
        9070           2        9270        9271           1
        9071           2        9271        9272           1
        9072           2        9272        9273           1
        9073           2        9273        9274           1
        9074           2        9274        9275           1
        9075           2        9275        9276           1
        9076           2        9276        9277           1
        9077           2        9277        9278           1
        9078           2        9278        9279           1
        9079           2        9279        9280           1
        9080           2        9280        9281           1
        9081           2        9281        9282           1
        9082           2        9282        9283           1
        9083           2        9283        9284           1
        9084           2        9284        9285           1
        9085           2        9285        9286           1
        9086           2        9286        9287           1
        9087           2        9287        9288           1
        9088           2        9288        9289           1
        9089           2        9289        9290           1
        9090           2        9290        9291           1
        9091           2        9291        9292           1
        9092           2        9292        9293           1
        9093           2        9293        9294           1
        9094           2        9294        9295           1
        9095           2        9295        9296           1
        9096           2        9296        9297           1
        9097           2        9297        9298           1
        9098           2        9298        9299           1
        9099           2        9299        9300           1
        9100           2        9300        9301           1
        9101           2        9301        9302           1
        9102           2        9302        9303           1
        9103           2        9303        9304           1
        9104           2        9304        9305           1
        9105           2        9305        9306           1
        9106           2        9306        9307           1
        9107           2        9307        9308           1
        9108           2        9308        9309           1
        9109           2        9309        9310           1
        9110           2        9310        9311           1
        9111           2        9311        9312           1
        9112           2        9312        9313           1
        9113           2        9313        9314           1
        9114           2        9314        9315           1
        9115           2        9315        9316           1
        9116           2        9316        9317           1
        9117           2        9317        9318           1
        9118           2        9318        9319           1
        9119           2        9319        9320           1
        9120           2        9320        9321           1
        9121           2        9321        9322           1
        9122           2        9322        9323           1
        9123           2        9323        9324           1
        9124           2        9324        9325           1
        9125           2        9325        9326           1
        9126           2        9326        9327           1
        9127           2        9327        9328           1
        9128           2        9328        9329           1
        9129           2        9329        9330           1
        9130           2        9330        9331           1
        9131           2        9331        9332           1
        9132           2        9332        9333           1
        9133           2        9333        9334           1
        9134           2        9334        9335           1
        9135           2        9335        9336           1
        9136           2        9336        9337           1
        9137           2        9337        9338           1
        9138           2        9338        9339           1
        9139           2        9339        9340           1
        9140           2        9340        9341           1
        9141           2        9341        9342           1
        9142           2        9342        9343           1
        9143           2        9343        9344           1
        9144           2        9344        9345           1
        9145           2        9345        9346           1
        9146           2        9346        9347           1
        9147           2        9347        9348           1
        9148           2        9348        9349           1
        9149           2        9349        9350           1
        9150           2        9350        9351           1
        9151           2        9351        9352           1
        9152           2        9352        9353           1
        9153           2        9353        9354           1
        9154           2        9354        9355           1
        9155           2        9355        9356           1
        9156           2        9356        9357           1
        9157           2        9357        9358           1
        9158           2        9358        9359           1
        8904           2        9103        8693           2
        9031           2        9231        9103           2
        9158           2        9359        9231           2
        8778           2        8906        8976           4
        8905           2        8976        9104           4
        9032           2        9104        9232           4
