 -0.1500000      0.0000000E+00
 -0.1496667      0.0000000E+00
 -0.1493333      0.0000000E+00
 -0.1490000      0.0000000E+00
 -0.1486667      0.0000000E+00
 -0.1483333      0.0000000E+00
 -0.1480000      0.0000000E+00
 -0.1476667      0.0000000E+00
 -0.1473333      0.0000000E+00
 -0.1470000      0.0000000E+00
 -0.1466667      0.0000000E+00
 -0.1463333      0.0000000E+00
 -0.1460000      0.0000000E+00
 -0.1456667      0.0000000E+00
 -0.1453333      0.0000000E+00
 -0.1450000      0.0000000E+00
 -0.1446667      0.0000000E+00
 -0.1443333      0.0000000E+00
 -0.1440000      0.0000000E+00
 -0.1436667      0.0000000E+00
 -0.1433333      0.0000000E+00
 -0.1430000      0.0000000E+00
 -0.1426667      0.0000000E+00
 -0.1423333      0.0000000E+00
 -0.1420000      0.0000000E+00
 -0.1416667      0.0000000E+00
 -0.1413333      0.0000000E+00
 -0.1410000      0.0000000E+00
 -0.1406667      0.0000000E+00
 -0.1403333      0.0000000E+00
 -0.1400000      0.0000000E+00
 -0.1396667      0.0000000E+00
 -0.1393333      0.0000000E+00
 -0.1390000      0.0000000E+00
 -0.1386667      0.0000000E+00
 -0.1383333      0.0000000E+00
 -0.1380000      0.0000000E+00
 -0.1376667      0.0000000E+00
 -0.1373333      0.0000000E+00
 -0.1370000      0.0000000E+00
 -0.1366667      0.0000000E+00
 -0.1363333      0.0000000E+00
 -0.1360000      0.0000000E+00
 -0.1356667      0.0000000E+00
 -0.1353333      0.0000000E+00
 -0.1350000      0.0000000E+00
 -0.1346667      0.0000000E+00
 -0.1343333      0.0000000E+00
 -0.1340000      0.0000000E+00
 -0.1336667      0.0000000E+00
 -0.1333333      0.0000000E+00
 -0.1330000      0.0000000E+00
 -0.1326667      0.0000000E+00
 -0.1323333      0.0000000E+00
 -0.1320000      0.0000000E+00
 -0.1316667      0.0000000E+00
 -0.1313333      0.0000000E+00
 -0.1310000      0.0000000E+00
 -0.1306667      0.0000000E+00
 -0.1303333      0.0000000E+00
 -0.1300000      0.0000000E+00
 -0.1296667      0.0000000E+00
 -0.1293333      0.0000000E+00
 -0.1290000      0.0000000E+00
 -0.1286667      0.0000000E+00
 -0.1283333      0.0000000E+00
 -0.1280000      0.0000000E+00
 -0.1276667      0.0000000E+00
 -0.1273333      0.0000000E+00
 -0.1270000      0.0000000E+00
 -0.1266667      0.0000000E+00
 -0.1263333      0.0000000E+00
 -0.1260000      0.0000000E+00
 -0.1256667      0.0000000E+00
 -0.1253333      0.0000000E+00
 -0.1250000      0.0000000E+00
 -0.1246667      0.0000000E+00
 -0.1243333      0.0000000E+00
 -0.1240000      0.0000000E+00
 -0.1236667      0.0000000E+00
 -0.1233333      0.0000000E+00
 -0.1230000      0.0000000E+00
 -0.1226667      0.0000000E+00
 -0.1223333      0.0000000E+00
 -0.1220000      0.0000000E+00
 -0.1216667      0.0000000E+00
 -0.1213333      0.0000000E+00
 -0.1210000      0.0000000E+00
 -0.1206667      0.0000000E+00
 -0.1203333      0.0000000E+00
 -0.1200000      0.0000000E+00
 -0.1196667      0.0000000E+00
 -0.1193333      0.0000000E+00
 -0.1190000      0.0000000E+00
 -0.1186667      0.0000000E+00
 -0.1183333      0.0000000E+00
 -0.1180000      0.0000000E+00
 -0.1176667      0.0000000E+00
 -0.1173333      0.0000000E+00
 -0.1170000      0.0000000E+00
 -0.1166667      0.0000000E+00
 -0.1163333      0.0000000E+00
 -0.1160000      0.0000000E+00
 -0.1156667      0.0000000E+00
 -0.1153333      0.0000000E+00
 -0.1150000      0.0000000E+00
 -0.1146667      0.0000000E+00
 -0.1143333      0.0000000E+00
 -0.1140000      0.0000000E+00
 -0.1136667      0.0000000E+00
 -0.1133333      0.0000000E+00
 -0.1130000      0.0000000E+00
 -0.1126667      0.0000000E+00
 -0.1123333      0.0000000E+00
 -0.1120000      0.0000000E+00
 -0.1116667      0.0000000E+00
 -0.1113333      0.0000000E+00
 -0.1110000      0.0000000E+00
 -0.1106667      0.0000000E+00
 -0.1103333      0.0000000E+00
 -0.1100000      0.0000000E+00
 -0.1096667      0.0000000E+00
 -0.1093333      0.0000000E+00
 -0.1090000      0.0000000E+00
 -0.1086667      0.0000000E+00
 -0.1083333      0.0000000E+00
 -0.1080000      0.0000000E+00
 -0.1076667      0.0000000E+00
 -0.1073333      0.0000000E+00
 -0.1070000      0.0000000E+00
 -0.1066667      0.0000000E+00
 -0.1063333      0.0000000E+00
 -0.1060000      0.0000000E+00
 -0.1056667      0.0000000E+00
 -0.1053333      0.0000000E+00
 -0.1050000      0.0000000E+00
 -0.1046667      0.0000000E+00
 -0.1043333      0.0000000E+00
 -0.1040000      0.0000000E+00
 -0.1036667      0.0000000E+00
 -0.1033333      0.0000000E+00
 -0.1030000      0.0000000E+00
 -0.1026667      0.0000000E+00
 -0.1023333      0.0000000E+00
 -0.1020000      0.0000000E+00
 -0.1016667      0.0000000E+00
 -0.1013333      0.0000000E+00
 -0.1010000      0.0000000E+00
 -0.1006667      0.0000000E+00
 -0.1003333      0.0000000E+00
 -0.1000000      0.0000000E+00
 -9.9666670E-02  0.0000000E+00
 -9.9333331E-02  0.0000000E+00
 -9.8999999E-02  0.0000000E+00
 -9.8666668E-02  0.0000000E+00
 -9.8333336E-02  0.0000000E+00
 -9.7999997E-02  0.0000000E+00
 -9.7666666E-02  0.0000000E+00
 -9.7333334E-02  0.0000000E+00
 -9.7000003E-02  0.0000000E+00
 -9.6666664E-02  0.0000000E+00
 -9.6333332E-02  0.0000000E+00
 -9.6000001E-02  0.0000000E+00
 -9.5666669E-02  0.0000000E+00
 -9.5333330E-02  0.0000000E+00
 -9.4999999E-02  0.0000000E+00
 -9.4666667E-02  0.0000000E+00
 -9.4333336E-02  0.0000000E+00
 -9.3999997E-02  0.0000000E+00
 -9.3666665E-02  0.0000000E+00
 -9.3333334E-02  0.0000000E+00
 -9.3000002E-02  0.0000000E+00
 -9.2666663E-02  0.0000000E+00
 -9.2333332E-02  0.0000000E+00
 -9.2000000E-02  0.0000000E+00
 -9.1666669E-02  0.0000000E+00
 -9.1333330E-02  0.0000000E+00
 -9.0999998E-02  0.0000000E+00
 -9.0666667E-02  0.0000000E+00
 -9.0333335E-02  0.0000000E+00
 -9.0000004E-02  0.0000000E+00
 -8.9666665E-02  0.0000000E+00
 -8.9333333E-02  0.0000000E+00
 -8.9000002E-02  0.0000000E+00
 -8.8666670E-02  0.0000000E+00
 -8.8333331E-02  0.0000000E+00
 -8.8000000E-02  0.0000000E+00
 -8.7666668E-02  0.0000000E+00
 -8.7333336E-02  0.0000000E+00
 -8.6999997E-02  0.0000000E+00
 -8.6666666E-02  0.0000000E+00
 -8.6333334E-02  0.0000000E+00
 -8.6000003E-02  0.0000000E+00
 -8.5666664E-02  0.0000000E+00
 -8.5333332E-02  0.0000000E+00
 -8.5000001E-02  0.0000000E+00
 -8.4666669E-02  0.0000000E+00
 -8.4333330E-02  0.0000000E+00
 -8.3999999E-02  0.0000000E+00
 -8.3666667E-02  0.0000000E+00
 -8.3333336E-02  0.0000000E+00
 -8.2999997E-02  0.0000000E+00
 -8.2666665E-02  0.0000000E+00
 -8.2333334E-02  0.0000000E+00
 -8.2000002E-02  0.0000000E+00
 -8.1666663E-02  0.0000000E+00
 -8.1333332E-02  0.0000000E+00
 -8.1000000E-02  0.0000000E+00
 -8.0666669E-02  0.0000000E+00
 -8.0333330E-02  0.0000000E+00
 -7.9999998E-02  0.0000000E+00
 -7.9666667E-02  0.0000000E+00
 -7.9333335E-02  0.0000000E+00
 -7.9000004E-02  0.0000000E+00
 -7.8666665E-02  0.0000000E+00
 -7.8333333E-02  0.0000000E+00
 -7.8000002E-02  0.0000000E+00
 -7.7666670E-02  0.0000000E+00
 -7.7333331E-02  0.0000000E+00
 -7.7000000E-02  0.0000000E+00
 -7.6666668E-02  0.0000000E+00
 -7.6333337E-02  0.0000000E+00
 -7.5999998E-02  0.0000000E+00
 -7.5666666E-02  0.0000000E+00
 -7.5333335E-02  0.0000000E+00
 -7.5000003E-02  0.0000000E+00
 -7.4666664E-02  0.0000000E+00
 -7.4333332E-02  0.0000000E+00
 -7.4000001E-02  0.0000000E+00
 -7.3666669E-02  0.0000000E+00
 -7.3333330E-02  0.0000000E+00
 -7.2999999E-02  0.0000000E+00
 -7.2666667E-02  0.0000000E+00
 -7.2333336E-02  0.0000000E+00
 -7.1999997E-02  0.0000000E+00
 -7.1666665E-02  0.0000000E+00
 -7.1333334E-02  0.0000000E+00
 -7.1000002E-02  0.0000000E+00
 -7.0666663E-02  0.0000000E+00
 -7.0333332E-02  0.0000000E+00
 -7.0000000E-02  0.0000000E+00
 -6.9666669E-02  0.0000000E+00
 -6.9333330E-02  0.0000000E+00
 -6.8999998E-02  0.0000000E+00
 -6.8666667E-02  0.0000000E+00
 -6.8333335E-02  0.0000000E+00
 -6.8000004E-02  0.0000000E+00
 -6.7666665E-02  0.0000000E+00
 -6.7333333E-02  0.0000000E+00
 -6.7000002E-02  0.0000000E+00
 -6.6666670E-02  0.0000000E+00
 -6.6333331E-02  0.0000000E+00
 -6.6000000E-02  0.0000000E+00
 -6.5666668E-02  0.0000000E+00
 -6.5333337E-02  0.0000000E+00
 -6.4999998E-02  0.0000000E+00
 -6.4666666E-02  0.0000000E+00
 -6.4333335E-02  0.0000000E+00
 -6.4000003E-02  0.0000000E+00
 -6.3666664E-02  0.0000000E+00
 -6.3333333E-02  0.0000000E+00
 -6.3000001E-02  0.0000000E+00
 -6.2666669E-02  0.0000000E+00
 -6.2333334E-02  0.0000000E+00
 -6.1999999E-02  0.0000000E+00
 -6.1666667E-02  0.0000000E+00
 -6.1333332E-02  0.0000000E+00
 -6.1000001E-02  0.0000000E+00
 -6.0666665E-02  0.0000000E+00
 -6.0333334E-02  0.0000000E+00
 -5.9999999E-02  0.0000000E+00
 -5.9666667E-02  0.0000000E+00
 -5.9333332E-02  0.0000000E+00
 -5.9000000E-02  0.0000000E+00
 -5.8666665E-02  0.0000000E+00
 -5.8333334E-02  0.0000000E+00
 -5.7999998E-02  0.0000000E+00
 -5.7666667E-02  0.0000000E+00
 -5.7333332E-02  0.0000000E+00
 -5.7000000E-02  0.0000000E+00
 -5.6666669E-02  0.0000000E+00
 -5.6333333E-02  0.0000000E+00
 -5.6000002E-02  0.0000000E+00
 -5.5666666E-02  0.0000000E+00
 -5.5333335E-02  0.0000000E+00
 -5.5000000E-02  0.0000000E+00
 -5.4666668E-02  0.0000000E+00
 -5.4333333E-02  0.0000000E+00
 -5.4000001E-02  0.0000000E+00
 -5.3666666E-02  0.0000000E+00
 -5.3333335E-02  0.0000000E+00
 -5.2999999E-02  0.0000000E+00
 -5.2666668E-02  0.0000000E+00
 -5.2333333E-02  0.0000000E+00
 -5.2000001E-02  0.0000000E+00
 -5.1666666E-02  0.0000000E+00
 -5.1333334E-02  0.0000000E+00
 -5.0999999E-02  0.0000000E+00
 -5.0666668E-02  0.0000000E+00
 -5.0333332E-02  0.0000000E+00
 -5.0000001E-02  0.0000000E+00
 -4.9666665E-02  0.0000000E+00
 -4.9333334E-02  0.0000000E+00
 -4.8999999E-02  0.0000000E+00
 -4.8666667E-02  0.0000000E+00
 -4.8333332E-02  0.0000000E+00
 -4.8000000E-02  0.0000000E+00
 -4.7666665E-02  0.0000000E+00
 -4.7333334E-02  0.0000000E+00
 -4.6999998E-02  0.0000000E+00
 -4.6666667E-02  0.0000000E+00
 -4.6333332E-02  0.0000000E+00
 -4.6000000E-02  0.0000000E+00
 -4.5666665E-02  0.0000000E+00
 -4.5333333E-02  0.0000000E+00
 -4.5000002E-02  0.0000000E+00
 -4.4666667E-02  0.0000000E+00
 -4.4333335E-02  0.0000000E+00
 -4.4000000E-02  0.0000000E+00
 -4.3666668E-02  0.0000000E+00
 -4.3333333E-02  0.0000000E+00
 -4.3000001E-02  0.0000000E+00
 -4.2666666E-02  0.0000000E+00
 -4.2333335E-02  0.0000000E+00
 -4.1999999E-02  0.0000000E+00
 -4.1666668E-02  0.0000000E+00
 -4.1333333E-02  0.0000000E+00
 -4.1000001E-02  0.0000000E+00
 -4.0666666E-02  0.0000000E+00
 -4.0333334E-02  0.0000000E+00
 -3.9999999E-02  0.0000000E+00
 -3.9666668E-02  0.0000000E+00
 -3.9333332E-02  0.0000000E+00
 -3.9000001E-02  0.0000000E+00
 -3.8666666E-02  0.0000000E+00
 -3.8333334E-02  0.0000000E+00
 -3.7999999E-02  0.0000000E+00
 -3.7666667E-02  0.0000000E+00
 -3.7333332E-02  0.0000000E+00
 -3.7000000E-02  0.0000000E+00
 -3.6666665E-02  0.0000000E+00
 -3.6333334E-02  0.0000000E+00
 -3.5999998E-02  0.0000000E+00
 -3.5666667E-02  0.0000000E+00
 -3.5333332E-02  0.0000000E+00
 -3.5000000E-02  0.0000000E+00
 -3.4666665E-02  0.0000000E+00
 -3.4333333E-02  0.0000000E+00
 -3.4000002E-02  0.0000000E+00
 -3.3666667E-02  0.0000000E+00
 -3.3333335E-02  0.0000000E+00
 -3.3000000E-02  0.0000000E+00
 -3.2666668E-02  0.0000000E+00
 -3.2333333E-02  0.0000000E+00
 -3.2000002E-02  0.0000000E+00
 -3.1666666E-02  0.0000000E+00
 -3.1333335E-02  0.0000000E+00
 -3.0999999E-02  0.0000000E+00
 -3.0666666E-02  0.0000000E+00
 -3.0333333E-02  0.0000000E+00
 -2.9999999E-02  0.0000000E+00
 -2.9666666E-02  0.0000000E+00
 -2.9333333E-02  0.0000000E+00
 -2.8999999E-02  0.0000000E+00
 -2.8666666E-02  0.0000000E+00
 -2.8333334E-02  0.0000000E+00
 -2.8000001E-02  0.0000000E+00
 -2.7666667E-02  0.0000000E+00
 -2.7333334E-02  0.0000000E+00
 -2.7000001E-02  0.0000000E+00
 -2.6666667E-02  0.0000000E+00
 -2.6333334E-02  0.0000000E+00
 -2.6000001E-02  0.0000000E+00
 -2.5666667E-02  0.0000000E+00
 -2.5333334E-02  0.0000000E+00
 -2.5000000E-02  0.0000000E+00
 -2.4666667E-02  0.0000000E+00
 -2.4333334E-02  0.0000000E+00
 -2.4000000E-02  0.0000000E+00
 -2.3666667E-02  0.0000000E+00
 -2.3333333E-02  0.0000000E+00
 -2.3000000E-02  0.0000000E+00
 -2.2666667E-02  0.0000000E+00
 -2.2333333E-02  0.0000000E+00
 -2.2000000E-02  0.0000000E+00
 -2.1666666E-02  0.0000000E+00
 -2.1333333E-02  0.0000000E+00
 -2.1000000E-02  0.0000000E+00
 -2.0666666E-02  0.0000000E+00
 -2.0333333E-02  0.0000000E+00
 -2.0000000E-02  0.0000000E+00
 -1.9666666E-02  0.0000000E+00
 -1.9333333E-02  0.0000000E+00
 -1.8999999E-02  0.0000000E+00
 -1.8666666E-02  0.0000000E+00
 -1.8333333E-02  0.0000000E+00
 -1.7999999E-02  0.0000000E+00
 -1.7666666E-02  0.0000000E+00
 -1.7333332E-02  0.0000000E+00
 -1.7000001E-02  0.0000000E+00
 -1.6666668E-02  0.0000000E+00
 -1.6333334E-02  0.0000000E+00
 -1.6000001E-02  0.0000000E+00
 -1.5666667E-02  0.0000000E+00
 -1.5333333E-02  0.0000000E+00
 -1.5000000E-02  0.0000000E+00
 -1.4666666E-02  0.0000000E+00
 -1.4333333E-02  0.0000000E+00
 -1.4000000E-02  0.0000000E+00
 -1.3666667E-02  0.0000000E+00
 -1.3333334E-02  0.0000000E+00
 -1.3000000E-02  0.0000000E+00
 -1.2666667E-02  0.0000000E+00
 -1.2333333E-02  0.0000000E+00
 -1.2000000E-02  0.0000000E+00
 -1.1666667E-02  0.0000000E+00
 -1.1333333E-02  0.0000000E+00
 -1.1000000E-02  0.0000000E+00
 -1.0666667E-02  0.0000000E+00
 -1.0333333E-02  0.0000000E+00
 -9.9999998E-03  0.0000000E+00
 -9.6666664E-03  0.0000000E+00
 -9.3333330E-03  0.0000000E+00
 -8.9999996E-03  0.0000000E+00
 -8.6666662E-03  0.0000000E+00
 -8.3333338E-03  0.0000000E+00
 -8.0000004E-03  0.0000000E+00
 -7.6666665E-03  0.0000000E+00
 -7.3333331E-03  0.0000000E+00
 -7.0000002E-03  0.0000000E+00
 -6.6666668E-03  0.0000000E+00
 -6.3333334E-03  0.0000000E+00
 -6.0000001E-03  0.0000000E+00
 -5.6666667E-03  0.0000000E+00
 -5.3333333E-03  0.0000000E+00
 -4.9999999E-03  0.0000000E+00
 -4.6666665E-03  0.0000000E+00
 -4.3333331E-03  0.0000000E+00
 -4.0000002E-03  0.0000000E+00
 -3.6666666E-03  0.0000000E+00
 -3.3333334E-03  0.0000000E+00
 -3.0000000E-03  0.0000000E+00
 -2.6666666E-03  0.0000000E+00
 -2.3333333E-03  0.0000000E+00
 -2.0000001E-03  0.0000000E+00
 -1.6666667E-03  0.0000000E+00
 -1.3333333E-03  0.0000000E+00
 -1.0000000E-03  0.0000000E+00
 -6.6666666E-04  0.0000000E+00
 -3.3333333E-04  0.0000000E+00
  0.0000000E+00  0.0000000E+00
  3.3333333E-04  0.0000000E+00
  6.6666666E-04  0.0000000E+00
  1.0000000E-03  0.0000000E+00
  1.3333333E-03  0.0000000E+00
  1.6666667E-03  0.0000000E+00
  2.0000001E-03  0.0000000E+00
  2.3333333E-03  0.0000000E+00
  2.6666666E-03  0.0000000E+00
  3.0000000E-03  0.0000000E+00
  3.3333334E-03  0.0000000E+00
  3.6666666E-03  0.0000000E+00
  4.0000002E-03  0.0000000E+00
  4.3333331E-03  0.0000000E+00
  4.6666665E-03  0.0000000E+00
  4.9999999E-03  0.0000000E+00
  5.3333333E-03  0.0000000E+00
  5.6666667E-03  0.0000000E+00
  6.0000001E-03  0.0000000E+00
  6.3333334E-03  0.0000000E+00
  6.6666668E-03  0.0000000E+00
  7.0000002E-03  0.0000000E+00
  7.3333331E-03  0.0000000E+00
  7.6666665E-03  0.0000000E+00
  8.0000004E-03  0.0000000E+00
  8.3333338E-03  0.0000000E+00
  8.6666662E-03  0.0000000E+00
  8.9999996E-03  0.0000000E+00
  9.3333330E-03  0.0000000E+00
  9.6666664E-03  0.0000000E+00
  9.9999998E-03  0.0000000E+00
  1.0333333E-02  0.0000000E+00
  1.0666667E-02  0.0000000E+00
  1.1000000E-02  0.0000000E+00
  1.1333333E-02  0.0000000E+00
  1.1666667E-02  0.0000000E+00
  1.2000000E-02  0.0000000E+00
  1.2333333E-02  0.0000000E+00
  1.2666667E-02  0.0000000E+00
  1.3000000E-02  0.0000000E+00
  1.3333334E-02  0.0000000E+00
  1.3666667E-02  0.0000000E+00
  1.4000000E-02  0.0000000E+00
  1.4333333E-02  0.0000000E+00
  1.4666666E-02  0.0000000E+00
  1.5000000E-02  0.0000000E+00
  1.5333333E-02  0.0000000E+00
  1.5666667E-02  0.0000000E+00
  1.6000001E-02  0.0000000E+00
  1.6333334E-02  0.0000000E+00
  1.6666668E-02  0.0000000E+00
  1.7000001E-02  0.0000000E+00
  1.7333332E-02  0.0000000E+00
  1.7666666E-02  0.0000000E+00
  1.7999999E-02  0.0000000E+00
  1.8333333E-02  0.0000000E+00
  1.8666666E-02  0.0000000E+00
  1.8999999E-02  0.0000000E+00
  1.9333333E-02  0.0000000E+00
  1.9666666E-02  0.0000000E+00
  2.0000000E-02  0.0000000E+00
  2.0333333E-02  0.0000000E+00
  2.0666666E-02  0.0000000E+00
  2.1000000E-02  0.0000000E+00
  2.1333333E-02  0.0000000E+00
  2.1666666E-02  0.0000000E+00
  2.2000000E-02  0.0000000E+00
  2.2333333E-02  0.0000000E+00
  2.2666667E-02  0.0000000E+00
  2.3000000E-02  0.0000000E+00
  2.3333333E-02  0.0000000E+00
  2.3666667E-02  0.0000000E+00
  2.4000000E-02  0.0000000E+00
  2.4333334E-02  0.0000000E+00
  2.4666667E-02  0.0000000E+00
  2.5000000E-02  0.0000000E+00
  2.5333334E-02  0.0000000E+00
  2.5666667E-02  0.0000000E+00
  2.6000001E-02  0.0000000E+00
  2.6333334E-02  0.0000000E+00
  2.6666667E-02  0.0000000E+00
  2.7000001E-02  0.0000000E+00
  2.7333334E-02  0.0000000E+00
  2.7666667E-02  0.0000000E+00
  2.8000001E-02  0.0000000E+00
  2.8333334E-02  0.0000000E+00
  2.8666666E-02  0.0000000E+00
  2.8999999E-02  0.0000000E+00
  2.9333333E-02  0.0000000E+00
  2.9666666E-02  0.0000000E+00
  2.9999999E-02  0.0000000E+00
  3.0333333E-02  0.0000000E+00
  3.0666666E-02  0.0000000E+00
  3.0999999E-02  0.0000000E+00
  3.1333335E-02  0.0000000E+00
  3.1666666E-02  0.0000000E+00
  3.2000002E-02  0.0000000E+00
  3.2333333E-02  0.0000000E+00
  3.2666668E-02  0.0000000E+00
  3.3000000E-02  0.0000000E+00
  3.3333335E-02  0.0000000E+00
  3.3666667E-02  0.0000000E+00
  3.4000002E-02  0.0000000E+00
  3.4333333E-02  0.0000000E+00
  3.4666665E-02  0.0000000E+00
  3.5000000E-02  0.0000000E+00
  3.5333332E-02  0.0000000E+00
  3.5666667E-02  0.0000000E+00
  3.5999998E-02  0.0000000E+00
  3.6333334E-02  0.0000000E+00
  3.6666665E-02  0.0000000E+00
  3.7000000E-02  0.0000000E+00
  3.7333332E-02  0.0000000E+00
  3.7666667E-02  0.0000000E+00
  3.7999999E-02  0.0000000E+00
  3.8333334E-02 -2.0405958E-08
  3.8666666E-02 -4.3476511E-08
  3.9000001E-02 -6.0135115E-08
  3.9333332E-02 -7.5023692E-08
  3.9666668E-02 -8.9249355E-08
  3.9999999E-02 -1.0329508E-07
  4.0333334E-02 -1.1743093E-07
  4.0666666E-02 -1.3183295E-07
  4.1000001E-02 -1.4662918E-07
  4.1333333E-02 -1.6192092E-07
  4.1666668E-02 -1.7779371E-07
  4.1999999E-02 -1.9432355E-07
  4.2333335E-02 -2.1158068E-07
  4.2666666E-02 -2.2963205E-07
  4.3000001E-02 -2.4854290E-07
  4.3333333E-02 -2.6837785E-07
  4.3666668E-02 -2.8920192E-07
  4.4000000E-02 -3.1108101E-07
  4.4333335E-02 -3.3408242E-07
  4.4666667E-02 -3.5827540E-07
  4.5000002E-02 -3.8373136E-07
  4.5333333E-02 -4.1052422E-07
  4.5666665E-02 -4.3873075E-07
  4.6000000E-02 -4.6843078E-07
  4.6333332E-02 -4.9970743E-07
  4.6666667E-02 -5.3264733E-07
  4.6999998E-02 -5.6734098E-07
  4.7333334E-02 -6.0388277E-07
  4.7666665E-02 -6.4237139E-07
  4.8000000E-02 -6.8290990E-07
  4.8333332E-02 -7.2560613E-07
  4.8666667E-02 -7.7057274E-07
  4.8999999E-02 -8.1792763E-07
  4.9333334E-02 -8.6779403E-07
  4.9666665E-02 -9.2030086E-07
  5.0000001E-02 -9.7558291E-07
  5.0333332E-02 -1.0337811E-06
  5.0666668E-02 -1.0950429E-06
  5.0999999E-02 -1.1595224E-06
  5.1333334E-02 -1.2273809E-06
  5.1666666E-02 -1.2987869E-06
  5.2000001E-02 -1.3739162E-06
  5.2333333E-02 -1.4529531E-06
  5.2666668E-02 -1.5360901E-06
  5.2999999E-02 -1.6235277E-06
  5.3333335E-02 -1.7154764E-06
  5.3666666E-02 -1.8121552E-06
  5.4000001E-02 -1.9137933E-06
  5.4333333E-02 -2.0206298E-06
  5.4666668E-02 -2.1329142E-06
  5.5000000E-02 -2.2509078E-06
  5.5333335E-02 -2.3748819E-06
  5.5666666E-02 -2.5051206E-06
  5.6000002E-02 -2.6419202E-06
  5.6333333E-02 -2.7855895E-06
  5.6666669E-02 -2.9364508E-06
  5.7000000E-02 -3.0948397E-06
  5.7333332E-02 -3.2611069E-06
  5.7666667E-02 -3.4356174E-06
  5.7999998E-02 -3.6187514E-06
  5.8333334E-02 -3.8109054E-06
  5.8666665E-02 -4.0124924E-06
  5.9000000E-02 -4.2239426E-06
  5.9333332E-02 -4.4457038E-06
  5.9666667E-02 -4.6782429E-06
  5.9999999E-02 -4.9220444E-06
  6.0333334E-02 -5.1776146E-06
  6.0666665E-02 -5.4454786E-06
  6.1000001E-02 -5.7261832E-06
  6.1333332E-02 -6.0202979E-06
  6.1666667E-02 -6.3284142E-06
  6.1999999E-02 -6.6511475E-06
  6.2333334E-02 -6.9891371E-06
  6.2666669E-02 -7.3430474E-06
  6.3000001E-02 -7.7135692E-06
  6.3333333E-02 -8.1014205E-06
  6.3666664E-02 -8.5073461E-06
  6.4000003E-02 -8.9321211E-06
  6.4333335E-02 -9.3765475E-06
  6.4666666E-02 -9.8414612E-06
  6.4999998E-02 -1.0327727E-05
  6.5333337E-02 -1.0836244E-05
  6.5666668E-02 -1.1367944E-05
  6.6000000E-02 -1.1923795E-05
  6.6333331E-02 -1.2504797E-05
  6.6666670E-02 -1.3111993E-05
  6.7000002E-02 -1.3746459E-05
  6.7333333E-02 -1.4409311E-05
  6.7666665E-02 -1.5101708E-05
  6.8000004E-02 -1.5824846E-05
  6.8333335E-02 -1.6579970E-05
  6.8666667E-02 -1.7368366E-05
  6.8999998E-02 -1.8191360E-05
  6.9333330E-02 -1.9050336E-05
  6.9666669E-02 -1.9946716E-05
  7.0000000E-02 -2.0881977E-05
  7.0333332E-02 -2.1857644E-05
  7.0666663E-02 -2.2875296E-05
  7.1000002E-02 -2.3936564E-05
  7.1333334E-02 -2.5043135E-05
  7.1666665E-02 -2.6196753E-05
  7.1999997E-02 -2.7399217E-05
  7.2333336E-02 -2.8652390E-05
  7.2666667E-02 -2.9958193E-05
  7.2999999E-02 -3.1318610E-05
  7.3333330E-02 -3.2735694E-05
  7.3666669E-02 -3.4211553E-05
  7.4000001E-02 -3.5748373E-05
  7.4333332E-02 -3.7348407E-05
  7.4666664E-02 -3.9013972E-05
  7.5000003E-02 -4.0747465E-05
  7.5333335E-02 -4.2551354E-05
  7.5666666E-02 -4.4428183E-05
  7.5999998E-02 -4.6380570E-05
  7.6333337E-02 -4.8411224E-05
  7.6666668E-02 -5.0522922E-05
  7.7000000E-02 -5.2718529E-05
  7.7333331E-02 -5.5000994E-05
  7.7666670E-02 -5.7373356E-05
  7.8000002E-02 -5.9838734E-05
  7.8333333E-02 -6.2400344E-05
  7.8666665E-02 -6.5061482E-05
  7.9000004E-02 -6.7825567E-05
  7.9333335E-02 -7.0696071E-05
  7.9666667E-02 -7.3676594E-05
  7.9999998E-02 -7.6770826E-05
  8.0333330E-02 -7.9982558E-05
  8.0666669E-02 -8.3315674E-05
  8.1000000E-02 -8.6774176E-05
  8.1333332E-02 -9.0362169E-05
  8.1666663E-02 -9.4083851E-05
  8.2000002E-02 -9.7943550E-05
  8.2333334E-02 -1.0194568E-04
  8.2666665E-02 -1.0609481E-04
  8.2999997E-02 -1.1039557E-04
  8.3333336E-02 -1.1485273E-04
  8.3666667E-02 -1.1947119E-04
  8.3999999E-02 -1.2425595E-04
  8.4333330E-02 -1.2921215E-04
  8.4666669E-02 -1.3434501E-04
  8.5000001E-02 -1.3965993E-04
  8.5333332E-02 -1.4516238E-04
  8.5666664E-02 -1.5085800E-04
  8.6000003E-02 -1.5675253E-04
  8.6333334E-02 -1.6285185E-04
  8.6666666E-02 -1.6916195E-04
  8.6999997E-02 -1.7568898E-04
  8.7333336E-02 -1.8243921E-04
  8.7666668E-02 -1.8941901E-04
  8.8000000E-02 -1.9663494E-04
  8.8333331E-02 -2.0409364E-04
  8.8666670E-02 -2.1180190E-04
  8.9000002E-02 -2.1976669E-04
  8.9333333E-02 -2.2799506E-04
  8.9666665E-02 -2.3649419E-04
  9.0000004E-02 -2.4527143E-04
  9.0333335E-02 -2.5433427E-04
  9.0666667E-02 -2.6369031E-04
  9.0999998E-02 -2.7334725E-04
  9.1333330E-02 -2.8331304E-04
  9.1666669E-02 -2.9359563E-04
  9.2000000E-02 -3.0420322E-04
  9.2333332E-02 -3.1514405E-04
  9.2666663E-02 -3.2642653E-04
  9.3000002E-02 -3.3805924E-04
  9.3333334E-02 -3.5005080E-04
  9.3666665E-02 -3.6241009E-04
  9.3999997E-02 -3.7514599E-04
  9.4333336E-02 -3.8826754E-04
  9.4666667E-02 -4.0178397E-04
  9.4999999E-02 -4.1570453E-04
  9.5333330E-02 -4.3003869E-04
  9.5666669E-02 -4.4479597E-04
  9.6000001E-02 -4.5998598E-04
  9.6333332E-02 -4.7561858E-04
  9.6666664E-02 -4.9170357E-04
  9.7000003E-02 -5.0825090E-04
  9.7333334E-02 -5.2527076E-04
  9.7666666E-02 -5.4277328E-04
  9.7999997E-02 -5.6076871E-04
  9.8333336E-02 -5.7926739E-04
  9.8666668E-02 -5.9827982E-04
  9.8999999E-02 -6.1781652E-04
  9.9333331E-02 -6.3788809E-04
  9.9666670E-02 -6.5850519E-04
  0.1000000     -6.7967857E-04
  0.1003333     -7.0141908E-04
  0.1006667     -7.2373752E-04
  0.1010000     -7.4664480E-04
  0.1013333     -7.7015185E-04
  0.1016667     -7.9426967E-04
  0.1020000     -8.1900932E-04
  0.1023333     -8.4438169E-04
  0.1026667     -8.7039790E-04
  0.1030000     -8.9706900E-04
  0.1033333     -9.2440593E-04
  0.1036667     -9.5241988E-04
  0.1040000     -9.8112167E-04
  0.1043333     -1.0105224E-03
  0.1046667     -1.0406328E-03
  0.1050000     -1.0714642E-03
  0.1053333     -1.1030268E-03
  0.1056667     -1.1353318E-03
  0.1060000     -1.1683897E-03
  0.1063333     -1.2022111E-03
  0.1066667     -1.2368065E-03
  0.1070000     -1.2721862E-03
  0.1073333     -1.3083604E-03
  0.1076667     -1.3453393E-03
  0.1080000     -1.3831328E-03
  0.1083333     -1.4217506E-03
  0.1086667     -1.4612024E-03
  0.1090000     -1.5014976E-03
  0.1093333     -1.5426454E-03
  0.1096667     -1.5846547E-03
  0.1100000     -1.6275343E-03
  0.1103333     -1.6712928E-03
  0.1106667     -1.7159383E-03
  0.1110000     -1.7614790E-03
  0.1113333     -1.8079224E-03
  0.1116667     -1.8552759E-03
  0.1120000     -1.9035466E-03
  0.1123333     -1.9527413E-03
  0.1126667     -2.0028662E-03
  0.1130000     -2.0539274E-03
  0.1133333     -2.1059306E-03
  0.1136667     -2.1588809E-03
  0.1140000     -2.2127831E-03
  0.1143333     -2.2676417E-03
  0.1146667     -2.3234605E-03
  0.1150000     -2.3802430E-03
  0.1153333     -2.4379923E-03
  0.1156667     -2.4967105E-03
  0.1160000     -2.5563997E-03
  0.1163333     -2.6170614E-03
  0.1166667     -2.6786965E-03
  0.1170000     -2.7413052E-03
  0.1173333     -2.8048870E-03
  0.1176667     -2.8694414E-03
  0.1180000     -2.9349667E-03
  0.1183333     -3.0014603E-03
  0.1186667     -3.0689200E-03
  0.1190000     -3.1373422E-03
  0.1193333     -3.2067222E-03
  0.1196667     -3.2770555E-03
  0.1200000     -3.3483366E-03
  0.1203333     -3.4205585E-03
  0.1206667     -3.4937148E-03
  0.1210000     -3.5677974E-03
  0.1213333     -3.6427972E-03
  0.1216667     -3.7187051E-03
  0.1220000     -3.7955109E-03
  0.1223333     -3.8732029E-03
  0.1226667     -3.9517698E-03
  0.1230000     -4.0311981E-03
  0.1233333     -4.1114744E-03
  0.1236667     -4.1925837E-03
  0.1240000     -4.2745112E-03
  0.1243333     -4.3572402E-03
  0.1246667     -4.4407528E-03
  0.1250000     -4.5250263E-03
  0.1253333     -4.6100500E-03
  0.1256667     -4.6958001E-03
  0.1260000     -4.7822548E-03
  0.1263333     -4.8693917E-03
  0.1266667     -4.9571884E-03
  0.1270000     -5.0456203E-03
  0.1273333     -5.1346621E-03
  0.1276667     -5.2242880E-03
  0.1280000     -5.3144707E-03
  0.1283333     -5.4051816E-03
  0.1286667     -5.4963916E-03
  0.1290000     -5.5880705E-03
  0.1293333     -5.6801871E-03
  0.1296667     -5.7727089E-03
  0.1300000     -5.8656023E-03
  0.1303333     -5.9588333E-03
  0.1306667     -6.0523665E-03
  0.1310000     -6.1461651E-03
  0.1313333     -6.2401919E-03
  0.1316667     -6.3344082E-03
  0.1320000     -6.4287744E-03
  0.1323333     -6.5232501E-03
  0.1326667     -6.6177938E-03
  0.1330000     -6.7123626E-03
  0.1333333     -6.8069138E-03
  0.1336667     -6.9014020E-03
  0.1340000     -6.9957823E-03
  0.1343333     -7.0900079E-03
  0.1346667     -7.1840319E-03
  0.1350000     -7.2778058E-03
  0.1353333     -7.3712803E-03
  0.1356667     -7.4644056E-03
  0.1360000     -7.5571309E-03
  0.1363333     -7.6494045E-03
  0.1366667     -7.7411733E-03
  0.1370000     -7.8323847E-03
  0.1373333     -7.9229837E-03
  0.1376667     -8.0129150E-03
  0.1380000     -8.1021246E-03
  0.1383333     -8.1905555E-03
  0.1386667     -8.2781501E-03
  0.1390000     -8.3648516E-03
  0.1393333     -8.4506003E-03
  0.1396667     -8.5353386E-03
  0.1400000     -8.6190077E-03
  0.1403333     -8.7015461E-03
  0.1406667     -8.7828944E-03
  0.1410000     -8.8629909E-03
  0.1413333     -8.9417752E-03
  0.1416667     -9.0191858E-03
  0.1420000     -9.0951612E-03
  0.1423333     -9.1696382E-03
  0.1426667     -9.2425542E-03
  0.1430000     -9.3138469E-03
  0.1433333     -9.3834549E-03
  0.1436667     -9.4513129E-03
  0.1440000     -9.5173605E-03
  0.1443333     -9.5815333E-03
  0.1446667     -9.6437680E-03
  0.1450000     -9.7040022E-03
  0.1453333     -9.7621744E-03
  0.1456667     -9.8182205E-03
  0.1460000     -9.8720789E-03
  0.1463333     -9.9236872E-03
  0.1466667     -9.9729849E-03
  0.1470000     -1.0019909E-02
  0.1473333     -1.0064400E-02
  0.1476667     -1.0106397E-02
  0.1480000     -1.0145840E-02
  0.1483333     -1.0182671E-02
  0.1486667     -1.0216831E-02
  0.1490000     -1.0248262E-02
  0.1493333     -1.0276906E-02
  0.1496667     -1.0302709E-02
  0.1500000     -1.0325614E-02
  0.1503333     -1.0345568E-02
  0.1506667     -1.0362516E-02
  0.1510000     -1.0376408E-02
  0.1513333     -1.0387190E-02
  0.1516667     -1.0394814E-02
  0.1520000     -1.0399231E-02
  0.1523333     -1.0400393E-02
  0.1526667     -1.0398255E-02
  0.1530000     -1.0392770E-02
  0.1533333     -1.0383897E-02
  0.1536667     -1.0371592E-02
  0.1540000     -1.0355816E-02
  0.1543333     -1.0336531E-02
  0.1546667     -1.0313700E-02
  0.1550000     -1.0287286E-02
  0.1553333     -1.0257256E-02
  0.1556667     -1.0223579E-02
  0.1560000     -1.0186225E-02
  0.1563333     -1.0145165E-02
  0.1566667     -1.0100375E-02
  0.1570000     -1.0051829E-02
  0.1573333     -9.9995052E-03
  0.1576667     -9.9433837E-03
  0.1580000     -9.8834485E-03
  0.1583333     -9.8196818E-03
  0.1586667     -9.7520705E-03
  0.1590000     -9.6806046E-03
  0.1593333     -9.6052745E-03
  0.1596667     -9.5260721E-03
  0.1600000     -9.4429953E-03
  0.1603333     -9.3560414E-03
  0.1606667     -9.2652105E-03
  0.1610000     -9.1705052E-03
  0.1613333     -9.0719322E-03
  0.1616667     -8.9694969E-03
  0.1620000     -8.8632125E-03
  0.1623333     -8.7530892E-03
  0.1626667     -8.6391438E-03
  0.1630000     -8.5213939E-03
  0.1633333     -8.3998591E-03
  0.1636667     -8.2745636E-03
  0.1640000     -8.1455316E-03
  0.1643333     -8.0127930E-03
  0.1646667     -7.8763766E-03
  0.1650000     -7.7363160E-03
  0.1653333     -7.5926473E-03
  0.1656667     -7.4454029E-03
  0.1660000     -7.2946372E-03
  0.1663333     -7.1403859E-03
  0.1666667     -6.9826953E-03
  0.1670000     -6.8216138E-03
  0.1673333     -6.6571929E-03
  0.1676667     -6.4894855E-03
  0.1680000     -6.3185478E-03
  0.1683333     -6.1444384E-03
  0.1686667     -5.9672184E-03
  0.1690000     -5.7869507E-03
  0.1693333     -5.6037013E-03
  0.1696667     -5.4175379E-03
  0.1700000     -5.2285311E-03
  0.1703333     -5.0367597E-03
  0.1706667     -4.8422883E-03
  0.1710000     -4.6451986E-03
  0.1713333     -4.4455687E-03
  0.1716667     -4.2434810E-03
  0.1720000     -4.0390184E-03
  0.1723333     -3.8322657E-03
  0.1726667     -3.6233107E-03
  0.1730000     -3.4122425E-03
  0.1733333     -3.1991515E-03
  0.1736667     -2.9841308E-03
  0.1740000     -2.7672749E-03
  0.1743333     -2.5486792E-03
  0.1746667     -2.3284419E-03
  0.1750000     -2.1066621E-03
  0.1753333     -1.8834400E-03
  0.1756667     -1.6588778E-03
  0.1760000     -1.4330787E-03
  0.1763333     -1.2061096E-03
  0.1766667     -9.7809406E-04
  0.1770000     -7.4917672E-04
  0.1773333     -5.1945139E-04
  0.1776667     -2.8902388E-04
  0.1780000     -5.8002373E-05
  0.1783333      1.7350356E-04
  0.1786667      4.0538350E-04
  0.1790000      6.3752622E-04
  0.1793333      8.6982007E-04
  0.1796667      1.1021529E-03
  0.1800000      1.3344119E-03
  0.1803333      1.5664845E-03
  0.1806667      1.7982576E-03
  0.1810000      2.0296182E-03
  0.1813333      2.2604531E-03
  0.1816667      2.4906492E-03
  0.1820000      2.7200941E-03
  0.1823333      2.9486748E-03
  0.1826667      3.1762796E-03
  0.1830000      3.4027963E-03
  0.1833333      3.6281140E-03
  0.1836667      3.8521222E-03
  0.1840000      4.0747109E-03
  0.1843333      4.2957705E-03
  0.1846667      4.5151939E-03
  0.1850000      4.7328733E-03
  0.1853333      4.9487022E-03
  0.1856667      5.1625757E-03
  0.1860000      5.3743906E-03
  0.1863333      5.5840439E-03
  0.1866667      5.7914346E-03
  0.1870000      5.9964624E-03
  0.1873333      6.1990297E-03
  0.1876667      6.3990401E-03
  0.1880000      6.5963985E-03
  0.1883333      6.7910114E-03
  0.1886667      6.9827880E-03
  0.1890000      7.1716388E-03
  0.1893333      7.3574763E-03
  0.1896667      7.5402153E-03
  0.1900000      7.7197719E-03
  0.1903333      7.8960657E-03
  0.1906667      8.0690170E-03
  0.1910000      8.2385503E-03
  0.1913333      8.4045902E-03
  0.1916667      8.5670650E-03
  0.1920000      8.7259058E-03
  0.1923333      8.8810446E-03
  0.1926667      9.0324180E-03
  0.1930000      9.1799628E-03
  0.1933333      9.3236221E-03
  0.1936667      9.4633363E-03
  0.1940000      9.5990542E-03
  0.1943333      9.7307228E-03
  0.1946667      9.8582953E-03
  0.1950000      9.9817244E-03
  0.1953333      1.0100969E-02
  0.1956667      1.0215988E-02
  0.1960000      1.0326745E-02
  0.1963333      1.0433206E-02
  0.1966667      1.0535340E-02
  0.1970000      1.0633118E-02
  0.1973333      1.0726514E-02
  0.1976667      1.0815508E-02
  0.1980000      1.0900078E-02
  0.1983333      1.0980209E-02
  0.1986667      1.1055888E-02
  0.1990000      1.1127103E-02
  0.1993333      1.1193847E-02
  0.1996667      1.1256116E-02
  0.2000000      1.1313908E-02
  0.2003333      1.1367223E-02
  0.2006667      1.1416066E-02
  0.2010000      1.1460445E-02
  0.2013333      1.1500369E-02
  0.2016667      1.1535849E-02
  0.2020000      1.1566904E-02
  0.2023333      1.1593550E-02
  0.2026667      1.1615810E-02
  0.2030000      1.1633706E-02
  0.2033333      1.1647265E-02
  0.2036667      1.1656518E-02
  0.2040000      1.1661495E-02
  0.2043333      1.1662232E-02
  0.2046667      1.1658764E-02
  0.2050000      1.1651133E-02
  0.2053333      1.1639380E-02
  0.2056667      1.1623549E-02
  0.2060000      1.1603689E-02
  0.2063333      1.1579847E-02
  0.2066667      1.1552075E-02
  0.2070000      1.1520428E-02
  0.2073333      1.1484960E-02
  0.2076667      1.1445731E-02
  0.2080000      1.1402800E-02
  0.2083333      1.1356228E-02
  0.2086667      1.1306081E-02
  0.2090000      1.1252425E-02
  0.2093333      1.1195326E-02
  0.2096667      1.1134855E-02
  0.2100000      1.1071082E-02
  0.2103333      1.1004081E-02
  0.2106667      1.0933924E-02
  0.2110000      1.0860691E-02
  0.2113333      1.0784456E-02
  0.2116667      1.0705298E-02
  0.2120000      1.0623299E-02
  0.2123333      1.0538537E-02
  0.2126667      1.0451097E-02
  0.2130000      1.0361061E-02
  0.2133333      1.0268515E-02
  0.2136667      1.0173543E-02
  0.2140000      1.0076232E-02
  0.2143333      9.9766701E-03
  0.2146667      9.8749436E-03
  0.2150000      9.7711422E-03
  0.2153333      9.6653542E-03
  0.2156667      9.5576709E-03
  0.2160000      9.4481818E-03
  0.2163333      9.3369782E-03
  0.2166667      9.2241503E-03
  0.2170000      9.1097904E-03
  0.2173333      8.9939898E-03
  0.2176667      8.8768415E-03
  0.2180000      8.7584360E-03
  0.2183333      8.6388662E-03
  0.2186667      8.5182237E-03
  0.2190000      8.3966013E-03
  0.2193333      8.2740905E-03
  0.2196667      8.1507834E-03
  0.2200000      8.0267703E-03
  0.2203333      7.9021445E-03
  0.2206667      7.7769957E-03
  0.2210000      7.6514143E-03
  0.2213333      7.5254906E-03
  0.2216667      7.3993145E-03
  0.2220000      7.2729755E-03
  0.2223333      7.1465611E-03
  0.2226667      7.0201596E-03
  0.2230000      6.8938588E-03
  0.2233333      6.7677433E-03
  0.2236667      6.6422038E-03
  0.2240000      6.5164235E-03
  0.2243333      6.3913814E-03
  0.2246667      6.2668645E-03
  0.2250000      6.1429562E-03
  0.2253333      6.0197366E-03
  0.2256667      5.8972873E-03
  0.2260000      5.7756873E-03
  0.2263333      5.6550154E-03
  0.2266667      5.5353488E-03
  0.2270000      5.4167644E-03
  0.2273333      5.2993372E-03
  0.2276667      5.1831417E-03
  0.2280000      5.0682505E-03
  0.2283333      4.9547362E-03
  0.2286667      4.8426692E-03
  0.2290000      4.7321189E-03
  0.2293333      4.6231542E-03
  0.2296667      4.5158421E-03
  0.2300000      4.4102478E-03
  0.2303333      4.3064370E-03
  0.2306667      4.2044721E-03
  0.2310000      4.1044159E-03
  0.2313333      4.0063290E-03
  0.2316667      3.9102705E-03
  0.2320000      3.8162996E-03
  0.2323333      3.7244724E-03
  0.2326667      3.6348449E-03
  0.2330000      3.5474712E-03
  0.2333333      3.4624047E-03
  0.2336667      3.3796967E-03
  0.2340000      3.2993981E-03
  0.2343333      3.2215575E-03
  0.2346667      3.1462230E-03
  0.2350000      3.0734409E-03
  0.2353333      3.0032564E-03
  0.2356667      2.9357136E-03
  0.2360000      2.8708547E-03
  0.2363333      2.8087213E-03
  0.2366667      2.7493532E-03
  0.2370000      2.6927893E-03
  0.2373333      2.6390669E-03
  0.2376667      2.5882223E-03
  0.2380000      2.5402901E-03
  0.2383333      2.4953044E-03
  0.2386667      2.4532974E-03
  0.2390000      2.4143001E-03
  0.2393333      2.3783427E-03
  0.2396667      2.3454537E-03
  0.2400000      2.3156607E-03
  0.2403333      2.2889902E-03
  0.2406667      2.2654668E-03
  0.2410000      2.2451147E-03
  0.2413333      2.2279564E-03
  0.2416667      2.2140134E-03
  0.2420000      2.2033064E-03
  0.2423333      2.1958542E-03
  0.2426667      2.1916749E-03
  0.2430000      2.1907852E-03
  0.2433333      2.1932011E-03
  0.2436667      2.1989371E-03
  0.2440000      2.2080063E-03
  0.2443333      2.2204216E-03
  0.2446667      2.2361933E-03
  0.2450000      2.2553322E-03
  0.2453333      2.2778467E-03
  0.2456667      2.3037447E-03
  0.2460000      2.3330329E-03
  0.2463333      2.3657170E-03
  0.2466667      2.4018011E-03
  0.2470000      2.4412887E-03
  0.2473333      2.4841817E-03
  0.2476667      2.5304814E-03
  0.2480000      2.5801875E-03
  0.2483333      2.6332992E-03
  0.2486667      2.6898137E-03
  0.2490000      2.7497278E-03
  0.2493333      2.8130368E-03
  0.2496667      2.8797346E-03
  0.2500000      2.9498150E-03
  0.2503333      3.0232691E-03
  0.2506667      3.1000881E-03
  0.2510000      3.1802615E-03
  0.2513333      3.2637776E-03
  0.2516667      3.3506237E-03
  0.2520000      3.4407852E-03
  0.2523333      3.5342474E-03
  0.2526667      3.6309937E-03
  0.2530000      3.7310058E-03
  0.2533333      3.8342653E-03
  0.2536667      3.9407513E-03
  0.2540000      4.0504429E-03
  0.2543333      4.1633165E-03
  0.2546667      4.2793481E-03
  0.2550000      4.3985117E-03
  0.2553333      4.5207809E-03
  0.2556667      4.6461266E-03
  0.2560000      4.7745202E-03
  0.2563333      4.9059293E-03
  0.2566667      5.0403215E-03
  0.2570000      5.1776636E-03
  0.2573333      5.3179190E-03
  0.2576667      5.4610507E-03
  0.2580000      5.6070210E-03
  0.2583333      5.7557886E-03
  0.2586667      5.9073125E-03
  0.2590000      6.0615498E-03
  0.2593333      6.2184543E-03
  0.2596667      6.3779810E-03
  0.2600000      6.5400810E-03
  0.2603333      6.7047044E-03
  0.2606667      6.8717999E-03
  0.2610000      7.0413146E-03
  0.2613333      7.2131930E-03
  0.2616667      7.3873792E-03
  0.2620000      7.5638145E-03
  0.2623333      7.7424385E-03
  0.2626667      7.9231896E-03
  0.2630000      8.1060035E-03
  0.2633333      8.2908152E-03
  0.2636667      8.4775575E-03
  0.2640000      8.6661614E-03
  0.2643333      8.8565545E-03
  0.2646667      9.0486640E-03
  0.2650000      9.2424164E-03
  0.2653333      9.4377343E-03
  0.2656667      9.6345395E-03
  0.2660000      9.8327501E-03
  0.2663333      1.0032284E-02
  0.2666667      1.0233059E-02
  0.2670000      1.0434986E-02
  0.2673333      1.0637978E-02
  0.2676667      1.0841945E-02
  0.2680000      1.1046796E-02
  0.2683333      1.1252435E-02
  0.2686667      1.1458768E-02
  0.2690000      1.1665696E-02
  0.2693333      1.1873120E-02
  0.2696667      1.2080939E-02
  0.2700000      1.2289050E-02
  0.2703333      1.2497347E-02
  0.2706667      1.2705708E-02
  0.2710000      1.2914052E-02
  0.2713333      1.3122256E-02
  0.2716667      1.3330206E-02
  0.2720000      1.3537792E-02
  0.2723333      1.3744893E-02
  0.2726667      1.3951396E-02
  0.2730000      1.4157179E-02
  0.2733333      1.4362123E-02
  0.2736667      1.4566106E-02
  0.2740000      1.4769003E-02
  0.2743333      1.4970690E-02
  0.2746667      1.5171041E-02
  0.2750000      1.5369926E-02
  0.2753333      1.5567217E-02
  0.2756667      1.5762784E-02
  0.2760000      1.5956493E-02
  0.2763333      1.6148213E-02
  0.2766667      1.6337812E-02
  0.2770000      1.6525151E-02
  0.2773333      1.6710095E-02
  0.2776667      1.6892510E-02
  0.2780000      1.7072255E-02
  0.2783333      1.7249193E-02
  0.2786667      1.7423185E-02
  0.2790000      1.7594092E-02
  0.2793333      1.7761772E-02
  0.2796667      1.7926086E-02
  0.2800000      1.8086893E-02
  0.2803333      1.8244050E-02
  0.2806667      1.8397419E-02
  0.2810000      1.8546857E-02
  0.2813333      1.8692221E-02
  0.2816667      1.8833373E-02
  0.2820000      1.8970171E-02
  0.2823333      1.9102473E-02
  0.2826667      1.9230140E-02
  0.2830000      1.9353032E-02
  0.2833333      1.9471010E-02
  0.2836667      1.9583939E-02
  0.2840000      1.9691676E-02
  0.2843333      1.9794090E-02
  0.2846667      1.9891040E-02
  0.2850000      1.9982399E-02
  0.2853333      2.0068029E-02
  0.2856667      2.0147802E-02
  0.2860000      2.0221585E-02
  0.2863333      2.0289253E-02
  0.2866667      2.0350680E-02
  0.2870000      2.0405740E-02
  0.2873333      2.0454310E-02
  0.2876667      2.0496273E-02
  0.2880000      2.0531509E-02
  0.2883333      2.0559903E-02
  0.2886667      2.0581342E-02
  0.2890000      2.0595716E-02
  0.2893333      2.0602919E-02
  0.2896667      2.0602845E-02
  0.2900000      2.0595392E-02
  0.2903333      2.0580463E-02
  0.2906667      2.0557960E-02
  0.2910000      2.0527797E-02
  0.2913333      2.0489879E-02
  0.2916667      2.0444125E-02
  0.2920000      2.0390451E-02
  0.2923333      2.0328784E-02
  0.2926667      2.0259047E-02
  0.2930000      2.0181173E-02
  0.2933333      2.0095097E-02
  0.2936667      2.0000756E-02
  0.2940000      1.9898092E-02
  0.2943333      1.9787058E-02
  0.2946667      1.9667603E-02
  0.2950000      1.9539686E-02
  0.2953333      1.9403266E-02
  0.2956667      1.9258309E-02
  0.2960000      1.9104792E-02
  0.2963333      1.8942686E-02
  0.2966667      1.8771973E-02
  0.2970000      1.8592643E-02
  0.2973333      1.8404683E-02
  0.2976667      1.8208096E-02
  0.2980000      1.8002879E-02
  0.2983333      1.7789042E-02
  0.2986667      1.7566599E-02
  0.2990000      1.7335566E-02
  0.2993333      1.7095972E-02
  0.2996667      1.6847841E-02
  0.3000000      1.6591214E-02
  0.3003333      1.6326128E-02
  0.3006667      1.6052632E-02
  0.3010000      1.5770778E-02
  0.3013333      1.5480624E-02
  0.3016667      1.5182234E-02
  0.3020000      1.4875678E-02
  0.3023333      1.4561033E-02
  0.3026667      1.4238378E-02
  0.3030000      1.3907800E-02
  0.3033333      1.3569394E-02
  0.3036667      1.3223257E-02
  0.3040000      1.2869493E-02
  0.3043333      1.2508212E-02
  0.3046667      1.2139530E-02
  0.3050000      1.1763567E-02
  0.3053333      1.1380452E-02
  0.3056667      1.0990314E-02
  0.3060000      1.0593292E-02
  0.3063333      1.0189530E-02
  0.3066667      9.7791757E-03
  0.3070000      9.3623810E-03
  0.3073333      8.9393072E-03
  0.3076667      8.5101165E-03
  0.3080000      8.0749774E-03
  0.3083333      7.6340651E-03
  0.3086667      7.1875574E-03
  0.3090000      6.7356373E-03
  0.3093333      6.2784934E-03
  0.3096667      5.8163176E-03
  0.3100000      5.3493064E-03
  0.3103333      4.8776614E-03
  0.3106667      4.4015874E-03
  0.3110000      3.9212941E-03
  0.3113333      3.4369936E-03
  0.3116667      2.9489032E-03
  0.3120000      2.4572434E-03
  0.3123333      1.9622375E-03
  0.3126667      1.4641129E-03
  0.3130000      9.6309942E-04
  0.3133333      4.5943039E-04
  0.3136667     -4.6658333E-05
  0.3140000     -5.5492821E-04
  0.3143333     -1.0651383E-03
  0.3146667     -1.5770451E-03
  0.3150000     -2.0904026E-03
  0.3153333     -2.6049644E-03
  0.3156667     -3.1204829E-03
  0.3160000     -3.6367048E-03
  0.3163333     -4.1533788E-03
  0.3166667     -4.6702521E-03
  0.3170000     -5.1870700E-03
  0.3173333     -5.7035773E-03
  0.3176667     -6.2195193E-03
  0.3180000     -6.7346389E-03
  0.3183333     -7.2486801E-03
  0.3186667     -7.7613867E-03
  0.3190000     -8.2725026E-03
  0.3193333     -8.7817712E-03
  0.3196667     -9.2889387E-03
  0.3200000     -9.7937491E-03
  0.3203333     -1.0295949E-02
  0.3206667     -1.0795287E-02
  0.3210000     -1.1291511E-02
  0.3213333     -1.1784372E-02
  0.3216667     -1.2273623E-02
  0.3220000     -1.2759016E-02
  0.3223333     -1.3240309E-02
  0.3226667     -1.3717259E-02
  0.3230000     -1.4189630E-02
  0.3233333     -1.4657183E-02
  0.3236667     -1.5119685E-02
  0.3240000     -1.5576907E-02
  0.3243333     -1.6028620E-02
  0.3246667     -1.6474605E-02
  0.3250000     -1.6914634E-02
  0.3253333     -1.7348498E-02
  0.3256667     -1.7775981E-02
  0.3260000     -1.8196875E-02
  0.3263333     -1.8610978E-02
  0.3266667     -1.9018088E-02
  0.3270000     -1.9418010E-02
  0.3273333     -1.9810554E-02
  0.3276667     -2.0195536E-02
  0.3280000     -2.0572772E-02
  0.3283333     -2.0942090E-02
  0.3286667     -2.1303318E-02
  0.3290000     -2.1656293E-02
  0.3293333     -2.2000853E-02
  0.3296667     -2.2336846E-02
  0.3300000     -2.2664122E-02
  0.3303333     -2.2982541E-02
  0.3306667     -2.3291966E-02
  0.3310000     -2.3592267E-02
  0.3313333     -2.3883319E-02
  0.3316667     -2.4165004E-02
  0.3320000     -2.4437211E-02
  0.3323333     -2.4699835E-02
  0.3326667     -2.4952775E-02
  0.3330000     -2.5195939E-02
  0.3333333     -2.5429241E-02
  0.3336667     -2.5652602E-02
  0.3340000     -2.5865950E-02
  0.3343333     -2.6069215E-02
  0.3346667     -2.6262341E-02
  0.3350000     -2.6445271E-02
  0.3353333     -2.6617963E-02
  0.3356667     -2.6780374E-02
  0.3360000     -2.6932472E-02
  0.3363333     -2.7074233E-02
  0.3366667     -2.7205631E-02
  0.3370000     -2.7326660E-02
  0.3373333     -2.7437309E-02
  0.3376667     -2.7537579E-02
  0.3380000     -2.7627477E-02
  0.3383333     -2.7706997E-02
  0.3386667     -2.7776180E-02
  0.3390000     -2.7835058E-02
  0.3393333     -2.7883658E-02
  0.3396667     -2.7922019E-02
  0.3400000     -2.7950188E-02
  0.3403333     -2.7968211E-02
  0.3406667     -2.7976148E-02
  0.3410000     -2.7974062E-02
  0.3413333     -2.7962022E-02
  0.3416667     -2.7940104E-02
  0.3420000     -2.7908387E-02
  0.3423333     -2.7866960E-02
  0.3426667     -2.7815914E-02
  0.3430000     -2.7755344E-02
  0.3433333     -2.7685357E-02
  0.3436667     -2.7606061E-02
  0.3440000     -2.7517565E-02
  0.3443333     -2.7419990E-02
  0.3446667     -2.7313458E-02
  0.3450000     -2.7198097E-02
  0.3453333     -2.7074039E-02
  0.3456667     -2.6941421E-02
  0.3460000     -2.6800383E-02
  0.3463333     -2.6651070E-02
  0.3466667     -2.6493631E-02
  0.3470000     -2.6328219E-02
  0.3473333     -2.6154989E-02
  0.3476667     -2.5974102E-02
  0.3480000     -2.5785722E-02
  0.3483333     -2.5590014E-02
  0.3486667     -2.5387146E-02
  0.3490000     -2.5177294E-02
  0.3493333     -2.4960630E-02
  0.3496667     -2.4737334E-02
  0.3500000     -2.4507584E-02
  0.3503333     -2.4271563E-02
  0.3506667     -2.4029454E-02
  0.3510000     -2.3781447E-02
  0.3513333     -2.3527725E-02
  0.3516667     -2.3268480E-02
  0.3520000     -2.3003904E-02
  0.3523333     -2.2734188E-02
  0.3526667     -2.2459524E-02
  0.3530000     -2.2180108E-02
  0.3533333     -2.1896135E-02
  0.3536667     -2.1607798E-02
  0.3540000     -2.1315295E-02
  0.3543333     -2.1018824E-02
  0.3546667     -2.0718578E-02
  0.3550000     -2.0414755E-02
  0.3553333     -2.0107551E-02
  0.3556667     -1.9797163E-02
  0.3560000     -1.9483784E-02
  0.3563333     -1.9167611E-02
  0.3566667     -1.8848836E-02
  0.3570000     -1.8527655E-02
  0.3573333     -1.8204259E-02
  0.3576667     -1.7878838E-02
  0.3580000     -1.7551582E-02
  0.3583333     -1.7222680E-02
  0.3586667     -1.6892318E-02
  0.3590000     -1.6560681E-02
  0.3593333     -1.6227951E-02
  0.3596667     -1.5894314E-02
  0.3600000     -1.5559944E-02
  0.3603333     -1.5225020E-02
  0.3606667     -1.4889718E-02
  0.3610000     -1.4554210E-02
  0.3613333     -1.4218665E-02
  0.3616667     -1.3883252E-02
  0.3620000     -1.3548134E-02
  0.3623333     -1.3213476E-02
  0.3626667     -1.2879435E-02
  0.3630000     -1.2546170E-02
  0.3633333     -1.2213832E-02
  0.3636667     -1.1882572E-02
  0.3640000     -1.1552540E-02
  0.3643333     -1.1223878E-02
  0.3646667     -1.0896727E-02
  0.3650000     -1.0571226E-02
  0.3653333     -1.0247509E-02
  0.3656667     -9.9257072E-03
  0.3660000     -9.6059479E-03
  0.3663333     -9.2883557E-03
  0.3666667     -8.9730509E-03
  0.3670000     -8.6601507E-03
  0.3673333     -8.3497697E-03
  0.3676667     -8.0420170E-03
  0.3680000     -7.7369986E-03
  0.3683333     -7.4348180E-03
  0.3686667     -7.1355733E-03
  0.3690000     -6.8393652E-03
  0.3693333     -6.5462808E-03
  0.3696667     -6.2564062E-03
  0.3700000     -5.9698285E-03
  0.3703333     -5.6866286E-03
  0.3706667     -5.4068877E-03
  0.3710000     -5.1306691E-03
  0.3713333     -4.8580491E-03
  0.3716667     -4.5890934E-03
  0.3720000     -4.3238644E-03
  0.3723333     -4.0624216E-03
  0.3726667     -3.8048199E-03
  0.3730000     -3.5511116E-03
  0.3733333     -3.3013446E-03
  0.3736667     -3.0555641E-03
  0.3740000     -2.8138119E-03
  0.3743333     -2.5761256E-03
  0.3746667     -2.3425401E-03
  0.3750000     -2.1130871E-03
  0.3753333     -1.8877942E-03
  0.3756667     -1.6666867E-03
  0.3760000     -1.4497861E-03
  0.3763333     -1.2371113E-03
  0.3766667     -1.0286764E-03
  0.3770000     -8.2449615E-04
  0.3773333     -6.2457897E-04
  0.3776667     -4.2893144E-04
  0.3780000     -2.3755728E-04
  0.3783333     -5.0457416E-05
  0.3786667      1.3236995E-04
  0.3790000      3.1092932E-04
  0.3793333      4.8522779E-04
  0.3796667      6.5527437E-04
  0.3800000      8.2108250E-04
  0.3803333      9.8266616E-04
  0.3806667      1.1400421E-03
  0.3810000      1.2932296E-03
  0.3813333      1.4422501E-03
  0.3816667      1.5871272E-03
  0.3820000      1.7278865E-03
  0.3823333      1.8645556E-03
  0.3826667      1.9971645E-03
  0.3830000      2.1257440E-03
  0.3833333      2.2503280E-03
  0.3836667      2.3709512E-03
  0.3840000      2.4876506E-03
  0.3843333      2.6004643E-03
  0.3846667      2.7094320E-03
  0.3850000      2.8145956E-03
  0.3853333      2.9159971E-03
  0.3856667      3.0136809E-03
  0.3860000      3.1076923E-03
  0.3863333      3.1980777E-03
  0.3866667      3.2848848E-03
  0.3870000      3.3681623E-03
  0.3873333      3.4479597E-03
  0.3876667      3.5243277E-03
  0.3880000      3.5973180E-03
  0.3883333      3.6669825E-03
  0.3886667      3.7333744E-03
  0.3890000      3.7965477E-03
  0.3893333      3.8565565E-03
  0.3896667      3.9134556E-03
  0.3900000      3.9673010E-03
  0.3903333      4.0181479E-03
  0.3906667      4.0660528E-03
  0.3910000      4.1110730E-03
  0.3913333      4.1532642E-03
  0.3916667      4.1926848E-03
  0.3920000      4.2293915E-03
  0.3923333      4.2634420E-03
  0.3926667      4.2948937E-03
  0.3930000      4.3238043E-03
  0.3933333      4.3502315E-03
  0.3936667      4.3742331E-03
  0.3940000      4.3958663E-03
  0.3943333      4.4151889E-03
  0.3946667      4.4322573E-03
  0.3950000      4.4471291E-03
  0.3953333      4.4598612E-03
  0.3956667      4.4705095E-03
  0.3960000      4.4791303E-03
  0.3963333      4.4857799E-03
  0.3966667      4.4905129E-03
  0.3970000      4.4933897E-03
  0.3973333      4.4944552E-03
  0.3976667      4.4937683E-03
  0.3980000      4.4913827E-03
  0.3983333      4.4873506E-03
  0.3986667      4.4817249E-03
  0.3990000      4.4745579E-03
  0.3993333      4.4659004E-03
  0.3996667      4.4558030E-03
  0.4000000      4.4443156E-03
  0.4003333      4.4314880E-03
  0.4006667      4.4173687E-03
  0.4010000      4.4020051E-03
  0.4013333      4.3854457E-03
  0.4016667      4.3677357E-03
  0.4020000      4.3489221E-03
  0.4023333      4.3290486E-03
  0.4026667      4.3081609E-03
  0.4030000      4.2863013E-03
  0.4033333      4.2635133E-03
  0.4036667      4.2398386E-03
  0.4040000      4.2153182E-03
  0.4043333      4.1899928E-03
  0.4046667      4.1639013E-03
  0.4050000      4.1370830E-03
  0.4053333      4.1095754E-03
  0.4056667      4.0814164E-03
  0.4060000      4.0526409E-03
  0.4063333      4.0232856E-03
  0.4066667      3.9933845E-03
  0.4070000      3.9629713E-03
  0.4073333      3.9320798E-03
  0.4076667      3.9007410E-03
  0.4080000      3.8689873E-03
  0.4083333      3.8368485E-03
  0.4086667      3.8043549E-03
  0.4090000      3.7715354E-03
  0.4093333      3.7384178E-03
  0.4096667      3.7050296E-03
  0.4100000      3.6713977E-03
  0.4103333      3.6375474E-03
  0.4106667      3.6035040E-03
  0.4110000      3.5692919E-03
  0.4113333      3.5349345E-03
  0.4116667      3.5004544E-03
  0.4120000      3.4658739E-03
  0.4123333      3.4312143E-03
  0.4126667      3.3964959E-03
  0.4130000      3.3617390E-03
  0.4133333      3.3269627E-03
  0.4136667      3.2921853E-03
  0.4140000      3.2574246E-03
  0.4143333      3.2226979E-03
  0.4146667      3.1880219E-03
  0.4150000      3.1534121E-03
  0.4153333      3.1188841E-03
  0.4156667      3.0844521E-03
  0.4160000      3.0501306E-03
  0.4163333      3.0159326E-03
  0.4166667      2.9818711E-03
  0.4170000      2.9479582E-03
  0.4173333      2.9142059E-03
  0.4176667      2.8806252E-03
  0.4180000      2.8472266E-03
  0.4183333      2.8140200E-03
  0.4186667      2.7810156E-03
  0.4190000      2.7482221E-03
  0.4193333      2.7156479E-03
  0.4196667      2.6833015E-03
  0.4200000      2.6511904E-03
  0.4203333      2.6193217E-03
  0.4206667      2.5877021E-03
  0.4210000      2.5563382E-03
  0.4213333      2.5252360E-03
  0.4216667      2.4944006E-03
  0.4220000      2.4638374E-03
  0.4223333      2.4335510E-03
  0.4226667      2.4035461E-03
  0.4230000      2.3738265E-03
  0.4233333      2.3443957E-03
  0.4236667      2.3152572E-03
  0.4240000      2.2864142E-03
  0.4243333      2.2578691E-03
  0.4246667      2.2296247E-03
  0.4250000      2.2016827E-03
  0.4253333      2.1740450E-03
  0.4256667      2.1467134E-03
  0.4260000      2.1196890E-03
  0.4263333      2.0929731E-03
  0.4266667      2.0665661E-03
  0.4270000      2.0404689E-03
  0.4273333      2.0146817E-03
  0.4276667      1.9892047E-03
  0.4280000      1.9640378E-03
  0.4283333      1.9391807E-03
  0.4286667      1.9146331E-03
  0.4290000      1.8903941E-03
  0.4293333      1.8664632E-03
  0.4296667      1.8428393E-03
  0.4300000      1.8195212E-03
  0.4303333      1.7965077E-03
  0.4306667      1.7737974E-03
  0.4310000      1.7513888E-03
  0.4313333      1.7292801E-03
  0.4316667      1.7074696E-03
  0.4320000      1.6859553E-03
  0.4323333      1.6647354E-03
  0.4326667      1.6438075E-03
  0.4330000      1.6231696E-03
  0.4333333      1.6028194E-03
  0.4336667      1.5827544E-03
  0.4340000      1.5629722E-03
  0.4343333      1.5434703E-03
  0.4346667      1.5242462E-03
  0.4350000      1.5052970E-03
  0.4353333      1.4866202E-03
  0.4356667      1.4682128E-03
  0.4360000      1.4500723E-03
  0.4363333      1.4321955E-03
  0.4366667      1.4145799E-03
  0.4370000      1.3972223E-03
  0.4373333      1.3801197E-03
  0.4376667      1.3632693E-03
  0.4380000      1.3466679E-03
  0.4383333      1.3303126E-03
  0.4386667      1.3142002E-03
  0.4390000      1.2983278E-03
  0.4393333      1.2826923E-03
  0.4396667      1.2672906E-03
  0.4400000      1.2521194E-03
  0.4403333      1.2371760E-03
  0.4406667      1.2224569E-03
  0.4410000      1.2079594E-03
  0.4413333      1.1936800E-03
  0.4416667      1.1796160E-03
  0.4420000      1.1657641E-03
  0.4423333      1.1521212E-03
  0.4426667      1.1386845E-03
  0.4430000      1.1254507E-03
  0.4433333      1.1124170E-03
  0.4436667      1.0995803E-03
  0.4440000      1.0869375E-03
  0.4443333      1.0744858E-03
  0.4446667      1.0622223E-03
  0.4450000      1.0501440E-03
  0.4453333      1.0382478E-03
  0.4456667      1.0265312E-03
  0.4460000      1.0149912E-03
  0.4463333      1.0036250E-03
  0.4466667      9.9242968E-04
  0.4470000      9.8140270E-04
  0.4473333      9.7054121E-04
  0.4476667      9.5984252E-04
  0.4480000      9.4930397E-04
  0.4483333      9.3892292E-04
  0.4486667      9.2869677E-04
  0.4490000      9.1862300E-04
  0.4493333      9.0869894E-04
  0.4496667      8.9892221E-04
  0.4500000      8.8929024E-04
  0.4503333      8.7980070E-04
  0.4506667      8.7045104E-04
  0.4510000      8.6123898E-04
  0.4513333      8.5216219E-04
  0.4516667      8.4321829E-04
  0.4520000      8.3440507E-04
  0.4523333      8.2572032E-04
  0.4526667      8.1716169E-04
  0.4530000      8.0872711E-04
  0.4533333      8.0041448E-04
  0.4536667      7.9222163E-04
  0.4540000      7.8414648E-04
  0.4543333      7.7618705E-04
  0.4546667      7.6834130E-04
  0.4550000      7.6060725E-04
  0.4553333      7.5298297E-04
  0.4556667      7.4546656E-04
  0.4560000      7.3805609E-04
  0.4563333      7.3074980E-04
  0.4566667      7.2354591E-04
  0.4570000      7.1644248E-04
  0.4573333      7.0943788E-04
  0.4576667      7.0253038E-04
  0.4580000      6.9571834E-04
  0.4583333      6.8899995E-04
  0.4586667      6.8237371E-04
  0.4590000      6.7583803E-04
  0.4593333      6.6939124E-04
  0.4596667      6.6303188E-04
  0.4600000      6.5675844E-04
  0.4603333      6.5056939E-04
  0.4606667      6.4446329E-04
  0.4610000      6.3843874E-04
  0.4613333      6.3249428E-04
  0.4616667      6.2662858E-04
  0.4620000      6.2084029E-04
  0.4623333      6.1512808E-04
  0.4626667      6.0949061E-04
  0.4630000      6.0392660E-04
  0.4633333      5.9843488E-04
  0.4636667      5.9301418E-04
  0.4640000      5.8766332E-04
  0.4643333      5.8238104E-04
  0.4646667      5.7716621E-04
  0.4650000      5.7201780E-04
  0.4653333      5.6693453E-04
  0.4656667      5.6191545E-04
  0.4660000      5.5695942E-04
  0.4663333      5.5206538E-04
  0.4666667      5.4723234E-04
  0.4670000      5.4245931E-04
  0.4673333      5.3774519E-04
  0.4676667      5.3308916E-04
  0.4680000      5.2849011E-04
  0.4683333      5.2394724E-04
  0.4686667      5.1945960E-04
  0.4690000      5.1502621E-04
  0.4693333      5.1064632E-04
  0.4696667      5.0631899E-04
  0.4700000      5.0204335E-04
  0.4703333      4.9781863E-04
  0.4706667      4.9364404E-04
  0.4710000      4.8951869E-04
  0.4713333      4.8544185E-04
  0.4716667      4.8141275E-04
  0.4720000      4.7743064E-04
  0.4723333      4.7349479E-04
  0.4726667      4.6960448E-04
  0.4730000      4.6575899E-04
  0.4733333      4.6195762E-04
  0.4736667      4.5819968E-04
  0.4740000      4.5448451E-04
  0.4743333      4.5081149E-04
  0.4746667      4.4717995E-04
  0.4750000      4.4358923E-04
  0.4753333      4.4003874E-04
  0.4756667      4.3652789E-04
  0.4760000      4.3305606E-04
  0.4763333      4.2958595E-04
  0.4766667      4.2614125E-04
  0.4770000      4.2275700E-04
  0.4773333      4.1941743E-04
  0.4776667      4.1611862E-04
  0.4780000      4.1285859E-04
  0.4783333      4.0963601E-04
  0.4786667      4.0644981E-04
  0.4790000      4.0329914E-04
  0.4793333      4.0018329E-04
  0.4796667      3.9710151E-04
  0.4800000      3.9405318E-04
  0.4803333      3.9103776E-04
  0.4806667      3.8805464E-04
  0.4810000      3.8510331E-04
  0.4813333      3.8218329E-04
  0.4816667      3.7929401E-04
  0.4820000      3.7643508E-04
  0.4823333      3.7360599E-04
  0.4826667      3.7080629E-04
  0.4830000      3.6803557E-04
  0.4833333      3.6529338E-04
  0.4836667      3.6257936E-04
  0.4840000      3.5989305E-04
  0.4843333      3.5723406E-04
  0.4846667      3.5460203E-04
  0.4850000      3.5199660E-04
  0.4853333      3.4941736E-04
  0.4856667      3.4686396E-04
  0.4860000      3.4433609E-04
  0.4863333      3.4183334E-04
  0.4866667      3.3935541E-04
  0.4870000      3.3690195E-04
  0.4873333      3.3447266E-04
  0.4876667      3.3206720E-04
  0.4880000      3.2968525E-04
  0.4883333      3.2732650E-04
  0.4886667      3.2499066E-04
  0.4890000      3.2267746E-04
  0.4893333      3.2038655E-04
  0.4896667      3.1811767E-04
  0.4900000      3.1587057E-04
  0.4903333      3.1364494E-04
  0.4906667      3.1144050E-04
  0.4910000      3.0925698E-04
  0.4913333      3.0709413E-04
  0.4916667      3.0495171E-04
  0.4920000      3.0282946E-04
  0.4923333      3.0072712E-04
  0.4926667      2.9864442E-04
  0.4930000      2.9658116E-04
  0.4933333      2.9453708E-04
  0.4936667      2.9251195E-04
  0.4940000      2.9050553E-04
  0.4943333      2.8851759E-04
  0.4946667      2.8654796E-04
  0.4950000      2.8459635E-04
  0.4953333      2.8266257E-04
  0.4956667      2.8074643E-04
  0.4960000      2.7884770E-04
  0.4963333      2.7696617E-04
  0.4966667      2.7510163E-04
  0.4970000      2.7325391E-04
  0.4973333      2.7142279E-04
  0.4976667      2.6960808E-04
  0.4980000      2.6780958E-04
  0.4983333      2.6602711E-04
  0.4986667      2.6426051E-04
  0.4990000      2.6250954E-04
  0.4993333      2.6077408E-04
  0.4996667      2.5905392E-04
  0.5000000      2.5734890E-04
  0.5003333      2.5565882E-04
  0.5006667      2.5398354E-04
  0.5010000      2.5232288E-04
  0.5013334      2.5067668E-04
  0.5016667      2.4904480E-04
  0.5020000      2.4742703E-04
  0.5023333      2.4582323E-04
  0.5026667      2.4423326E-04
  0.5030000      2.4265696E-04
  0.5033333      2.4109417E-04
  0.5036666      2.3954475E-04
  0.5040000      2.3800855E-04
  0.5043333      2.3648543E-04
  0.5046667      2.3497523E-04
  0.5050000      2.3347784E-04
  0.5053333      2.3199309E-04
  0.5056667      2.3052086E-04
  0.5060000      2.2906100E-04
  0.5063334      2.2761340E-04
  0.5066667      2.2617790E-04
  0.5070000      2.2475440E-04
  0.5073333      2.2334275E-04
  0.5076666      2.2194283E-04
  0.5080000      2.2055450E-04
  0.5083333      2.1917767E-04
  0.5086667      2.1781219E-04
  0.5090000      2.1645796E-04
  0.5093333      2.1511485E-04
  0.5096667      2.1378275E-04
  0.5100000      2.1246153E-04
  0.5103334      2.1115110E-04
  0.5106667      2.0985132E-04
  0.5110000      2.0856211E-04
  0.5113333      2.0728333E-04
  0.5116667      2.0601488E-04
  0.5120000      2.0475668E-04
  0.5123333      2.0350859E-04
  0.5126666      2.0227054E-04
  0.5130000      2.0104239E-04
  0.5133333      1.9982408E-04
  0.5136667      1.9861547E-04
  0.5140000      1.9741648E-04
  0.5143333      1.9622702E-04
  0.5146667      1.9504697E-04
  0.5150000      1.9387626E-04
  0.5153334      1.9271480E-04
  0.5156667      1.9156246E-04
  0.5160000      1.9041919E-04
  0.5163333      1.8928488E-04
  0.5166667      1.8815944E-04
  0.5170000      1.8704278E-04
  0.5173333      1.8593483E-04
  0.5176666      1.8483549E-04
  0.5180000      1.8374468E-04
  0.5183333      1.8266230E-04
  0.5186667      1.8158830E-04
  0.5190000      1.8052258E-04
  0.5193334      1.7946505E-04
  0.5196667      1.7841563E-04
  0.5200000      1.7737426E-04
  0.5203333      1.7634085E-04
  0.5206667      1.7531532E-04
  0.5210000      1.7429760E-04
  0.5213333      1.7328761E-04
  0.5216666      1.7228529E-04
  0.5220000      1.7129055E-04
  0.5223333      1.7030333E-04
  0.5226667      1.6932354E-04
  0.5230000      1.6835114E-04
  0.5233333      1.6738601E-04
  0.5236667      1.6642813E-04
  0.5240000      1.6547741E-04
  0.5243334      1.6453379E-04
  0.5246667      1.6359720E-04
  0.5250000      1.6266757E-04
  0.5253333      1.6174483E-04
  0.5256667      1.6082893E-04
  0.5260000      1.5991980E-04
  0.5263333      1.5901738E-04
  0.5266666      1.5812159E-04
  0.5270000      1.5723240E-04
  0.5273333      1.5634971E-04
  0.5276667      1.5547349E-04
  0.5280000      1.5460368E-04
  0.5283333      1.5374020E-04
  0.5286667      1.5288302E-04
  0.5290000      1.5203205E-04
  0.5293334      1.5118725E-04
  0.5296667      1.5034858E-04
  0.5300000      1.4951595E-04
  0.5303333      1.4868935E-04
  0.5306666      1.4786868E-04
  0.5310000      1.4705390E-04
  0.5313333      1.4624496E-04
  0.5316667      1.4544182E-04
  0.5320000      1.4464441E-04
  0.5323333      1.4385270E-04
  0.5326667      1.4306660E-04
  0.5330000      1.4228611E-04
  0.5333334      1.4151113E-04
  0.5336667      1.4074166E-04
  0.5340000      1.3997761E-04
  0.5343333      1.3921896E-04
  0.5346667      1.3846564E-04
  0.5350000      1.3771761E-04
  0.5353333      1.3697484E-04
  0.5356666      1.3623726E-04
  0.5360000      1.3550484E-04
  0.5363333      1.3477754E-04
  0.5366667      1.3405528E-04
  0.5370000      1.3333806E-04
  0.5373333      1.3262582E-04
  0.5376667      1.3191851E-04
  0.5380000      1.3121609E-04
  0.5383334      1.3051851E-04
  0.5386667      1.2982576E-04
  0.5390000      1.2913776E-04
  0.5393333      1.2845449E-04
  0.5396667      1.2777590E-04
  0.5400000      1.2710196E-04
  0.5403333      1.2643261E-04
  0.5406666      1.2576784E-04
  0.5410000      1.2510759E-04
  0.5413333      1.2445182E-04
  0.5416667      1.2380051E-04
  0.5420000      1.2315362E-04
  0.5423333      1.2251109E-04
  0.5426667      1.2187289E-04
  0.5430000      1.2123901E-04
  0.5433334      1.2060938E-04
  0.5436667      1.1998398E-04
  0.5440000      1.1936278E-04
  0.5443333      1.1874574E-04
  0.5446666      1.1813282E-04
  0.5450000      1.1752399E-04
  0.5453333      1.1691921E-04
  0.5456667      1.1631846E-04
  0.5460000      1.1572169E-04
  0.5463333      1.1512888E-04
  0.5466667      1.1453999E-04
  0.5470000      1.1395499E-04
  0.5473334      1.1337386E-04
  0.5476667      1.1279654E-04
  0.5480000      1.1222302E-04
  0.5483333      1.1165326E-04
  0.5486667      1.1108724E-04
  0.5490000      1.1052492E-04
  0.5493333      1.0996627E-04
  0.5496666      1.0941126E-04
  0.5500000      1.0885987E-04
  0.5503333      1.0831206E-04
  0.5506667      1.0776780E-04
  0.5510000      1.0722708E-04
  0.5513333      1.0668984E-04
  0.5516667      1.0615608E-04
  0.5520000      1.0562576E-04
  0.5523334      1.0509885E-04
  0.5526667      1.0457533E-04
  0.5530000      1.0405517E-04
  0.5533333      1.0353834E-04
  0.5536667      1.0302482E-04
  0.5540000      1.0251458E-04
  0.5543333      1.0200759E-04
  0.5546666      1.0150383E-04
  0.5550000      1.0100326E-04
  0.5553333      1.0050589E-04
  0.5556667      1.0001165E-04
  0.5560000      9.9520556E-05
  0.5563334      9.9032557E-05
  0.5566667      9.8547636E-05
  0.5570000      9.8065764E-05
  0.5573334      9.7586926E-05
  0.5576667      9.7111100E-05
  0.5580000      9.6638250E-05
  0.5583333      9.6168362E-05
  0.5586666      9.5701413E-05
  0.5590000      9.5237381E-05
  0.5593333      9.4776231E-05
  0.5596667      9.4317962E-05
  0.5600000      9.3862531E-05
  0.5603333      9.3409930E-05
  0.5606667      9.2960130E-05
  0.5610000      9.2513110E-05
  0.5613334      9.2068854E-05
  0.5616667      9.1627335E-05
  0.5620000      9.1188536E-05
  0.5623333      9.0752437E-05
  0.5626667      9.0319016E-05
  0.5630000      8.9888250E-05
  0.5633333      8.9460118E-05
  0.5636666      8.9034605E-05
  0.5640000      8.8611683E-05
  0.5643333      8.8191344E-05
  0.5646667      8.7773566E-05
  0.5650000      8.7358319E-05
  0.5653333      8.6945598E-05
  0.5656667      8.6535372E-05
  0.5660000      8.6127628E-05
  0.5663334      8.5722349E-05
  0.5666667      8.5319516E-05
  0.5670000      8.4919106E-05
  0.5673333      8.4521103E-05
  0.5676666      8.4125495E-05
  0.5680000      8.3732259E-05
  0.5683333      8.3341380E-05
  0.5686666      8.2952836E-05
  0.5690000      8.2566607E-05
  0.5693333      8.2182691E-05
  0.5696667      8.1801052E-05
  0.5700000      8.1421691E-05
  0.5703334      8.1044578E-05
  0.5706667      8.0669699E-05
  0.5710000      8.0297039E-05
  0.5713333      7.9926591E-05
  0.5716667      7.9558318E-05
  0.5720000      7.9192228E-05
  0.5723333      7.8828285E-05
  0.5726666      7.8466488E-05
  0.5730000      7.8106816E-05
  0.5733333      7.7749246E-05
  0.5736667      7.7393772E-05
  0.5740000      7.7040379E-05
  0.5743333      7.6689052E-05
  0.5746667      7.6339769E-05
  0.5750000      7.5992517E-05
  0.5753334      7.5647287E-05
  0.5756667      7.5304066E-05
  0.5760000      7.4962831E-05
  0.5763333      7.4623575E-05
  0.5766667      7.4286276E-05
  0.5770000      7.3950927E-05
  0.5773333      7.3617513E-05
  0.5776666      7.3286021E-05
  0.5780000      7.2956434E-05
  0.5783333      7.2628740E-05
  0.5786667      7.2302930E-05
  0.5790000      7.1978982E-05
  0.5793333      7.1656883E-05
  0.5796667      7.1336632E-05
  0.5800000      7.1018207E-05
  0.5803334      7.0701593E-05
  0.5806667      7.0386785E-05
  0.5810000      7.0073758E-05
  0.5813333      6.9762515E-05
  0.5816666      6.9453032E-05
  0.5820000      6.9145302E-05
  0.5823333      6.8839312E-05
  0.5826667      6.8535053E-05
  0.5830000      6.8232504E-05
  0.5833333      6.7931658E-05
  0.5836667      6.7632507E-05
  0.5840000      6.7335037E-05
  0.5843334      6.7039226E-05
  0.5846667      6.6745080E-05
  0.5850000      6.6452580E-05
  0.5853333      6.6161709E-05
  0.5856667      6.5872468E-05
  0.5860000      6.5584834E-05
  0.5863333      6.5298795E-05
  0.5866666      6.5014356E-05
  0.5870000      6.4731488E-05
  0.5873333      6.4450192E-05
  0.5876667      6.4170454E-05
  0.5880000      6.3892257E-05
  0.5883333      6.3615596E-05
  0.5886667      6.3340471E-05
  0.5890000      6.3066851E-05
  0.5893334      6.2794737E-05
  0.5896667      6.2524123E-05
  0.5900000      6.2254992E-05
  0.5903333      6.1987332E-05
  0.5906667      6.1721141E-05
  0.5910000      6.1456405E-05
  0.5913333      6.1193110E-05
  0.5916666      6.0931256E-05
  0.5920000      6.0670824E-05
  0.5923333      6.0411807E-05
  0.5926667      6.0154201E-05
  0.5930000      5.9897990E-05
  0.5933333      5.9643167E-05
  0.5936667      5.9389724E-05
  0.5940000      5.9137648E-05
  0.5943334      5.8886937E-05
  0.5946667      5.8637575E-05
  0.5950000      5.8389556E-05
  0.5953333      5.8142869E-05
  0.5956666      5.7897509E-05
  0.5960000      5.7653462E-05
  0.5963333      5.7410725E-05
  0.5966667      5.7169287E-05
  0.5970000      5.6929141E-05
  0.5973333      5.6690275E-05
  0.5976667      5.6452682E-05
  0.5980000      5.6216355E-05
  0.5983334      5.5981287E-05
  0.5986667      5.5747463E-05
  0.5990000      5.5514884E-05
  0.5993333      5.5283534E-05
  0.5996667      5.5053410E-05
  0.6000000      5.4824501E-05
  0.6003333      5.4596803E-05
  0.6006666      5.4370303E-05
  0.6010000      5.4144999E-05
  0.6013333      5.3920878E-05
  0.6016667      5.3697935E-05
  0.6020000      5.3476164E-05
  0.6023333      5.3255553E-05
  0.6026667      5.3036099E-05
  0.6030000      5.2817792E-05
  0.6033334      5.2600626E-05
  0.6036667      5.2384592E-05
  0.6040000      5.2169682E-05
  0.6043333      5.1955893E-05
  0.6046667      5.1743213E-05
  0.6050000      5.1531639E-05
  0.6053333      5.1321163E-05
  0.6056666      5.1111776E-05
  0.6060000      5.0903473E-05
  0.6063333      5.0696246E-05
  0.6066667      5.0490089E-05
  0.6070000      5.0284994E-05
  0.6073334      5.0080955E-05
  0.6076667      4.9877966E-05
  0.6080000      4.9676022E-05
  0.6083333      4.9475111E-05
  0.6086667      4.9275233E-05
  0.6090000      4.9076374E-05
  0.6093333      4.8878537E-05
  0.6096666      4.8681708E-05
  0.6100000      4.8485883E-05
  0.6103333      4.8291058E-05
  0.6106667      4.8097223E-05
  0.6110000      4.7904374E-05
  0.6113333      4.7712503E-05
  0.6116667      4.7521607E-05
  0.6120000      4.7331676E-05
  0.6123334      4.7142708E-05
  0.6126667      4.6954698E-05
  0.6130000      4.6767633E-05
  0.6133333      4.6581514E-05
  0.6136667      4.6396333E-05
  0.6140000      4.6212081E-05
  0.6143333      4.6028759E-05
  0.6146666      4.5846355E-05
  0.6150000      4.5664867E-05
  0.6153333      4.5484288E-05
  0.6156667      4.5304612E-05
  0.6160000      4.5125835E-05
  0.6163333      4.4947948E-05
  0.6166667      4.4770954E-05
  0.6170000      4.4594835E-05
  0.6173334      4.4419598E-05
  0.6176667      4.4245229E-05
  0.6180000      4.4071727E-05
  0.6183333      4.3899083E-05
  0.6186666      4.3727297E-05
  0.6190000      4.3556360E-05
  0.6193333      4.3386270E-05
  0.6196667      4.3217016E-05
  0.6200000      4.3048600E-05
  0.6203333      4.2881013E-05
  0.6206667      4.2714251E-05
  0.6210000      4.2548309E-05
  0.6213334      4.2383181E-05
  0.6216667      4.2218860E-05
  0.6220000      4.2055348E-05
  0.6223333      4.1892636E-05
  0.6226667      4.1730720E-05
  0.6230000      4.1569594E-05
  0.6233333      4.1409254E-05
  0.6236666      4.1249692E-05
  0.6240000      4.1090912E-05
  0.6243333      4.0932900E-05
  0.6246667      4.0775660E-05
  0.6250000      4.0619179E-05
  0.6253333      4.0463459E-05
  0.6256667      4.0308492E-05
  0.6260000      4.0154275E-05
  0.6263334      4.0000799E-05
  0.6266667      3.9848070E-05
  0.6270000      3.9696071E-05
  0.6273333      3.9544808E-05
  0.6276667      3.9394272E-05
  0.6280000      3.9244460E-05
  0.6283333      3.9095365E-05
  0.6286666      3.8946986E-05
  0.6290000      3.8799320E-05
  0.6293333      3.8652357E-05
  0.6296667      3.8506099E-05
  0.6300000      3.8360540E-05
  0.6303333      3.8215672E-05
  0.6306667      3.8071496E-05
  0.6310000      3.7928006E-05
  0.6313334      3.7785197E-05
  0.6316667      3.7643069E-05
  0.6320000      3.7501613E-05
  0.6323333      3.7360831E-05
  0.6326666      3.7220714E-05
  0.6330000      3.7081260E-05
  0.6333333      3.6942463E-05
  0.6336667      3.6804322E-05
  0.6340000      3.6666832E-05
  0.6343333      3.6529989E-05
  0.6346667      3.6393791E-05
  0.6350000      3.6258232E-05
  0.6353334      3.6123311E-05
  0.6356667      3.5989022E-05
  0.6360000      3.5855363E-05
  0.6363333      3.5722329E-05
  0.6366667      3.5589917E-05
  0.6370000      3.5458124E-05
  0.6373333      3.5326946E-05
  0.6376666      3.5196379E-05
  0.6380000      3.5066420E-05
  0.6383333      3.4937068E-05
  0.6386667      3.4808312E-05
  0.6390000      3.4680157E-05
  0.6393333      3.4552599E-05
  0.6396667      3.4425626E-05
  0.6400000      3.4299246E-05
  0.6403334      3.4173449E-05
  0.6406667      3.4048229E-05
  0.6410000      3.3923592E-05
  0.6413333      3.3799526E-05
  0.6416667      3.3676035E-05
  0.6420000      3.3553111E-05
  0.6423333      3.3430752E-05
  0.6426666      3.3308952E-05
  0.6430000      3.3187713E-05
  0.6433333      3.3067030E-05
  0.6436667      3.2946897E-05
  0.6440000      3.2827313E-05
  0.6443334      3.2708278E-05
  0.6446667      3.2589785E-05
  0.6450000      3.2471835E-05
  0.6453333      3.2354419E-05
  0.6456667      3.2237538E-05
  0.6460000      3.2121188E-05
  0.6463333      3.2005366E-05
  0.6466666      3.1890071E-05
  0.6470000      3.1775297E-05
  0.6473333      3.1661042E-05
  0.6476667      3.1547304E-05
  0.6480000      3.1434083E-05
  0.6483333      3.1321371E-05
  0.6486667      3.1209165E-05
  0.6490000      3.1097468E-05
  0.6493334      3.0986273E-05
  0.6496667      3.0875577E-05
  0.6500000      3.0765379E-05
  0.6503333      3.0655676E-05
  0.6506667      3.0546464E-05
  0.6510000      3.0437739E-05
  0.6513333      3.0329504E-05
  0.6516666      3.0221750E-05
  0.6520000      3.0114479E-05
  0.6523333      3.0007686E-05
  0.6526667      2.9901370E-05
  0.6530000      2.9795527E-05
  0.6533333      2.9690154E-05
  0.6536667      2.9585250E-05
  0.6540000      2.9480812E-05
  0.6543334      2.9376837E-05
  0.6546667      2.9273322E-05
  0.6550000      2.9170267E-05
  0.6553333      2.9067665E-05
  0.6556666      2.8965520E-05
  0.6560000      2.8863824E-05
  0.6563333      2.8762575E-05
  0.6566667      2.8661774E-05
  0.6570000      2.8561417E-05
  0.6573333      2.8461500E-05
  0.6576667      2.8362023E-05
  0.6580000      2.8262983E-05
  0.6583334      2.8164375E-05
  0.6586667      2.8066201E-05
  0.6590000      2.7968455E-05
  0.6593333      2.7871138E-05
  0.6596667      2.7774246E-05
  0.6600000      2.7677777E-05
  0.6603333      2.7581727E-05
  0.6606666      2.7486098E-05
  0.6610000      2.7390883E-05
  0.6613333      2.7296084E-05
  0.6616667      2.7201695E-05
  0.6620000      2.7107717E-05
  0.6623333      2.7014145E-05
  0.6626667      2.6920980E-05
  0.6630000      2.6828217E-05
  0.6633334      2.6735854E-05
  0.6636667      2.6643891E-05
  0.6640000      2.6552325E-05
  0.6643333      2.6461155E-05
  0.6646667      2.6370377E-05
  0.6650000      2.6279989E-05
  0.6653333      2.6189990E-05
  0.6656666      2.6100377E-05
  0.6660000      2.6011150E-05
  0.6663333      2.5922303E-05
  0.6666667      2.5833839E-05
  0.6670000      2.5745754E-05
  0.6673333      2.5658044E-05
  0.6676667      2.5570709E-05
  0.6680000      2.5483747E-05
  0.6683334      2.5397156E-05
  0.6686667      2.5310934E-05
  0.6690000      2.5225079E-05
  0.6693333      2.5139589E-05
  0.6696666      2.5054462E-05
  0.6700000      2.4969695E-05
  0.6703333      2.4885290E-05
  0.6706667      2.4801240E-05
  0.6710000      2.4717549E-05
  0.6713333      2.4634210E-05
  0.6716667      2.4551222E-05
  0.6720000      2.4468587E-05
  0.6723334      2.4386298E-05
  0.6726667      2.4304358E-05
  0.6730000      2.4222762E-05
  0.6733333      2.4141509E-05
  0.6736667      2.4060597E-05
  0.6740000      2.3980027E-05
  0.6743333      2.3899793E-05
  0.6746666      2.3819895E-05
  0.6750000      2.3740333E-05
  0.6753333      2.3661103E-05
  0.6756667      2.3582204E-05
  0.6760000      2.3503635E-05
  0.6763333      2.3425393E-05
  0.6766667      2.3347478E-05
  0.6770000      2.3269888E-05
  0.6773334      2.3192621E-05
  0.6776667      2.3115674E-05
  0.6780000      2.3039047E-05
  0.6783333      2.2962739E-05
  0.6786667      2.2886747E-05
  0.6790000      2.2811069E-05
  0.6793333      2.2735705E-05
  0.6796666      2.2660652E-05
  0.6800000      2.2585909E-05
  0.6803333      2.2511476E-05
  0.6806667      2.2437349E-05
  0.6810000      2.2363527E-05
  0.6813334      2.2290011E-05
  0.6816667      2.2216796E-05
  0.6820000      2.2143882E-05
  0.6823334      2.2071268E-05
  0.6826667      2.1998951E-05
  0.6830000      2.1926931E-05
  0.6833333      2.1855207E-05
  0.6836666      2.1783775E-05
  0.6840000      2.1712636E-05
  0.6843333      2.1641787E-05
  0.6846667      2.1571228E-05
  0.6850000      2.1500955E-05
  0.6853333      2.1430969E-05
  0.6856667      2.1361269E-05
  0.6860000      2.1291853E-05
  0.6863334      2.1222719E-05
  0.6866667      2.1153865E-05
  0.6870000      2.1085290E-05
  0.6873333      2.1016993E-05
  0.6876667      2.0948974E-05
  0.6880000      2.0881229E-05
  0.6883333      2.0813757E-05
  0.6886666      2.0746558E-05
  0.6890000      2.0679632E-05
  0.6893333      2.0612975E-05
  0.6896667      2.0546586E-05
  0.6900000      2.0480466E-05
  0.6903333      2.0414611E-05
  0.6906667      2.0349020E-05
  0.6910000      2.0283693E-05
  0.6913334      2.0218627E-05
  0.6916667      2.0153824E-05
  0.6920000      2.0089279E-05
  0.6923333      2.0024992E-05
  0.6926666      1.9960964E-05
  0.6930000      1.9897190E-05
  0.6933333      1.9833671E-05
  0.6936666      1.9770407E-05
  0.6940000      1.9707393E-05
  0.6943333      1.9644631E-05
  0.6946667      1.9582119E-05
  0.6950000      1.9519855E-05
  0.6953334      1.9457839E-05
  0.6956667      1.9396068E-05
  0.6960000      1.9334542E-05
  0.6963333      1.9273260E-05
  0.6966667      1.9212221E-05
  0.6970000      1.9151423E-05
  0.6973333      1.9090867E-05
  0.6976666      1.9030547E-05
  0.6980000      1.8970468E-05
  0.6983333      1.8910625E-05
  0.6986667      1.8851017E-05
  0.6990000      1.8791643E-05
  0.6993333      1.8732504E-05
  0.6996667      1.8673596E-05
  0.7000000      1.8614921E-05
  0.7003334      1.8556475E-05
  0.7006667      1.8498258E-05
  0.7010000      1.8440269E-05
  0.7013333      1.8382509E-05
  0.7016667      1.8324972E-05
  0.7020000      1.8267661E-05
  0.7023333      1.8210574E-05
  0.7026666      1.8153709E-05
  0.7030000      1.8097066E-05
  0.7033333      1.8040644E-05
  0.7036667      1.7984441E-05
  0.7040000      1.7928456E-05
  0.7043333      1.7872690E-05
  0.7046667      1.7817139E-05
  0.7050000      1.7761804E-05
  0.7053334      1.7706683E-05
  0.7056667      1.7651775E-05
  0.7060000      1.7597080E-05
  0.7063333      1.7542598E-05
  0.7066666      1.7488324E-05
  0.7070000      1.7434260E-05
  0.7073333      1.7380406E-05
  0.7076667      1.7326758E-05
  0.7080000      1.7273318E-05
  0.7083333      1.7220082E-05
  0.7086667      1.7167051E-05
  0.7090000      1.7114224E-05
  0.7093334      1.7061600E-05
  0.7096667      1.7009177E-05
  0.7100000      1.6956956E-05
  0.7103333      1.6904934E-05
  0.7106667      1.6853111E-05
  0.7110000      1.6801487E-05
  0.7113333      1.6750060E-05
  0.7116666      1.6698828E-05
  0.7120000      1.6647793E-05
  0.7123333      1.6596952E-05
  0.7126667      1.6546304E-05
  0.7130000      1.6495849E-05
  0.7133333      1.6445585E-05
  0.7136667      1.6395514E-05
  0.7140000      1.6345630E-05
  0.7143334      1.6295937E-05
  0.7146667      1.6246433E-05
  0.7150000      1.6197115E-05
  0.7153333      1.6147984E-05
  0.7156667      1.6099038E-05
  0.7160000      1.6050279E-05
  0.7163333      1.6001703E-05
  0.7166666      1.5953308E-05
  0.7170000      1.5905098E-05
  0.7173333      1.5857069E-05
  0.7176667      1.5809221E-05
  0.7180000      1.5761552E-05
  0.7183333      1.5714062E-05
  0.7186667      1.5666752E-05
  0.7190000      1.5619618E-05
  0.7193334      1.5572661E-05
  0.7196667      1.5525879E-05
  0.7200000      1.5479272E-05
  0.7203333      1.5432841E-05
  0.7206666      1.5386582E-05
  0.7210000      1.5340496E-05
  0.7213333      1.5294583E-05
  0.7216667      1.5248840E-05
  0.7220000      1.5203267E-05
  0.7223333      1.5157864E-05
  0.7226667      1.5112631E-05
  0.7230000      1.5067565E-05
  0.7233334      1.5022666E-05
  0.7236667      1.4977934E-05
  0.7240000      1.4933368E-05
  0.7243333      1.4888968E-05
  0.7246667      1.4844731E-05
  0.7250000      1.4800657E-05
  0.7253333      1.4756747E-05
  0.7256666      1.4712999E-05
  0.7260000      1.4669413E-05
  0.7263333      1.4625987E-05
  0.7266667      1.4582722E-05
  0.7270000      1.4539615E-05
  0.7273333      1.4496667E-05
  0.7276667      1.4453877E-05
  0.7280000      1.4411245E-05
  0.7283334      1.4368768E-05
  0.7286667      1.4326448E-05
  0.7290000      1.4284283E-05
  0.7293333      1.4242271E-05
  0.7296667      1.4200415E-05
  0.7300000      1.4158710E-05
  0.7303333      1.4117159E-05
  0.7306666      1.4075758E-05
  0.7310000      1.4034509E-05
  0.7313333      1.3993411E-05
  0.7316667      1.3952462E-05
  0.7320000      1.3911662E-05
  0.7323334      1.3871011E-05
  0.7326667      1.3830508E-05
  0.7330000      1.3790151E-05
  0.7333333      1.3749941E-05
  0.7336667      1.3709877E-05
  0.7340000      1.3669957E-05
  0.7343333      1.3630183E-05
  0.7346666      1.3590553E-05
  0.7350000      1.3551065E-05
  0.7353333      1.3511721E-05
  0.7356667      1.3472519E-05
  0.7360000      1.3433458E-05
  0.7363333      1.3394538E-05
  0.7366667      1.3355758E-05
  0.7370000      1.3317117E-05
  0.7373334      1.3278615E-05
  0.7376667      1.3240253E-05
  0.7380000      1.3202028E-05
  0.7383333      1.3163940E-05
  0.7386667      1.3125989E-05
  0.7390000      1.3088173E-05
  0.7393333      1.3050493E-05
  0.7396666      1.3012947E-05
  0.7400000      1.2975537E-05
  0.7403333      1.2938260E-05
  0.7406667      1.2901116E-05
  0.7410000      1.2864104E-05
  0.7413333      1.2827225E-05
  0.7416667      1.2790477E-05
  0.7420000      1.2753859E-05
  0.7423334      1.2717373E-05
  0.7426667      1.2681015E-05
  0.7430000      1.2644787E-05
  0.7433333      1.2608687E-05
  0.7436666      1.2572716E-05
  0.7440000      1.2536872E-05
  0.7443333      1.2501155E-05
  0.7446667      1.2465564E-05
  0.7450000      1.2430100E-05
  0.7453333      1.2394760E-05
  0.7456667      1.2359546E-05
  0.7460000      1.2324455E-05
  0.7463334      1.2289489E-05
  0.7466667      1.2254645E-05
  0.7470000      1.2219925E-05
  0.7473333      1.2185326E-05
  0.7476667      1.2150850E-05
  0.7480000      1.2116495E-05
  0.7483333      1.2082260E-05
  0.7486666      1.2048145E-05
  0.7490000      1.2014149E-05
  0.7493333      1.1980273E-05
  0.7496667      1.1946517E-05
  0.7500000      1.1912877E-05
  0.7503333      1.1879356E-05
  0.7506667      1.1845951E-05
  0.7510000      1.1812664E-05
  0.7513334      1.1779492E-05
  0.7516667      1.1746435E-05
  0.7520000      1.1713494E-05
  0.7523333      1.1680669E-05
  0.7526667      1.1645615E-05
  0.7530000      1.1613000E-05
  0.7533333      1.1580499E-05
  0.7536666      1.1548110E-05
  0.7540000      1.1515832E-05
  0.7543333      1.1483666E-05
  0.7546667      1.1451611E-05
  0.7550000      1.1419666E-05
  0.7553333      1.1387831E-05
  0.7556667      1.1356105E-05
  0.7560000      1.1324490E-05
  0.7563334      1.1292981E-05
  0.7566667      1.1261582E-05
  0.7570000      1.1230290E-05
  0.7573333      1.1199104E-05
  0.7576666      1.1168026E-05
  0.7580000      1.1137053E-05
  0.7583333      1.1106185E-05
  0.7586667      1.1075424E-05
  0.7590000      1.1044767E-05
  0.7593333      1.1014214E-05
  0.7596667      1.0983765E-05
  0.7600000      1.0953419E-05
  0.7603334      1.0923177E-05
  0.7606667      1.0893036E-05
  0.7610000      1.0862997E-05
  0.7613333      1.0833060E-05
  0.7616667      1.0803224E-05
  0.7620000      1.0773488E-05
  0.7623333      1.0743852E-05
  0.7626666      1.0714315E-05
  0.7630000      1.0684877E-05
  0.7633333      1.0655539E-05
  0.7636667      1.0626298E-05
  0.7640000      1.0597155E-05
  0.7643333      1.0568108E-05
  0.7646667      1.0539158E-05
  0.7650000      1.0510304E-05
  0.7653334      1.0481546E-05
  0.7656667      1.0452883E-05
  0.7660000      1.0424314E-05
  0.7663333      1.0395839E-05
  0.7666667      1.0367457E-05
  0.7670000      1.0339168E-05
  0.7673333      1.0310971E-05
  0.7676666      1.0282866E-05
  0.7680000      1.0254851E-05
  0.7683333      1.0226928E-05
  0.7686667      1.0199093E-05
  0.7690000      1.0171348E-05
  0.7693334      1.0143690E-05
  0.7696667      1.0116120E-05
  0.7700000      1.0088637E-05
  0.7703333      1.0061240E-05
  0.7706667      1.0033927E-05
  0.7710000      1.0006698E-05
  0.7713333      9.9795525E-06
  0.7716666      9.9524877E-06
  0.7720000      9.9255039E-06
  0.7723333      9.8985993E-06
  0.7726667      9.8717719E-06
  0.7730000      9.8450209E-06
  0.7733333      9.8183427E-06
  0.7736667      9.7917373E-06
  0.7740000      9.7652010E-06
  0.7743334      9.7387310E-06
  0.7746667      9.7123248E-06
  0.7750000      9.6859767E-06
  0.7753333      9.6596841E-06
  0.7756667      9.6334406E-06
  0.7760000      9.6072399E-06
  0.7763333      9.5810728E-06
  0.7766666      9.5549303E-06
  0.7770000      9.5287978E-06
  0.7773333      9.5026589E-06
  0.7776667      9.4764919E-06
  0.7780000      9.4627339E-06
  0.7783333      9.4375418E-06
  0.7786667      9.4124325E-06
  0.7790000      9.3874060E-06
  0.7793334      9.3624622E-06
  0.7796667      9.3375993E-06
  0.7800000      9.3128192E-06
  0.7803333      9.2881210E-06
  0.7806666      9.2635028E-06
  0.7810000      9.2389664E-06
  0.7813333      9.2145101E-06
  0.7816667      9.1901338E-06
  0.7820000      9.1658376E-06
  0.7823333      9.1416205E-06
  0.7826667      9.1174825E-06
  0.7830000      9.0934245E-06
  0.7833334      9.0694439E-06
  0.7836667      9.0455424E-06
  0.7840000      9.0217181E-06
  0.7843333      8.9979721E-06
  0.7846667      8.9743035E-06
  0.7850000      8.9507121E-06
  0.7853333      8.9271971E-06
  0.7856666      8.9037585E-06
  0.7860000      8.8803963E-06
  0.7863333      8.8571096E-06
  0.7866667      8.8338993E-06
  0.7870000      8.8107636E-06
  0.7873333      8.7877033E-06
  0.7876667      8.7647168E-06
  0.7880000      8.7418057E-06
  0.7883334      8.7189683E-06
  0.7886667      8.6962054E-06
  0.7890000      8.6735154E-06
  0.7893333      8.6508990E-06
  0.7896667      8.6283553E-06
  0.7900000      8.6058835E-06
  0.7903333      8.5834854E-06
  0.7906666      8.5611591E-06
  0.7910000      8.5389047E-06
  0.7913333      8.5167212E-06
  0.7916667      8.4946096E-06
  0.7920000      8.4725689E-06
  0.7923333      8.4505991E-06
  0.7926667      8.4287003E-06
  0.7930000      8.4068706E-06
  0.7933334      8.3851119E-06
  0.7936667      8.3634222E-06
  0.7940000      8.3418017E-06
  0.7943333      8.3202503E-06
  0.7946666      8.2987681E-06
  0.7950000      8.2773549E-06
  0.7953333      8.2560100E-06
  0.7956667      8.2347324E-06
  0.7960000      8.2135230E-06
  0.7963333      8.1923818E-06
  0.7966667      8.1713069E-06
  0.7970000      8.1502994E-06
  0.7973334      8.1293592E-06
  0.7976667      8.1084854E-06
  0.7980000      8.0876771E-06
  0.7983333      8.0669361E-06
  0.7986667      8.0462596E-06
  0.7990000      8.0256495E-06
  0.7993333      8.0051041E-06
  0.7996666      7.9846241E-06
  0.8000000      7.9642086E-06
  0.8003333      7.9438578E-06
  0.8006667      7.9235715E-06
  0.8010000      7.9033489E-06
  0.8013333      7.8831899E-06
  0.8016667      7.8630956E-06
  0.8020000      7.8430639E-06
  0.8023334      7.8230951E-06
  0.8026667      7.8031890E-06
  0.8030000      7.7833456E-06
  0.8033333      7.7635650E-06
  0.8036667      7.7438463E-06
  0.8040000      7.7241903E-06
  0.8043333      7.7045952E-06
  0.8046666      7.6850611E-06
  0.8050000      7.6655888E-06
  0.8053333      7.6461774E-06
  0.8056667      7.6268266E-06
  0.8060000      7.6075366E-06
  0.8063334      7.5883067E-06
  0.8066667      7.5691369E-06
  0.8070000      7.5500270E-06
  0.8073334      7.5309767E-06
  0.8076667      7.5119856E-06
  0.8080000      7.4930540E-06
  0.8083333      7.4741811E-06
  0.8086666      7.4553673E-06
  0.8090000      7.4366117E-06
  0.8093333      7.4179143E-06
  0.8096667      7.3992751E-06
  0.8100000      7.3806941E-06
  0.8103333      7.3621704E-06
  0.8106667      7.3437041E-06
  0.8110000      7.3252954E-06
  0.8113334      7.3069432E-06
  0.8116667      7.2886482E-06
  0.8120000      7.2704097E-06
  0.8123333      7.2522275E-06
  0.8126667      7.2341013E-06
  0.8130000      7.2160315E-06
  0.8133333      7.1980171E-06
  0.8136666      7.1800587E-06
  0.8140000      7.1621553E-06
  0.8143333      7.1443069E-06
  0.8146667      7.1265135E-06
  0.8150000      7.1087748E-06
  0.8153333      7.0910910E-06
  0.8156667      7.0734613E-06
  0.8160000      7.0558858E-06
  0.8163334      7.0383639E-06
  0.8166667      7.0208962E-06
  0.8170000      7.0034816E-06
  0.8173333      6.9861208E-06
  0.8176666      6.9688126E-06
  0.8180000      6.9515577E-06
  0.8183333      6.9343555E-06
  0.8186666      6.9172061E-06
  0.8190000      6.9001089E-06
  0.8193333      6.8830636E-06
  0.8196667      6.8660706E-06
  0.8200000      6.8491290E-06
  0.8203334      6.8322397E-06
  0.8206667      6.8154013E-06
  0.8210000      6.7986143E-06
  0.8213333      6.7818783E-06
  0.8216667      6.7651931E-06
  0.8220000      6.7485585E-06
  0.8223333      6.7319747E-06
  0.8226666      6.7154410E-06
  0.8230000      6.6989573E-06
  0.8233333      6.6825241E-06
  0.8236667      6.6661401E-06
  0.8240000      6.6498060E-06
  0.8243333      6.6335210E-06
  0.8246667      6.6172856E-06
  0.8250000      6.6010989E-06
  0.8253334      6.5849613E-06
  0.8256667      6.5688723E-06
  0.8260000      6.5528316E-06
  0.8263333      6.5368395E-06
  0.8266667      6.5208956E-06
  0.8270000      6.5049994E-06
  0.8273333      6.4891515E-06
  0.8276666      6.4733508E-06
  0.8280000      6.4575975E-06
  0.8283333      6.4418919E-06
  0.8286667      6.4262331E-06
  0.8290000      6.4106216E-06
  0.8293333      6.3950565E-06
  0.8296667      6.3795383E-06
  0.8300000      6.3640668E-06
  0.8303334      6.3486414E-06
  0.8306667      6.3332618E-06
  0.8310000      6.3179286E-06
  0.8313333      6.3026409E-06
  0.8316666      6.2873987E-06
  0.8320000      6.2722024E-06
  0.8323333      6.2598042E-06
  0.8326667      6.2447220E-06
  0.8330000      6.2296854E-06
  0.8333333      6.2146946E-06
  0.8336667      6.1997494E-06
  0.8340000      6.1848496E-06
  0.8343334      6.1699948E-06
  0.8346667      6.1551850E-06
  0.8350000      6.1404203E-06
  0.8353333      6.1257006E-06
  0.8356667      6.1110254E-06
  0.8360000      6.0963953E-06
  0.8363333      6.0818093E-06
  0.8366666      6.0672678E-06
  0.8370000      6.0527709E-06
  0.8373333      6.0383181E-06
  0.8376667      6.0239099E-06
  0.8380000      6.0095454E-06
  0.8383333      5.9952249E-06
  0.8386667      5.9809486E-06
  0.8390000      5.9667163E-06
  0.8393334      5.9525278E-06
  0.8396667      5.9383833E-06
  0.8400000      5.9242825E-06
  0.8403333      5.9102254E-06
  0.8406667      5.8962119E-06
  0.8410000      5.8822425E-06
  0.8413333      5.8683167E-06
  0.8416666      5.8544347E-06
  0.8420000      5.8405967E-06
  0.8423333      5.8268029E-06
  0.8426667      5.8130527E-06
  0.8430000      5.7993470E-06
  0.8433333      5.7856855E-06
  0.8436667      5.7720681E-06
  0.8440000      5.7584957E-06
  0.8443334      5.7449679E-06
  0.8446667      5.7314855E-06
  0.8450000      5.7180487E-06
  0.8453333      5.7046573E-06
  0.8456666      5.6913127E-06
  0.8460000      5.6780145E-06
  0.8463333      5.6647636E-06
  0.8466667      5.6515614E-06
  0.8470000      5.6384079E-06
  0.8473333      5.6253039E-06
  0.8476667      5.6122512E-06
  0.8480000      5.5992509E-06
  0.8483334      5.5863043E-06
  0.8486667      5.5734135E-06
  0.8490000      5.5605806E-06
  0.8493333      5.5478076E-06
  0.8496667      5.5350988E-06
