  3.386004514672686E-002  -40.4577968526466     
  4.514672686230248E-002  -42.4034334763949     
  5.643340857787810E-002  -46.7525035765379     
  6.772009029345372E-002  -46.7525035765379     
  7.900677200902935E-002  -48.9270386266094     
  9.029345372460496E-002  -49.1559370529328     
  0.101580135440181       -49.9570815450644     
  0.112866817155756       -50.5293276108727     
  0.124153498871332       -50.5293276108727     
  0.135440180586907       -50.7582260371960     
  0.146726862302483       -50.5293276108727     
  0.158013544018059       -52.0171673819742     
  0.169300225733634       -52.0171673819742     
  0.180586907449210       -52.0171673819742     
  0.191873589164786       -52.0171673819742     
  0.203160270880361       -52.4749642346209     
  0.214446952595937       -52.4749642346209     
  0.225733634311512       -52.9327610872675     
  0.237020316027088       -52.9327610872675     
  0.248306997742664       -52.9327610872675     
  0.259593679458239       -53.0472103004292     
  0.270880361173815       -53.0472103004292     
  0.282167042889391       -53.2761087267525     
  0.293453724604966       -53.2761087267525     
  0.304740406320542       -53.2761087267525     
  0.316027088036117       -53.2761087267525     
  0.327313769751693       -53.5050071530758     
  0.338600451467269       -53.5050071530758     
  0.349887133182844       -53.7339055793991     
  0.361173814898420       -53.7339055793991     
  0.372460496613995       -53.7339055793991     
  0.383747178329571       -53.7339055793991     
  0.395033860045147       -53.7339055793991     
  0.406320541760722       -53.9628040057225     
  0.417607223476298       -53.9628040057225     
  0.428893905191874       -53.9628040057225     
  0.440180586907449       -53.9628040057225     
  0.451467268623025       -54.1917024320458     
  0.462753950338600       -54.1917024320458     
  0.474040632054176       -54.1917024320458     
  0.485327313769752       -54.1917024320458     
  0.496613995485327       -54.3061516452074     
  0.507900677200903       -54.3061516452074     
  0.519187358916478       -54.4206008583691     
  0.530474040632054       -54.5350500715308     
  0.541760722347630       -54.5350500715308     
  0.553047404063205       -54.7639484978541     
  0.564334085778781       -54.7639484978541     
  0.575620767494357       -54.7639484978541     
  0.586907449209932       -54.7639484978541     
  0.598194130925508       -54.9928469241774     
  0.609480812641084       -54.9928469241774     
  0.620767494356659       -55.2217453505007     
  0.632054176072235       -55.3361945636624     
  0.643340857787810       -55.4506437768240     
  0.654627539503386       -55.6795422031473     
  0.665914221218962       -55.6795422031473     
  0.677200902934537       -56.0228898426323     
  0.688487584650113       -56.0228898426323     
  0.699774266365689       -56.4806866952790     
  0.711060948081264       -56.4806866952790     
  0.722347629796840       -56.7095851216023     
  0.733634311512415       -56.9384835479256     
  0.744920993227991       -57.2818311874106     
  0.756207674943567       -57.5107296137339     
  0.767494356659142       -57.7396280400572     
  0.778781038374718       -58.0829756795422     
  0.790067720090293       -58.5407725321888     
  0.801354401805869       -59.2274678111588     
  0.812641083521445       -59.2274678111588     
  0.823927765237020       -59.7997138769671     
  0.835214446952596       -60.0286123032904     
  0.846501128668172       -61.2875536480687     
  0.857787810383747       -61.5164520743920     
  0.869074492099323       -61.7453505007153     
  0.880361173814898       -62.3175965665236     
  0.891647855530474       -63.0042918454936     
  0.902934537246050       -64.0343347639485     
  0.914221218961625       -64.0343347639485     
  0.925507900677201       -65.0643776824034     
  0.936794582392776       -65.0643776824034     
  0.948081264108352       -67.3533619456366     
  0.959367945823928       -67.3533619456366     
  0.970654627539503       -68.6123032904149     
  0.981941309255079       -69.0701001430615     
  0.993227990970655       -70.7868383404864     
   1.00451467268623       -72.3891273247496     
   1.01580135440181       -72.6180257510730     
   1.02708803611738       -74.1058655221745     
   1.03837471783296       -75.1359084406295     
   1.04966139954853       -76.8526466380544     
   1.06094808126411       -76.8526466380544     
   1.07223476297968       -76.6237482117310     
   1.08352144469526       -76.6237482117310     
   1.09480812641084       -77.0815450643777     
   1.10609480812641       -76.8526466380544     
   1.11738148984199       -76.1659513590844     
   1.12866817155756       -76.0515021459227     
   1.13995485327314       -75.0214592274678     
   1.15124153498871       -73.8769670958512     
   1.16252821670429       -72.8469241773963     
   1.17381489841986       -71.3590844062947     
   1.18510158013544       -71.3590844062947     
   1.19638826185102       -69.5278969957081     
   1.20767494356659       -69.5278969957081     
   1.21896162528217       -68.1545064377682     
   1.23024830699774       -68.0400572246066     
   1.24153498871332       -67.3533619456366     
   1.25282167042889       -67.0100143061516     
   1.26410835214447       -66.5522174535050     
   1.27539503386005       -66.0944206008584     
   1.28668171557562       -65.9799713876967     
   1.29796839729120       -65.5221745350501     
   1.30925507900677       -65.5221745350501     
   1.32054176072235       -64.9499284692418     
   1.33182844243792       -64.9499284692418     
   1.34311512415350       -64.6065808297568     
   1.35440180586907       -64.4921316165951     
   1.36568848758465       -64.2632331902718     
   1.37697516930023       -64.2632331902718     
   1.38826185101580       -64.2632331902718     
   1.39954853273138       -64.2632331902718     
   1.41083521444695       -64.2632331902718     
   1.42212189616253       -64.2632331902718     
   1.43340857787810       -64.2632331902718     
   1.44469525959368       -64.4921316165951     
   1.45598194130925       -64.4921316165951     
   1.46726862302483       -64.8354792560801     
   1.47855530474041       -64.8354792560801     
   1.48984198645598       -65.0643776824034     
   1.50112866817156       -65.6366237482117     
   1.51241534988713       -65.8655221745350     
   1.52370203160271       -66.0944206008584     
   1.53498871331828       -66.0944206008584     
   1.54627539503386       -67.1244635193133     
   1.55756207674944       -67.1244635193133     
   1.56884875846501       -67.0100143061516     
   1.58013544018059       -67.0100143061516     
   1.59142212189616       -68.4978540772532     
   1.60270880361174       -68.8412017167382     
   1.61399548532731       -69.0701001430615     
   1.62528216704289       -69.4134477825465     
   1.63656884875847       -69.9856938483548     
   1.64785553047404       -70.7868383404864     
   1.65914221218962       -70.7868383404864     
   1.67042889390519       -72.1602288984263     
   1.68171557562077       -72.1602288984263     
   1.69300225733634       -74.6781115879828     
   1.70428893905192       -74.6781115879828     
   1.71557562076749       -75.3648068669528     
   1.72686230248307       -75.1359084406295     
   1.73814898419865       -79.5994277539342     
   1.74943566591422       -80.0572246065808     
   1.76072234762980       -80.0572246065808     
   1.77200902934537       -80.6294706723891     
   1.78329571106095       -81.0872675250358     
   1.79458239277652       -85.6652360515021     
   1.80586907449210       -85.6652360515021     
   1.81715575620767       -86.6952789699571     
   1.82844243792325       -86.6952789699571     
   1.83972911963883       -86.6952789699571     
   1.85101580135440       -86.6952789699571     
   1.86230248306998       -86.3519313304721     
   1.87358916478555       -85.4363376251788     
   1.88487584650113       -83.7195994277539     
   1.89616252821670       -82.9184549356223     
   1.90744920993228       -81.8884120171674     
   1.91873589164786       -80.1716738197425     
   1.93002257336343       -80.1716738197425     
   1.94130925507901       -77.6537911301860     
   1.95259593679458       -77.6537911301860     
   1.96388261851016       -76.5092989985694     
   1.97516930022573       -76.1659513590844     
   1.98645598194131       -75.1359084406295     
   1.99774266365688       -75.1359084406295     
   2.00902934537246       -74.7925608011445     
   2.02031602708804       -74.5636623748212     
   2.03160270880361       -74.3347639484979     
   2.04288939051919       -73.8769670958512     
   2.05417607223476       -73.8769670958512     
   2.06546275395034       -73.3047210300429     
   2.07674943566591       -73.3047210300429     
   2.08803611738149       -72.5035765379113     
   2.09932279909707       -72.2746781115880     
   2.11060948081264       -72.2746781115880     
   2.12189616252822       -72.2746781115880     
   2.13318284424379       -72.2746781115880     
   2.14446952595937       -72.2746781115880     
   2.15575620767494       -72.2746781115880     
   2.16704288939052       -72.6180257510730     
   2.17832957110610       -72.6180257510730     
   2.18961625282167       -73.6480686695279     
   2.20090293453725       -73.6480686695279     
   2.21218961625282       -74.1058655221745     
   2.22347629796840       -74.5636623748212     
   2.23476297968397       -74.5636623748212     
   2.24604966139955       -76.8526466380544     
   2.25733634311512       -77.3104434907010     
   2.26862302483070       -78.5693848354793     
   2.27990970654628       -79.7138769670958     
   2.29119638826185       -83.3762517882690     
   2.30248306997743       -83.3762517882690     
   2.31376975169300       -92.6466380543634     
   2.32505643340858       -92.6466380543634     
   2.33634311512415       -99.7424892703863     
   2.34762979683973       -100.772532188841     
   2.35891647855530       -104.892703862661     
   2.37020316027088       -104.892703862661     
   2.38148984198646       -100.772532188841     
   2.39277652370203       -99.2846924177396     
   2.40406320541761       -97.2246065808298     
   2.41534988713318       -89.6709585121602     
   2.42663656884876       -89.6709585121602     
   2.43792325056433       -82.9184549356223     
   2.44920993227991       -82.9184549356223     
   2.46049661399549       -79.3705293276109     
   2.47178329571106       -78.3404864091559     
   2.48306997742664       -77.3104434907010     
   2.49435665914221       -76.6237482117310     
   2.50564334085779       -75.5937052932761     
   2.51693002257336       -75.3648068669528     
   2.52821670428894       -75.1359084406295     
   2.53950338600451       -74.5636623748212     
   2.55079006772009       -74.4492131616595     
   2.56207674943567       -74.1058655221745     
   2.57336343115124       -74.1058655221745     
   2.58465011286682       -74.1058655221745     
   2.59593679458239       -74.1058655221745     
   2.60722347629797       -74.1058655221745     
   2.61851015801354       -74.1058655221745     
   2.62979683972912       -74.5636623748212     
   2.64108352144470       -75.2503576537911     
   2.65237020316027       -75.3648068669528     
   2.66365688487585       -75.5937052932761     
   2.67494356659142       -75.5937052932761     
   2.68623024830700       -76.3948497854077     
   2.69751693002257       -76.3948497854077     
   2.70880361173815       -76.6237482117310     
   2.72009029345372       -76.6237482117310     
   2.73137697516930       -76.8526466380544     
   2.74266365688488       -77.0815450643777     
   2.75395033860045       -77.0815450643777     
   2.76523702031603       -77.0815450643777     
   2.77652370203160       -77.0815450643777     
   2.78781038374718       -77.0815450643777     
   2.79909706546275       -77.0815450643777     
   2.81038374717833       -77.0815450643777     
   2.82167042889391       -77.0815450643777     
   2.83295711060948       -76.8526466380544     
   2.84424379232506       -76.8526466380544     
   2.85553047404063       -76.8526466380544     
   2.86681715575621       -76.6237482117310     
   2.87810383747178       -76.6237482117310     
   2.88939051918736       -76.6237482117310     
   2.90067720090293       -76.8526466380544     
   2.91196388261851       -76.8526466380544     
   2.92325056433409       -76.8526466380544     
   2.93453724604966       -77.1959942775393     
   2.94582392776524       -77.1959942775393     
   2.95711060948081       -77.6537911301860     
   2.96839729119639       -77.6537911301860     
   2.97968397291196       -78.1115879828326     
   2.99097065462754       -78.3404864091559     
   3.00225733634311       -78.5693848354793     
   3.01354401805869       -79.0271816881259     
   3.02483069977427       -79.1416309012876     
   3.03611738148984       -79.7138769670958     
   3.04740406320542       -79.8283261802575     
   3.05869074492099       -80.8583690987124     
   3.06997742663657       -80.8583690987124     
   3.08126410835214       -81.6595135908441     
   3.09255079006772       -81.8884120171674     
   3.10383747178330       -82.5751072961373     
   3.11512415349887       -82.9184549356223     
   3.12641083521445       -83.4907010014306     
   3.13769751693002       -84.6351931330472     
   3.14898419864560       -84.6351931330472     
   3.16027088036117       -86.2374821173104     
   3.17155756207675       -86.2374821173104     
   3.18284424379232       -87.9542203147353     
   3.19413092550790       -87.9542203147353     
   3.20541760722348       -89.6709585121602     
   3.21670428893905       -89.8998569384835     
   3.22799097065463       -91.1587982832618     
   3.23927765237020       -92.1888412017167     
   3.25056433408578       -92.1888412017167     
   3.26185101580135       -92.4177396280401     
   3.27313769751693       -92.4177396280401     
   3.28442437923251       -92.1888412017167     
   3.29571106094808       -92.4177396280401     
   3.30699774266366       -92.1888412017167     
   3.31828442437923       -92.1888412017167     
   3.32957110609481       -90.9298998569385     
   3.34085778781038       -90.9298998569385     
   3.35214446952596       -89.2131616595136     
   3.36343115124154       -88.9842632331903     
   3.37471783295711       -88.4120171673820     
   3.38600451467269       -87.7253218884120     
   3.39729119638826       -86.9241773962804     
   3.40857787810384       -86.3519313304721     
   3.41986455981941       -86.2374821173104     
   3.43115124153499       -85.6652360515021     
   3.44243792325056       -85.6652360515021     
   3.45372460496614       -85.2074391988555     
   3.46501128668172       -85.2074391988555     
   3.47629796839729       -84.4062947067239     
   3.48758465011287       -84.4062947067239     
   3.49887133182844       -84.4062947067239     
   3.51015801354402       -84.1773962804006     
   3.52144469525959       -84.2918454935622     
   3.53273137697517       -84.4062947067239     
   3.54401805869075       -84.4062947067239     
   3.55530474040632       -84.8640915593705     
   3.56659142212190       -84.8640915593705     
   3.57787810383747       -85.4363376251788     
   3.58916478555305       -85.6652360515021     
   3.60045146726862       -86.1230329041488     
   3.61173814898420       -86.4663805436338     
   3.62302483069977       -86.9241773962804     
   3.63431151241535       -87.7253218884120     
   3.64559819413093       -87.8397711015737     
   3.65688487584650       -89.6709585121602     
   3.66817155756208       -89.6709585121602     
   3.67945823927765       -92.7610872675250     
   3.69074492099323       -92.7610872675250     
   3.70203160270880       -93.4477825464950     
   3.71331828442438       -93.4477825464950     
   3.72460496613995       -94.3633762517883     
   3.73589164785553       -95.1645207439199     
   3.74717832957111       -95.3934191702432     
   3.75846501128668       -95.3934191702432     
   3.76975169300226       -95.3934191702432     
   3.78103837471783       -95.2789699570815     
   3.79232505643341       -95.1645207439199     
   3.80361173814898       -94.3633762517883     
   3.81489841986456       -94.3633762517883     
   3.82618510158014       -92.8755364806867     
   3.83747178329571       -92.8755364806867     
   3.84875846501129       -91.7310443490701     
   3.86004514672686       -91.5021459227468     
   3.87133182844244       -90.9298998569385     
   3.88261851015801       -90.7010014306152     
   3.89390519187359       -90.7010014306152     
   3.90519187358916       -90.7010014306152     
   3.91647855530474       -90.7010014306152     
   3.92776523702032       -90.9298998569385     
   3.93905191873589       -90.9298998569385     
   3.95033860045147       -91.3876967095851     
   3.96162528216704       -91.3876967095851     
   3.97291196388262       -91.5021459227468     
   3.98419864559819       -91.6165951359084     
   3.99548532731377       -91.6165951359084     
   4.00677200902935       -91.8454935622318     
   4.01805869074492       -91.7310443490701     
   4.02934537246050       -91.5021459227468     
   4.04063205417607       -91.5021459227468     
   4.05191873589165       -91.3876967095851     
   4.06320541760722       -91.3876967095851     
   4.07449209932280       -90.9298998569385     
   4.08577878103837       -90.9298998569385     
   4.09706546275395       -90.3576537911302     
   4.10835214446953       -90.3576537911302     
   4.11963882618510       -90.1287553648069     
   4.13092550790068       -90.1287553648069     
   4.14221218961625       -90.1287553648069     
   4.15349887133183       -90.1287553648069     
   4.16478555304740       -90.0143061516452     
   4.17607223476298       -89.6709585121602     
   4.18735891647855       -89.6709585121602     
   4.19864559819413       -89.2131616595136     
   4.20993227990971       -89.2131616595136     
   4.22121896162528       -89.2131616595136     
   4.23250564334086       -89.0987124463519     
   4.24379232505643       -89.2131616595136     
   4.25507900677201       -89.2131616595136     
   4.26636568848758       -89.2131616595136     
   4.27765237020316       -89.3276108726753     
   4.28893905191874       -89.4420600858369     
   4.30022573363431       -89.6709585121602     
   4.31151241534989       -89.6709585121602     
   4.32279909706546       -89.6709585121602     
   4.33408577878104       -89.6709585121602     
   4.34537246049661       -90.1287553648069     
   4.35665914221219       -90.1287553648069     
   4.36794582392776       -90.2432045779685     
   4.37923250564334       -90.7010014306152     
   4.39051918735892       -90.8154506437768     
   4.40180586907449       -91.1587982832618     
   4.41309255079007       -91.2732474964235     
   4.42437923250564       -92.1888412017167     
   4.43566591422122       -92.1888412017167     
   4.44695259593679       -93.4477825464950     
   4.45823927765237       -93.4477825464950     
   4.46952595936795       -95.2789699570815     
   4.48081264108352       -95.9656652360515     
   4.49209932279910       -96.1945636623748     
   4.50338600451467       -96.7668097281831     
   4.51467268623025       -96.8812589413448     
   4.52595936794582       -99.1702432045780     
   4.53724604966140       -99.1702432045780     
   4.54853273137697       -102.832618025751     
   4.55981941309255       -102.832618025751     
   4.57110609480813       -108.440629470672     
   4.58239277652370       -108.440629470672     
   4.59367945823928       -112.675250357654     
   4.60496613995485       -114.849785407725     
   4.61625282167043       -114.849785407725     
   4.62753950338600       -114.849785407725     
   4.63882618510158       -114.964234620887     
   4.65011286681716       -111.416309012876     
   4.66139954853273       -110.042918454936     
   4.67268623024831       -107.067238912732     
   4.68397291196388       -107.067238912732     
   4.69525959367946       -102.947067238913     
   4.70654627539503       -102.947067238913     
   4.71783295711061       -101.344778254649     
   4.72911963882619       -100.772532188841     
   4.74040632054176       -99.7424892703863     
   4.75169300225734       -99.2846924177396     
   4.76297968397291       -98.7124463519313     
   4.77426636568849       -97.9113018597997     
   4.78555304740406       -97.6824034334764     
   4.79683972911964       -96.5379113018598     
   4.80812641083521       -96.5379113018598     
   4.81941309255079       -94.9356223175966     
   4.83069977426637       -94.9356223175966     
   4.84198645598194       -93.9055793991416     
   4.85327313769752       -93.6766809728183     
   4.86455981941309       -92.7610872675250     
   4.87584650112867       -92.6466380543634     
   4.88713318284424       -92.4177396280401     
   4.89841986455982       -92.1888412017167     
   4.90970654627540       -91.7310443490701     
   4.92099322799097       -90.2432045779685     
   4.93227990970655       -90.2432045779685     
   4.94356659142212       -90.1287553648069     
   4.95485327313770       -90.1287553648069     
   4.96613995485327       -90.1287553648069     
   4.97742663656885       -90.2432045779685     
   4.98871331828442       -90.9298998569385     
   5.00000000000000       -91.5021459227468     
   5.01128668171558       -91.7310443490701     
   5.02257336343115       -93.4477825464950     
   5.03386004514673       -93.4477825464950     
   5.04514672686230       -96.1945636623748     
   5.05643340857788       -96.1945636623748     
   5.06772009029345       -100.658082975680     
   5.07900677200903       -100.658082975680     
   5.09029345372460       -107.067238912732     
   5.10158013544018       -108.440629470672     
   5.11286681715576       -117.367668097282     
   5.12415349887133       -117.482117310443     
   5.13544018058691       -117.482117310443     
   5.14672686230248       -113.476394849785     
   5.15801354401806       -111.874105865522     
   5.16930022573363       -111.645207439199     
   5.18058690744921       -111.645207439199     
   5.19187358916479       -105.121602288984     
   5.20316027088036       -105.121602288984     
   5.21444695259594       -101.573676680973     
   5.22573363431151       -101.001430615165     
   5.23702031602709       -100.200286123033     
   5.24830699774266       -100.200286123033     
   5.25959367945824       -100.200286123033     
   5.27088036117382       -97.6824034334764     
   5.28216704288939       -97.4535050071531     
   5.29345372460497       -96.7668097281831     
   5.30474040632054       -96.7668097281831     
   5.31602708803612       -96.1945636623748     
   5.32731376975169       -96.1945636623748     
   5.33860045146727       -96.1945636623748     
   5.34988713318285       -96.1945636623748     
   5.36117381489842       -95.1645207439199     
   5.37246049661400       -95.1645207439199     
   5.38374717832957       -95.1645207439199     
   5.39503386004515       -94.9356223175966     
   5.40632054176072       -95.1645207439199     
   5.41760722347630       -94.3633762517883     
   5.42889390519187       -94.3633762517883     
   5.44018058690745       -93.9055793991416     
   5.45146726862303       -93.9055793991416     
   5.46275395033860       -93.2188841201717     
   5.47404063205418       -93.2188841201717     
   5.48532731376975       -92.1888412017167     
   5.49661399548533       -92.1888412017167     
   5.50790067720090       -91.6165951359084     
   5.51918735891648       -91.3876967095851     
   5.53047404063205       -90.9298998569385     
   5.54176072234763       -90.3576537911302     
   5.55304740406321       -90.3576537911302     
   5.56433408577878       -89.6709585121602     
   5.57562076749436       -89.6709585121602     
   5.58690744920993       -88.7553648068670     
   5.59819413092551       -88.7553648068670     
   5.60948081264108       -88.4120171673820     
   5.62076749435666       -88.4120171673820     
   5.63205417607223       -88.1831187410586     
   5.64334085778781       -88.0686695278970     
   5.65462753950339       -88.0686695278970     
   5.66591422121896       -87.9542203147353     
   5.67720090293454       -87.9542203147353     
   5.68848758465011       -87.8397711015737     
   5.69977426636569       -87.8397711015737     
   5.71106094808126       -87.7253218884120     
   5.72234762979684       -87.7253218884120     
   5.73363431151242       -87.6108726752504     
   5.74492099322799       -87.3819742489270     
   5.75620767494357       -87.2675250357654     
   5.76749435665914       -86.9241773962804     
   5.77878103837472       -86.8097281831187     
   5.79006772009029       -86.4663805436338     
   5.80135440180587       -86.4663805436338     
   5.81264108352145       -85.6652360515021     
   5.82392776523702       -85.6652360515021     
   5.83521444695260       -84.6351931330472     
   5.84650112866817       -84.6351931330472     
   5.85778781038375       -83.8340486409156     
   5.86907449209932       -83.6051502145923     
   5.88036117381490       -83.1473533619456     
   5.89164785553047       -82.4606580829757     
   5.90293453724605       -82.3462088698140     
   5.91422121896163       -81.8884120171674     
   5.92550790067720       -81.8884120171674     
   5.93679458239278       -81.0872675250358     
   5.94808126410835       -81.0872675250358     
   5.95936794582393       -80.4005722460658     
   5.97065462753950       -80.4005722460658     
   5.98194130925508       -80.2861230329042     
   5.99322799097065       -80.2861230329042     
   6.00451467268623       -80.1716738197425     
   6.01580135440181       -80.0572246065808     
   6.02708803611738       -80.0572246065808     
   6.03837471783296       -79.8283261802575     
   6.04966139954853       -79.8283261802575     
   6.06094808126411       -79.5994277539342     
   6.07223476297968       -79.5994277539342     
   6.08352144469526       -79.3705293276109     
   6.09480812641084       -79.3705293276109     
   6.10609480812641       -79.3705293276109     
   6.11738148984199       -79.3705293276109     
   6.12866817155756       -79.3705293276109     
   6.13995485327314       -79.5994277539342     
   6.15124153498871       -79.5994277539342     
   6.16252821670429       -79.8283261802575     
   6.17381489841986       -79.8283261802575     
   6.18510158013544       -80.4005722460658     
   6.19638826185102       -80.4005722460658     
   6.20767494356659       -80.8583690987124     
   6.21896162528217       -80.8583690987124     
   6.23024830699774       -81.3161659513591     
   6.24153498871332       -81.7739628040057     
   6.25282167042889       -81.8884120171674     
   6.26410835214447       -82.5751072961373     
   6.27539503386005       -82.6895565092990     
   6.28668171557562       -83.3762517882690     
   6.29796839729120       -83.3762517882690     
   6.30925507900677       -84.1773962804006     
   6.32054176072235       -84.1773962804006     
   6.33182844243792       -84.4062947067239     
   6.34311512415350       -84.4062947067239     
   6.35440180586907       -84.6351931330472     
   6.36568848758465       -84.8640915593705     
   6.37697516930023       -84.6351931330472     
   6.38826185101580       -84.6351931330472     
   6.39954853273138       -84.6351931330472     
   6.41083521444695       -84.4062947067239     
   6.42212189616253       -84.4062947067239     
   6.43340857787810       -83.8340486409156     
   6.44469525959368       -83.8340486409156     
   6.45598194130926       -83.1473533619456     
   6.46726862302483       -82.9184549356223     
   6.47855530474041       -82.3462088698140     
   6.48984198645598       -82.3462088698140     
   6.50112866817156       -81.8884120171674     
   6.51241534988713       -81.6595135908441     
   6.52370203160271       -81.3161659513591     
   6.53498871331828       -81.2017167381974     
   6.54627539503386       -81.2017167381974     
   6.55756207674944       -81.2017167381974     
   6.56884875846501       -81.2017167381974     
   6.58013544018059       -81.4306151645207     
   6.59142212189616       -81.5450643776824     
   6.60270880361174       -81.7739628040057     
   6.61399548532731       -82.1173104434907     
   6.62528216704289       -82.1173104434907     
   6.63656884875846       -82.6895565092990     
   6.64785553047404       -82.8040057224607     
   6.65914221218962       -83.1473533619456     
   6.67042889390519       -83.1473533619456     
   6.68171557562077       -83.6051502145923     
   6.69300225733634       -83.6051502145923     
   6.70428893905192       -83.9484978540773     
   6.71557562076749       -84.0629470672389     
   6.72686230248307       -84.0629470672389     
   6.73814898419865       -84.0629470672389     
   6.74943566591422       -84.0629470672389     
   6.76072234762980       -84.0629470672389     
   6.77200902934537       -83.8340486409156     
   6.78329571106095       -83.6051502145923     
   6.79458239277652       -83.6051502145923     
   6.80586907449210       -83.1473533619456     
   6.81715575620767       -83.1473533619456     
   6.82844243792325       -82.6895565092990     
   6.83972911963883       -82.6895565092990     
   6.85101580135440       -82.3462088698140     
   6.86230248306998       -82.2317596566524     
   6.87358916478555       -82.1173104434907     
   6.88487584650113       -81.8884120171674     
   6.89616252821670       -81.8884120171674     
   6.90744920993228       -81.8884120171674     
   6.91873589164786       -81.8884120171674     
   6.93002257336343       -82.1173104434907     
   6.94130925507901       -82.1173104434907     
   6.95259593679458       -82.4606580829757     
   6.96388261851016       -82.5751072961373     
   6.97516930022573       -82.9184549356223     
   6.98645598194131       -83.0329041487840     
   6.99774266365688       -83.1473533619456     
   7.00902934537246       -83.4907010014306     
   7.02031602708804       -83.6051502145923     
   7.03160270880361       -83.9484978540773     
   7.04288939051919       -83.9484978540773     
   7.05417607223476       -84.1773962804006     
   7.06546275395034       -84.1773962804006     
   7.07674943566591       -84.4062947067239     
   7.08803611738149       -84.4062947067239     
   7.09932279909706       -84.1773962804006     
   7.11060948081264       -84.1773962804006     
   7.12189616252822       -84.1773962804006     
   7.13318284424379       -84.0629470672389     
   7.14446952595937       -83.9484978540773     
   7.15575620767494       -83.7195994277539     
   7.16704288939052       -83.6051502145923     
   7.17832957110609       -83.1473533619456     
   7.18961625282167       -83.1473533619456     
   7.20090293453725       -82.8040057224607     
   7.21218961625282       -82.8040057224607     
   7.22347629796840       -82.4606580829757     
   7.23476297968397       -82.4606580829757     
   7.24604966139955       -82.3462088698140     
   7.25733634311512       -82.3462088698140     
   7.26862302483070       -82.4606580829757     
   7.27990970654628       -82.6895565092990     
   7.29119638826185       -82.6895565092990     
   7.30248306997743       -83.1473533619456     
   7.31376975169300       -83.1473533619456     
   7.32505643340858       -83.6051502145923     
   7.33634311512415       -83.7195994277539     
   7.34762979683973       -84.1773962804006     
   7.35891647855531       -84.4062947067239     
   7.37020316027088       -84.6351931330472     
   7.38148984198646       -84.8640915593705     
   7.39277652370203       -84.9785407725322     
   7.40406320541761       -85.2074391988555     
   7.41534988713318       -85.2074391988555     
   7.42663656884876       -85.3218884120172     
   7.43792325056433       -85.3218884120172     
   7.44920993227991       -85.2074391988555     
   7.46049661399549       -85.2074391988555     
   7.47178329571106       -84.9785407725322     
   7.48306997742664       -84.8640915593705     
   7.49435665914221       -84.6351931330472     
   7.50564334085779       -84.4062947067239     
   7.51693002257336       -84.0629470672389     
   7.52821670428894       -83.8340486409156     
   7.53950338600451       -83.7195994277539     
   7.55079006772009       -83.3762517882690     
   7.56207674943567       -83.3762517882690     
   7.57336343115124       -82.9184549356223     
   7.58465011286682       -82.9184549356223     
   7.59593679458239       -82.9184549356223     
   7.60722347629797       -82.9184549356223     
   7.61851015801354       -82.9184549356223     
   7.62979683972912       -83.1473533619456     
   7.64108352144469       -83.3762517882690     
   7.65237020316027       -83.7195994277539     
   7.66365688487585       -83.8340486409156     
   7.67494356659142       -84.4062947067239     
   7.68623024830700       -84.4062947067239     
   7.69751693002257       -84.9785407725322     
   7.70880361173815       -84.9785407725322     
   7.72009029345372       -85.4363376251788     
   7.73137697516930       -85.6652360515021     
   7.74266365688488       -85.8941344778255     
   7.75395033860045       -85.8941344778255     
   7.76523702031603       -85.8941344778255     
   7.77652370203160       -85.8941344778255     
   7.78781038374718       -85.8941344778255     
   7.79909706546275       -85.6652360515021     
   7.81038374717833       -85.6652360515021     
   7.82167042889391       -85.3218884120172     
   7.83295711060948       -85.3218884120172     
   7.84424379232506       -84.6351931330472     
   7.85553047404063       -84.6351931330472     
   7.86681715575621       -84.1773962804006     
   7.87810383747178       -84.0629470672389     
   7.88939051918736       -83.9484978540773     
   7.90067720090294       -83.6051502145923     
   7.91196388261851       -83.6051502145923     
   7.92325056433409       -83.3762517882690     
   7.93453724604966       -83.3762517882690     
   7.94582392776524       -83.3762517882690     
   7.95711060948081       -83.3762517882690     
   7.96839729119639       -83.7195994277539     
   7.97968397291196       -83.9484978540773     
   7.99097065462754       -84.1773962804006     
   8.00225733634312       -84.4062947067239     
   8.01354401805869       -84.6351931330472     
   8.02483069977427       -85.0929899856938     
   8.03611738148984       -85.2074391988555     
   8.04740406320542       -85.5507868383405     
   8.05869074492099       -85.5507868383405     
   8.06997742663657       -85.8941344778255     
   8.08126410835214       -85.8941344778255     
   8.09255079006772       -86.1230329041488     
   8.10383747178330       -86.1230329041488     
   8.11512415349887       -86.1230329041488     
   8.12641083521445       -86.1230329041488     
   8.13769751693002       -85.8941344778255     
   8.14898419864560       -85.8941344778255     
   8.16027088036117       -85.6652360515021     
   8.17155756207675       -85.4363376251788     
   8.18284424379233       -85.4363376251788     
   8.19413092550790       -84.9785407725322     
   8.20541760722348       -84.9785407725322     
   8.21670428893905       -84.6351931330472     
   8.22799097065463       -84.4062947067239     
   8.23927765237020       -84.1773962804006     
   8.25056433408578       -84.0629470672389     
   8.26185101580135       -83.9484978540773     
   8.27313769751693       -83.9484978540773     
   8.28442437923251       -83.9484978540773     
   8.29571106094808       -83.9484978540773     
   8.30699774266366       -83.9484978540773     
   8.31828442437923       -84.6351931330472     
   8.32957110609481       -84.6351931330472     
   8.34085778781038       -84.8640915593705     
   8.35214446952596       -84.9785407725322     
   8.36343115124154       -85.3218884120172     
   8.37471783295711       -85.6652360515021     
   8.38600451467269       -85.6652360515021     
   8.39729119638826       -86.1230329041488     
   8.40857787810384       -86.1230329041488     
   8.41986455981941       -86.4663805436338     
   8.43115124153499       -86.4663805436338     
   8.44243792325056       -86.5808297567954     
   8.45372460496614       -86.5808297567954     
   8.46501128668172       -86.6952789699571     
   8.47629796839729       -86.6952789699571     
   8.48758465011287       -86.5808297567954     
   8.49887133182844       -86.4663805436338     
   8.51015801354402       -86.3519313304721     
   8.52144469525959       -86.1230329041488     
   8.53273137697517       -85.8941344778255     
   8.54401805869074       -85.5507868383405     
   8.55530474040632       -85.5507868383405     
   8.56659142212190       -84.8640915593705     
   8.57787810383747       -84.8640915593705     
   8.58916478555305       -84.6351931330472     
   8.60045146726862       -84.6351931330472     
   8.61173814898420       -84.4062947067239     
   8.62302483069977       -84.4062947067239     
   8.63431151241535       -84.4062947067239     
   8.64559819413093       -84.4062947067239     
   8.65688487584650       -84.4062947067239     
   8.66817155756208       -84.8640915593705     
   8.67945823927765       -84.8640915593705     
   8.69074492099323       -85.4363376251788     
   8.70203160270880       -85.4363376251788     
   8.71331828442438       -86.1230329041488     
   8.72460496613995       -86.1230329041488     
   8.73589164785553       -86.5808297567954     
   8.74717832957111       -86.9241773962804     
   8.75846501128668       -87.1530758226037     
   8.76975169300226       -87.3819742489270     
   8.78103837471783       -87.3819742489270     
   8.79232505643341       -87.3819742489270     
   8.80361173814898       -87.3819742489270     
   8.81489841986456       -87.3819742489270     
   8.82618510158014       -87.3819742489270     
   8.83747178329571       -87.1530758226037     
   8.84875846501129       -87.1530758226037     
   8.86004514672686       -86.9241773962804     
   8.87133182844244       -86.6952789699571     
   8.88261851015801       -86.3519313304721     
   8.89390519187359       -85.8941344778255     
   8.90519187358916       -85.8941344778255     
   8.91647855530474       -85.5507868383405     
   8.92776523702032       -85.4363376251788     
   8.93905191873589       -84.8640915593705     
   8.95033860045147       -84.8640915593705     
   8.96162528216704       -84.6351931330472     
   8.97291196388262       -84.6351931330472     
   8.98419864559819       -84.8640915593705     
   8.99548532731377       -84.8640915593705     
   9.00677200902935       -84.9785407725322     
   9.01805869074492       -85.4363376251788     
   9.02934537246050       -85.4363376251788     
   9.04063205417607       -85.8941344778255     
   9.05191873589165       -85.8941344778255     
   9.06320541760722       -86.6952789699571     
   9.07449209932280       -86.6952789699571     
   9.08577878103837       -87.1530758226037     
   9.09706546275395       -87.3819742489270     
   9.10835214446953       -87.6108726752504     
   9.11963882618510       -87.7253218884120     
   9.13092550790068       -87.8397711015737     
   9.14221218961625       -87.8397711015737     
   9.15349887133183       -87.8397711015737     
   9.16478555304740       -87.8397711015737     
   9.17607223476298       -87.7253218884120     
   9.18735891647855       -87.3819742489270     
   9.19864559819413       -87.3819742489270     
   9.20993227990971       -86.9241773962804     
   9.22121896162528       -86.9241773962804     
   9.23250564334086       -86.5808297567954     
   9.24379232505643       -86.3519313304721     
   9.25507900677201       -85.8941344778255     
   9.26636568848758       -85.6652360515021     
   9.27765237020316       -85.4363376251788     
   9.28893905191874       -85.3218884120172     
   9.30022573363431       -85.3218884120172     
   9.31151241534989       -85.0929899856938     
   9.32279909706546       -85.0929899856938     
   9.33408577878104       -85.4363376251788     
   9.34537246049661       -85.4363376251788     
   9.35665914221219       -85.6652360515021     
   9.36794582392777       -86.1230329041488     
   9.37923250564334       -86.3519313304721     
   9.39051918735892       -86.6952789699571     
   9.40180586907449       -86.8097281831187     
   9.41309255079007       -87.4964234620887     
   9.42437923250564       -87.4964234620887     
   9.43566591422122       -88.0686695278970     
   9.44695259593679       -88.0686695278970     
   9.45823927765237       -88.4120171673820     
   9.46952595936795       -88.4120171673820     
   9.48081264108352       -88.4120171673820     
   9.49209932279910       -88.4120171673820     
   9.50338600451467       -88.4120171673820     
   9.51467268623025       -88.1831187410586     
   9.52595936794582       -88.1831187410586     
   9.53724604966140       -87.8397711015737     
   9.54853273137697       -87.7253218884120     
   9.55981941309255       -87.1530758226037     
   9.57110609480813       -87.1530758226037     
   9.58239277652370       -86.6952789699571     
   9.59367945823928       -86.6952789699571     
   9.60496613995485       -86.1230329041488     
   9.61625282167043       -86.0085836909871     
   9.62753950338600       -85.8941344778255     
   9.63882618510158       -85.6652360515021     
   9.65011286681715       -85.6652360515021     
   9.66139954853273       -85.6652360515021     
   9.67268623024831       -85.6652360515021     
   9.68397291196388       -86.1230329041488     
   9.69525959367946       -86.1230329041488     
   9.70654627539503       -86.5808297567954     
   9.71783295711061       -86.6952789699571     
   9.72911963882618       -87.1530758226037     
   9.74040632054176       -87.3819742489270     
   9.75169300225734       -87.6108726752504     
   9.76297968397291       -88.1831187410586     
   9.77426636568849       -88.1831187410586     
   9.78555304740406       -88.6409155937053     
   9.79683972911964       -88.6409155937053     
   9.80812641083521       -88.8698140200286     
   9.81941309255079       -88.8698140200286     
   9.83069977426637       -88.8698140200286     
   9.84198645598194       -88.8698140200286     
   9.85327313769752       -88.6409155937053     
   9.86455981941309       -88.6409155937053     
   9.87584650112867       -88.4120171673820     
   9.88713318284424       -88.4120171673820     
   9.89841986455982       -88.1831187410586     
   9.90970654627539       -87.6108726752504     
   9.92099322799097       -87.6108726752504     
   9.93227990970655       -86.9241773962804     
   9.94356659142212       -86.9241773962804     
   9.95485327313770       -86.4663805436338     
   9.96613995485327       -86.4663805436338     
   9.97742663656885       -86.2374821173104     
   9.98871331828443       -86.2374821173104     
   10.0000000000000       -86.2374821173104     
