1.000000000000000000e+01 5.189562426114308380e+01
2.000000000000000000e+01 5.190360176133283687e+01
3.000000000000000000e+01 5.191686911367831669e+01
4.000000000000000000e+01 5.193522958781294108e+01
5.000000000000000000e+01 5.195881137674579264e+01
6.000000000000000000e+01 5.198753829860814335e+01
7.000000000000000000e+01 5.202121221420418351e+01
8.000000000000000000e+01 5.205978974747516475e+01
9.000000000000000000e+01 5.210310133710351721e+01
1.000000000000000000e+02 5.215103357890036762e+01
1.100000000000000000e+02 5.220300594428518082e+01
1.200000000000000000e+02 5.225909835494694278e+01
1.300000000000000000e+02 5.231888491978709510e+01
1.400000000000000000e+02 5.238203756332463001e+01
1.500000000000000000e+02 5.244816174202515668e+01
1.600000000000000000e+02 5.251681593662178216e+01
1.700000000000000000e+02 5.258763634483935334e+01
1.800000000000000000e+02 5.266006101870728884e+01
1.900000000000000000e+02 5.273369210082245218e+01
2.000000000000000000e+02 5.280796792768325076e+01
2.100000000000000000e+02 5.288252807741999106e+01
2.200000000000000000e+02 5.295705551811673217e+01
2.300000000000000000e+02 5.303105061319178049e+01
2.400000000000000000e+02 5.310415218141034188e+01
2.500000000000000000e+02 5.317610161717658457e+01
2.600000000000000000e+02 5.324665590553088634e+01
2.700000000000000000e+02 5.331551234126077077e+01
2.800000000000000000e+02 5.338246788631216333e+01
2.900000000000000000e+02 5.344740763630969127e+01
3.000000000000000000e+02 5.351015117815337874e+01
3.100000000000000000e+02 5.357048995387700074e+01
3.200000000000000000e+02 5.362833913243547812e+01
3.300000000000000000e+02 5.368345678710463176e+01
3.400000000000000000e+02 5.373564046522005100e+01
3.500000000000000000e+02 5.378481574093891027e+01
3.600000000000000000e+02 5.383076817504382205e+01
3.700000000000000000e+02 5.387371632737529836e+01
3.800000000000000000e+02 5.391330991660665006e+01
3.900000000000000000e+02 5.394978236080799405e+01
4.000000000000000000e+02 5.398359942999449146e+01
4.100000000000000000e+02 5.401484090822590645e+01
4.200000000000000000e+02 5.404423805487304833e+01
4.300000000000000000e+02 5.407256433884829505e+01
4.400000000000000000e+02 5.410055727405827497e+01
4.500000000000000000e+02 5.412935817936925531e+01
4.600000000000000000e+02 5.415977207924905201e+01
4.700000000000000000e+02 5.419316950683894163e+01
4.800000000000000000e+02 5.423053441227175853e+01
4.900000000000000000e+02 5.427279372697407211e+01
5.000000000000000000e+02 5.432096937817217963e+01
5.100000000000000000e+02 5.437572666957937173e+01
5.200000000000000000e+02 5.443773687851633269e+01
5.300000000000000000e+02 5.450725553668234369e+01
5.400000000000000000e+02 5.458442082736817724e+01
5.500000000000000000e+02 5.466923313090631353e+01
5.600000000000000000e+02 5.476126403516601471e+01
5.700000000000000000e+02 5.486014646322551158e+01
5.800000000000000000e+02 5.496518338511197044e+01
5.900000000000000000e+02 5.507598615785154550e+01
6.000000000000000000e+02 5.519165494750922818e+01
6.100000000000000000e+02 5.531167562306180940e+01
6.200000000000000000e+02 5.543570779889539324e+01
6.300000000000000000e+02 5.556336145686075412e+01
6.400000000000000000e+02 5.569501948598721697e+01
6.500000000000000000e+02 5.583059875963940755e+01
6.600000000000000000e+02 5.597120128384618454e+01
6.700000000000000000e+02 5.611752315368686084e+01
6.800000000000000000e+02 5.627079742527749318e+01
6.900000000000000000e+02 5.643239733819616788e+01
7.000000000000000000e+02 5.660380003261029458e+01
7.100000000000000000e+02 5.678662046435968591e+01
7.200000000000000000e+02 5.698215651875651133e+01
7.300000000000000000e+02 5.719208889249232186e+01
7.400000000000000000e+02 5.741738124286418099e+01
7.500000000000000000e+02 5.765937365471337728e+01
7.600000000000000000e+02 5.791864036153356210e+01
7.700000000000000000e+02 5.819586602924676555e+01
7.800000000000000000e+02 5.849147813879429236e+01
7.900000000000000000e+02 5.880538712641133259e+01
8.000000000000000000e+02 5.913771620059351619e+01
8.100000000000000000e+02 5.948821950910765821e+01
8.200000000000000000e+02 5.985672696990264541e+01
8.300000000000000000e+02 6.024309177846014762e+01
8.400000000000000000e+02 6.064725081258985284e+01
8.500000000000000000e+02 6.106955876791410986e+01
8.600000000000000000e+02 6.151042555512078991e+01
8.700000000000000000e+02 6.197096458828276866e+01
8.800000000000000000e+02 6.245259376445784483e+01
8.900000000000000000e+02 6.295747361908688333e+01
9.000000000000000000e+02 6.348824243932605782e+01
9.100000000000000000e+02 6.404819858669536359e+01
9.200000000000000000e+02 6.464146188845425911e+01
9.300000000000000000e+02 6.527268042773064849e+01
9.400000000000000000e+02 6.594725569490313433e+01
9.500000000000000000e+02 6.667175954188506637e+01
9.600000000000000000e+02 6.745320616420484328e+01
9.700000000000000000e+02 6.829960348585784402e+01
9.800000000000000000e+02 6.921995428809721318e+01
9.900000000000000000e+02 7.022339173394395573e+01
1.000000000000000000e+03 7.131766611816041745e+01
1.010000000000000000e+03 7.250599562971633816e+01
1.020000000000000000e+03 7.377523797589702781e+01
1.030000000000000000e+03 7.507983401696967007e+01
1.040000000000000000e+03 7.629882434986575390e+01
1.050000000000000000e+03 7.720594217001944060e+01
1.060000000000000000e+03 7.752582036419686062e+01
1.070000000000000000e+03 7.715053180372419206e+01
1.080000000000000000e+03 7.625715819867861001e+01
1.090000000000000000e+03 7.512478603367068786e+01
1.100000000000000000e+03 7.395280756245024634e+01
1.110000000000000000e+03 7.283811501800924759e+01
1.120000000000000000e+03 7.181717335066099395e+01
1.130000000000000000e+03 7.089772559892709580e+01
1.140000000000000000e+03 7.007615130878495791e+01
1.150000000000000000e+03 6.934530623028965124e+01
1.160000000000000000e+03 6.869660679547553173e+01
1.170000000000000000e+03 6.812277571140906218e+01
1.180000000000000000e+03 6.761626568444219743e+01
1.190000000000000000e+03 6.717050355783680970e+01
1.200000000000000000e+03 6.677931911278272992e+01
1.210000000000000000e+03 6.643689102470108310e+01
1.220000000000000000e+03 6.613763347881702259e+01
1.230000000000000000e+03 6.587627722200718949e+01
1.240000000000000000e+03 6.564718884943808064e+01
1.250000000000000000e+03 6.544569733812133450e+01
1.260000000000000000e+03 6.526677718455866284e+01
1.270000000000000000e+03 6.510602039913760564e+01
1.280000000000000000e+03 6.495973024873799773e+01
1.290000000000000000e+03 6.482462317468139190e+01
1.300000000000000000e+03 6.469875146109305319e+01
1.310000000000000000e+03 6.458061867854377169e+01
1.320000000000000000e+03 6.447011066101336496e+01
1.330000000000000000e+03 6.436788757053916754e+01
1.340000000000000000e+03 6.427543228961626198e+01
1.350000000000000000e+03 6.419498037786991063e+01
1.360000000000000000e+03 6.412899266521807817e+01
1.370000000000000000e+03 6.408032743315277457e+01
1.380000000000000000e+03 6.405176514760414364e+01
1.390000000000000000e+03 6.404582517478692694e+01
1.400000000000000000e+03 6.406490759702874982e+01
1.410000000000000000e+03 6.411078803072491894e+01
1.420000000000000000e+03 6.418468678813016481e+01
1.430000000000000000e+03 6.428739985118303935e+01
1.440000000000000000e+03 6.441892435508320602e+01
1.450000000000000000e+03 6.457870116314329323e+01
1.460000000000000000e+03 6.476537365780036737e+01
1.470000000000000000e+03 6.497699712524971005e+01
1.480000000000000000e+03 6.521092015300142464e+01
1.490000000000000000e+03 6.546397862794515277e+01
1.500000000000000000e+03 6.573258377014929010e+01
1.510000000000000000e+03 6.601288142480287036e+01
1.520000000000000000e+03 6.630115162166865161e+01
1.530000000000000000e+03 6.659396595794679286e+01
1.540000000000000000e+03 6.688870428312094418e+01
1.550000000000000000e+03 6.718389314569364501e+01
1.560000000000000000e+03 6.747909766528236730e+01
1.570000000000000000e+03 6.777585961686619953e+01
1.580000000000000000e+03 6.807687941899300199e+01
1.590000000000000000e+03 6.838661423518192350e+01
1.600000000000000000e+03 6.871030763621864423e+01
1.610000000000000000e+03 6.905487016206002693e+01
1.620000000000000000e+03 6.942714238930427939e+01
1.630000000000000000e+03 6.983467058034295860e+01
1.640000000000000000e+03 7.028569117535460009e+01
1.650000000000000000e+03 7.078786467880328814e+01
1.660000000000000000e+03 7.134979767129499351e+01
1.670000000000000000e+03 7.197986996527896508e+01
1.680000000000000000e+03 7.268798466537825220e+01
1.690000000000000000e+03 7.348347094269232116e+01
1.700000000000000000e+03 7.437807895651798162e+01
1.710000000000000000e+03 7.538475396887079683e+01
1.720000000000000000e+03 7.651868359273331066e+01
1.730000000000000000e+03 7.779735418829793048e+01
1.740000000000000000e+03 7.924004784810260560e+01
1.750000000000000000e+03 8.086465555762883639e+01
1.760000000000000000e+03 8.267466648632422732e+01
1.770000000000000000e+03 8.462008786229770863e+01
1.780000000000000000e+03 8.649951188833554738e+01
1.790000000000000000e+03 8.783110804461338716e+01
1.800000000000000000e+03 8.807117529026500335e+01
1.810000000000000000e+03 8.729993626144519681e+01
1.820000000000000000e+03 8.608887863253715977e+01
1.830000000000000000e+03 8.483810016228312634e+01
1.840000000000000000e+03 8.368993588729991018e+01
1.850000000000000000e+03 8.266201199316563475e+01
1.860000000000000000e+03 8.173569934530885917e+01
1.870000000000000000e+03 8.088473014457795784e+01
1.880000000000000000e+03 8.008773813236119565e+01
1.890000000000000000e+03 7.932994810512869321e+01
1.900000000000000000e+03 7.860345612727566333e+01
1.910000000000000000e+03 7.790609906425484610e+01
1.920000000000000000e+03 7.723942205234551750e+01
1.930000000000000000e+03 7.660742523680853822e+01
1.940000000000000000e+03 7.601471604336738608e+01
1.950000000000000000e+03 7.546559430505730859e+01
1.960000000000000000e+03 7.496401161127161572e+01
1.970000000000000000e+03 7.451244156221291348e+01
1.980000000000000000e+03 7.411322107800123149e+01
1.990000000000000000e+03 7.376650611941396107e+01
2.000000000000000000e+03 7.347306344000286060e+01
2.009999999999999773e+03 7.323207097101699503e+01
2.020000000000000000e+03 7.304248534043809116e+01
2.029999999999999773e+03 7.290255938617811182e+01
2.040000000000000000e+03 7.281019875241563000e+01
2.050000000000000000e+03 7.276270991957066769e+01
2.060000000000000000e+03 7.275720397637778092e+01
2.070000000000000000e+03 7.279009085860272421e+01
2.080000000000000000e+03 7.285772122603307821e+01
2.090000000000000000e+03 7.295585787289952862e+01
2.100000000000000000e+03 7.308042015567019689e+01
2.110000000000000000e+03 7.322672925499298913e+01
2.120000000000000000e+03 7.339073342704364222e+01
2.130000000000000000e+03 7.356852817918144183e+01
2.140000000000000000e+03 7.375710251897874059e+01
2.150000000000000000e+03 7.395430967496784547e+01
2.160000000000000000e+03 7.415958679920235852e+01
2.170000000000000000e+03 7.437364337447911566e+01
2.180000000000000000e+03 7.459930201182352505e+01
2.190000000000000000e+03 7.484071536218704068e+01
2.200000000000000000e+03 7.510412708786557801e+01
2.210000000000000000e+03 7.539708901369031935e+01
2.220000000000000000e+03 7.572904068173617986e+01
2.230000000000000000e+03 7.611084610448469334e+01
2.240000000000000000e+03 7.655540181964809676e+01
2.250000000000000000e+03 7.707806105835764754e+01
2.260000000000000000e+03 7.769665177821009650e+01
2.270000000000000000e+03 7.843535237732463372e+01
2.280000000000000000e+03 7.932404654617168660e+01
2.290000000000000000e+03 8.040677745453271541e+01
2.300000000000000000e+03 8.174733582301897172e+01
2.310000000000000000e+03 8.345089266091190439e+01
2.320000000000000000e+03 8.570571985445764085e+01
2.330000000000000000e+03 8.890793535367841116e+01
2.340000000000000000e+03 9.408543940286332941e+01
2.350000000000000000e+03 1.018289711259142791e+02
2.360000000000000000e+03 9.446446750921452917e+01
2.370000000000000000e+03 8.889174645820145315e+01
2.380000000000000000e+03 8.543277784304729039e+01
2.390000000000000000e+03 8.297050942208259983e+01
2.400000000000000000e+03 8.108585995223762666e+01
2.410000000000000000e+03 7.958307198653572812e+01
2.420000000000000000e+03 7.835404552190752270e+01
2.430000000000000000e+03 7.733577039594435121e+01
2.440000000000000000e+03 7.648584479461982255e+01
2.450000000000000000e+03 7.577674977484045371e+01
2.460000000000000000e+03 7.518815985336604513e+01
2.470000000000000000e+03 7.470549597714921219e+01
2.480000000000000000e+03 7.431793244632606843e+01
2.490000000000000000e+03 7.401703166566566949e+01
2.500000000000000000e+03 7.379630654218345853e+01
2.510000000000000000e+03 7.365086498888319966e+01
2.520000000000000000e+03 7.357660568865297535e+01
2.530000000000000000e+03 7.357049474744226814e+01
2.540000000000000000e+03 7.363014194892814146e+01
2.550000000000000000e+03 7.375363566312336161e+01
2.560000000000000000e+03 7.393936788062227095e+01
2.570000000000000000e+03 7.418623602864096256e+01
2.580000000000000000e+03 7.449304538796681641e+01
2.590000000000000000e+03 7.485917746569027997e+01
2.600000000000000000e+03 7.528344615685419683e+01
2.610000000000000000e+03 7.576487967477909535e+01
2.620000000000000000e+03 7.630201941545561795e+01
2.630000000000000000e+03 7.689255106007927054e+01
2.640000000000000000e+03 7.753334502352578284e+01
2.650000000000000000e+03 7.821964548612304213e+01
2.660000000000000000e+03 7.894379943078466511e+01
2.670000000000000000e+03 7.969609082565949620e+01
2.680000000000000000e+03 8.046111850232358620e+01
2.690000000000000000e+03 8.122017901635481962e+01
2.700000000000000000e+03 8.194841174723887889e+01
2.710000000000000000e+03 8.261715530921864570e+01
2.720000000000000000e+03 8.319847274635377232e+01
2.730000000000000000e+03 8.366927871690182883e+01
2.740000000000000000e+03 8.401675642718009840e+01
2.750000000000000000e+03 8.424344335647417381e+01
2.760000000000000000e+03 8.436515252645227747e+01
2.770000000000000000e+03 8.440647012981372654e+01
2.780000000000000000e+03 8.439507569364543826e+01
2.790000000000000000e+03 8.435669284956448166e+01
2.800000000000000000e+03 8.431340931659660498e+01
2.810000000000000000e+03 8.428223912854511468e+01
2.820000000000000000e+03 8.427654258522761666e+01
2.830000000000000000e+03 8.430588199154954054e+01
2.840000000000000000e+03 8.437797138968431909e+01
2.850000000000000000e+03 8.449921576193415262e+01
2.860000000000000000e+03 8.467477151094726651e+01
2.870000000000000000e+03 8.491063548772062575e+01
2.880000000000000000e+03 8.521162200515968266e+01
2.890000000000000000e+03 8.558425603640037593e+01
2.900000000000000000e+03 8.603506457323550194e+01
2.910000000000000000e+03 8.657195214132991623e+01
2.920000000000000000e+03 8.720385066819126507e+01
2.930000000000000000e+03 8.794126566743393880e+01
2.940000000000000000e+03 8.879626748289580007e+01
2.950000000000000000e+03 8.978196591087794332e+01
2.960000000000000000e+03 9.091028591331904352e+01
2.970000000000000000e+03 9.218760198926730709e+01
2.980000000000000000e+03 9.359747114090629339e+01
2.990000000000000000e+03 9.506653788301449026e+01
3.000000000000000000e+03 9.639479037528188599e+01
3.010000000000000000e+03 9.721848631731417356e+01
3.020000000000000000e+03 9.721439283763432115e+01
3.030000000000000000e+03 9.646122747717367929e+01
3.040000000000000000e+03 9.533750826956773494e+01
3.050000000000000000e+03 9.415164876343919786e+01
3.060000000000000000e+03 9.304539766837037007e+01
3.070000000000000000e+03 9.206211931056708409e+01
3.080000000000000000e+03 9.120186684429839374e+01
3.090000000000000000e+03 9.044996827564642672e+01
3.100000000000000000e+03 8.978822545243914988e+01
3.110000000000000000e+03 8.919796003491529746e+01
3.120000000000000000e+03 8.866320742586539438e+01
3.130000000000000000e+03 8.816975221453758138e+01
3.140000000000000000e+03 8.770712859405917072e+01
3.150000000000000000e+03 8.726668260143523526e+01
3.160000000000000000e+03 8.684413474638910202e+01
3.170000000000000000e+03 8.643613035911212705e+01
3.180000000000000000e+03 8.604344807699980890e+01
3.190000000000000000e+03 8.566659357556409304e+01
3.200000000000000000e+03 8.530891352088181634e+01
3.210000000000000000e+03 8.497343924205212318e+01
3.220000000000000000e+03 8.466365551824259228e+01
3.230000000000000000e+03 8.438279801271616520e+01
3.240000000000000000e+03 8.413388407290653959e+01
3.250000000000000000e+03 8.391904989365657741e+01
3.260000000000000000e+03 8.374046606401540771e+01
3.270000000000000000e+03 8.359908253985538806e+01
3.280000000000000000e+03 8.349569993868867357e+01
3.290000000000000000e+03 8.343047092419737965e+01
3.300000000000000000e+03 8.340278498666343410e+01
3.310000000000000000e+03 8.341191589122134076e+01
3.320000000000000000e+03 8.345644154336910958e+01
3.330000000000000000e+03 8.353465786595648979e+01
3.340000000000000000e+03 8.364441179154709971e+01
3.350000000000000000e+03 8.378296705256806831e+01
3.360000000000000000e+03 8.394771180557850698e+01
3.370000000000000000e+03 8.413552857848938515e+01
3.380000000000000000e+03 8.434353533983173179e+01
3.390000000000000000e+03 8.456906581888932806e+01
3.400000000000000000e+03 8.480950475100948438e+01
3.410000000000000000e+03 8.506358592015560305e+01
3.420000000000000000e+03 8.533061410952164749e+01
3.430000000000000000e+03 8.561136131484089162e+01
3.440000000000000000e+03 8.590814795550444671e+01
3.450000000000000000e+03 8.622499754669073013e+01
3.460000000000000000e+03 8.656710740532756176e+01
3.470000000000000000e+03 8.694242480341245027e+01
3.480000000000000000e+03 8.735977835708001749e+01
3.490000000000000000e+03 8.782940939590540097e+01
3.500000000000000000e+03 8.836443894076307970e+01
3.510000000000000000e+03 8.897816963290730996e+01
3.520000000000000000e+03 8.968706822484153918e+01
3.530000000000000000e+03 9.050782023593568226e+01
3.540000000000000000e+03 9.145750035416156720e+01
3.550000000000000000e+03 9.254757767780611744e+01
3.560000000000000000e+03 9.377200585699543467e+01
3.570000000000000000e+03 9.506974683911708723e+01
3.580000000000000000e+03 9.625796146658124997e+01
3.590000000000000000e+03 9.696871647574621988e+01
3.600000000000000000e+03 9.682949400910248983e+01
3.610000000000000000e+03 9.588093685644687980e+01
3.620000000000000000e+03 9.452236924535752394e+01
3.630000000000000000e+03 9.310004131846579867e+01
3.640000000000000000e+03 9.177493850182450785e+01
3.650000000000000000e+03 9.059918824295752415e+01
3.660000000000000000e+03 8.957814276292106115e+01
3.670000000000000000e+03 8.870243771385730724e+01
3.680000000000000000e+03 8.795848406199317537e+01
3.690000000000000000e+03 8.733347970947531280e+01
3.700000000000000000e+03 8.681596293377845086e+01
3.710000000000000000e+03 8.639631522299634980e+01
3.720000000000000000e+03 8.606646304548128512e+01
3.730000000000000000e+03 8.581950611706159293e+01
3.740000000000000000e+03 8.564969496889027312e+01
3.750000000000000000e+03 8.555198576416573530e+01
3.760000000000000000e+03 8.552179485688461114e+01
3.770000000000000000e+03 8.555521342243450533e+01
3.780000000000000000e+03 8.564836782252983483e+01
3.790000000000000000e+03 8.579758289728047771e+01
3.800000000000000000e+03 8.599890584987208797e+01
3.810000000000000000e+03 8.624836292832598872e+01
3.820000000000000000e+03 8.654145305721273473e+01
3.830000000000000000e+03 8.687296694866107316e+01
3.840000000000000000e+03 8.723688789902382723e+01
3.850000000000000000e+03 8.762594295049279935e+01
3.860000000000000000e+03 8.803146610642654935e+01
3.870000000000000000e+03 8.844316139370748431e+01
3.880000000000000000e+03 8.884892915075255360e+01
3.890000000000000000e+03 8.923504906308325246e+01
3.900000000000000000e+03 8.958711855856053319e+01
3.910000000000000000e+03 8.989041398340290812e+01
3.920000000000000000e+03 9.013285263393994740e+01
3.930000000000000000e+03 9.030466888850598650e+01
3.940000000000000000e+03 9.040239167609914261e+01
3.950000000000000000e+03 9.042771513826174612e+01
3.960000000000000000e+03 9.038871900491110978e+01
3.970000000000000000e+03 9.029643637934140088e+01
3.980000000000000000e+03 9.016587005952261791e+01
3.990000000000000000e+03 9.001124901518988963e+01
4.000000000000000000e+03 8.984683356805140875e+01
4.010000000000000000e+03 8.968490322146655558e+01
4.019999999999999545e+03 8.953577461458951348e+01
4.030000000000000455e+03 8.940769219290359615e+01
4.040000000000000000e+03 8.930674314261666780e+01
4.050000000000000000e+03 8.923752506524809291e+01
4.059999999999999545e+03 8.920256234259829853e+01
4.070000000000000455e+03 8.920366067637915819e+01
4.080000000000000000e+03 8.924050166516451554e+01
4.090000000000000000e+03 8.931228580826706320e+01
4.100000000000000000e+03 8.941657374674301195e+01
4.110000000000000000e+03 8.955047374205348376e+01
4.120000000000000000e+03 8.970961440463040049e+01
4.130000000000000000e+03 8.988950661827848876e+01
4.140000000000000000e+03 9.008428769922971924e+01
4.150000000000000000e+03 9.028883327942909887e+01
4.160000000000000000e+03 9.049731109425107434e+01
4.170000000000000000e+03 9.070558571174260010e+01
4.180000000000000000e+03 9.090967161539616370e+01
4.190000000000000000e+03 9.110733447713275268e+01
4.200000000000000000e+03 9.129862619181808725e+01
4.210000000000000000e+03 9.148427666651834045e+01
4.220000000000000000e+03 9.166744225855154582e+01
4.230000000000000000e+03 9.185150837328137641e+01
4.240000000000000000e+03 9.204125610212194886e+01
4.250000000000000000e+03 9.224113254490744396e+01
4.260000000000000000e+03 9.245516934247825702e+01
4.270000000000000000e+03 9.268662811331451223e+01
4.280000000000000000e+03 9.293737061622012163e+01
4.290000000000000000e+03 9.320742204707255496e+01
4.300000000000000000e+03 9.349538969942925348e+01
4.310000000000000000e+03 9.379625304660180518e+01
4.320000000000000000e+03 9.410475152388939080e+01
4.330000000000000000e+03 9.441151861039179494e+01
4.340000000000000000e+03 9.470677110769275941e+01
4.350000000000000000e+03 9.498001265852283836e+01
4.360000000000000000e+03 9.522133974141993917e+01
4.370000000000000000e+03 9.542453643434362220e+01
4.380000000000000000e+03 9.558695329186977574e+01
4.390000000000000000e+03 9.571141200417464745e+01
4.400000000000000000e+03 9.580518007642706380e+01
4.410000000000000000e+03 9.587829103697617938e+01
4.420000000000000000e+03 9.594199857211262383e+01
4.430000000000000000e+03 9.600600706047251265e+01
4.440000000000000000e+03 9.607644278424280060e+01
4.450000000000000000e+03 9.615510819476398297e+01
4.460000000000000000e+03 9.623713539010799423e+01
4.470000000000000000e+03 9.631227193488498983e+01
4.480000000000000000e+03 9.636425913455940417e+01
4.490000000000000000e+03 9.637420595407076007e+01
4.500000000000000000e+03 9.632400368470875662e+01
4.510000000000000000e+03 9.620080478140357627e+01
4.520000000000000000e+03 9.600240896352798359e+01
4.530000000000000000e+03 9.573680699842225295e+01
4.540000000000000000e+03 9.542225195741586674e+01
4.550000000000000000e+03 9.508127273249094458e+01
4.560000000000000000e+03 9.473733045968097599e+01
4.570000000000000000e+03 9.441084868604124836e+01
4.580000000000000000e+03 9.411850554573355510e+01
4.590000000000000000e+03 9.387156595660238168e+01
4.600000000000000000e+03 9.367738921784700779e+01
4.610000000000000000e+03 9.353889247247950323e+01
4.620000000000000000e+03 9.345620789575610843e+01
4.630000000000000000e+03 9.342579963520996955e+01
4.640000000000000000e+03 9.344226163749142700e+01
4.650000000000000000e+03 9.349733707826828777e+01
4.660000000000000000e+03 9.358113794554714104e+01
4.670000000000000000e+03 9.368150081629195824e+01
4.680000000000000000e+03 9.378599073708809897e+01
4.690000000000000000e+03 9.388102148281760151e+01
4.700000000000000000e+03 9.395475156699322383e+01
4.710000000000000000e+03 9.399675816522744753e+01
4.720000000000000000e+03 9.399977594083975418e+01
4.730000000000000000e+03 9.395990451448774650e+01
4.740000000000000000e+03 9.387662517876489687e+01
4.750000000000000000e+03 9.375268472267023867e+01
4.760000000000000000e+03 9.359314234095154461e+01
4.770000000000000000e+03 9.340494929536586710e+01
4.780000000000000000e+03 9.319667518246365034e+01
4.790000000000000000e+03 9.297739231374328028e+01
4.800000000000000000e+03 9.275750001739206141e+01
4.810000000000000000e+03 9.254732248121410976e+01
4.820000000000000000e+03 9.235750182099337735e+01
4.830000000000000000e+03 9.219841212750540649e+01
4.840000000000000000e+03 9.207954795793170888e+01
4.850000000000000000e+03 9.201004445840140988e+01
4.860000000000000000e+03 9.199769656802101281e+01
4.870000000000000000e+03 9.204940735523192075e+01
4.880000000000000000e+03 9.217087964594819027e+01
4.890000000000000000e+03 9.236648811228305078e+01
4.900000000000000000e+03 9.264034950980770589e+01
4.910000000000000000e+03 9.299539824571276370e+01
4.920000000000000000e+03 9.343279465064865974e+01
4.930000000000000000e+03 9.395474069008919571e+01
4.940000000000000000e+03 9.456010670363930615e+01
4.950000000000000000e+03 9.524763359253785211e+01
4.960000000000000000e+03 9.601084529465998685e+01
4.970000000000000000e+03 9.683863401429299245e+01
4.980000000000000000e+03 9.770664784004654280e+01
4.990000000000000000e+03 9.857079874397344099e+01
5.000000000000000000e+03 9.935906271956366709e+01
5.010000000000000000e+03 9.996889577266904325e+01
5.020000000000000000e+03 1.002933977677008670e+02
5.030000000000000000e+03 1.002707622403407441e+02
5.040000000000000000e+03 9.992626239469424831e+01
5.050000000000000000e+03 9.935771284460346919e+01
5.060000000000000000e+03 9.868020752333917756e+01
5.070000000000000000e+03 9.798710455609483461e+01
5.080000000000000000e+03 9.734102516884840384e+01
5.090000000000000000e+03 9.677885017808108614e+01
5.100000000000000000e+03 9.632370801919721259e+01
5.110000000000000000e+03 9.599003831625489624e+01
5.120000000000000000e+03 9.578599131882577922e+01
5.130000000000000000e+03 9.572034583828427401e+01
5.140000000000000000e+03 9.579815276768384535e+01
5.150000000000000000e+03 9.602525330017189731e+01
5.160000000000000000e+03 9.640362373428088461e+01
5.170000000000000000e+03 9.693154925020715496e+01
5.180000000000000000e+03 9.759660685021333393e+01
5.190000000000000000e+03 9.836997072029078026e+01
5.200000000000000000e+03 9.919987261828815406e+01
5.210000000000000000e+03 9.999510051885170014e+01
5.220000000000000000e+03 1.006517846296158893e+02
5.230000000000000000e+03 1.010827226971191237e+02
5.240000000000000000e+03 1.012787515180770725e+02
5.250000000000000000e+03 1.013138174454952605e+02
5.260000000000000000e+03 1.012933362173120315e+02
5.270000000000000000e+03 1.013019071700063023e+02
5.280000000000000000e+03 1.013647688484765297e+02
5.290000000000000000e+03 1.014380605614779824e+02
5.300000000000000000e+03 1.014114087732900487e+02
5.310000000000000000e+03 1.011396500278866739e+02
5.320000000000000000e+03 1.005341799450413021e+02
5.330000000000000000e+03 9.962956665735667627e+01
5.340000000000000000e+03 9.855958121769084812e+01
5.350000000000000000e+03 9.745626456890180123e+01
5.360000000000000000e+03 9.642107108830768425e+01
5.370000000000000000e+03 9.549460531163306598e+01
5.380000000000000000e+03 9.469439880887577488e+01
5.390000000000000000e+03 9.401367304061444941e+01
5.400000000000000000e+03 9.343788197063383905e+01
5.410000000000000000e+03 9.294620113562180563e+01
5.420000000000000000e+03 9.251565276401620963e+01
5.430000000000000000e+03 9.212177667064329967e+01
5.440000000000000000e+03 9.174550988834702991e+01
5.450000000000000000e+03 9.137027767598664241e+01
5.460000000000000000e+03 9.098831630002052862e+01
5.470000000000000000e+03 9.059756063550753424e+01
5.480000000000000000e+03 9.020494254998617123e+01
5.490000000000000000e+03 8.981887071814499279e+01
5.500000000000000000e+03 8.945489358035622729e+01
5.510000000000000000e+03 8.912593734094620856e+01
5.520000000000000000e+03 8.884608638046998408e+01
5.530000000000000000e+03 8.862573055647290232e+01
5.540000000000000000e+03 8.847201168716162556e+01
5.550000000000000000e+03 8.838410824859089132e+01
5.560000000000000000e+03 8.835838916712715729e+01
5.570000000000000000e+03 8.838218750481006225e+01
5.580000000000000000e+03 8.843360143755545266e+01
5.590000000000000000e+03 8.848408653830070136e+01
5.600000000000000000e+03 8.850619053297123173e+01
5.610000000000000000e+03 8.847326615262907978e+01
5.620000000000000000e+03 8.837770981670371384e+01
5.630000000000000000e+03 8.822576826552021600e+01
5.640000000000000000e+03 8.804005753807720680e+01
5.650000000000000000e+03 8.784989865934859665e+01
5.660000000000000000e+03 8.768052564925116599e+01
5.670000000000000000e+03 8.755000823052267833e+01
5.680000000000000000e+03 8.746264183556252192e+01
5.690000000000000000e+03 8.740404829083944094e+01
5.700000000000000000e+03 8.735306325079370993e+01
5.710000000000000000e+03 8.727380467423085975e+01
5.720000000000000000e+03 8.713067278548678019e+01
5.730000000000000000e+03 8.690188986363658330e+01
5.740000000000000000e+03 8.658124457990069800e+01
5.750000000000000000e+03 8.618605638843013139e+01
5.760000000000000000e+03 8.574286545170249951e+01
5.770000000000000000e+03 8.528818753961451193e+01
5.780000000000000000e+03 8.484479450089118302e+01
5.790000000000000000e+03 8.443413095885567543e+01
5.800000000000000000e+03 8.406661634311544162e+01
5.810000000000000000e+03 8.374497239532448134e+01
5.820000000000000000e+03 8.346803960802694178e+01
5.830000000000000000e+03 8.323062991656017573e+01
5.840000000000000000e+03 8.302490082029214591e+01
5.850000000000000000e+03 8.284093174784547386e+01
5.860000000000000000e+03 8.266374029283790037e+01
5.870000000000000000e+03 8.247884179754835543e+01
5.880000000000000000e+03 8.227161056352198898e+01
5.890000000000000000e+03 8.202887393042954045e+01
5.900000000000000000e+03 8.174964769515825935e+01
5.910000000000000000e+03 8.143836680085833279e+01
5.920000000000000000e+03 8.111002603951574486e+01
5.930000000000000000e+03 8.078684132507989091e+01
5.940000000000000000e+03 8.049043161682925529e+01
5.950000000000000000e+03 8.023884420484280611e+01
5.960000000000000000e+03 8.004155277216553088e+01
5.970000000000000000e+03 7.989855547544878789e+01
5.980000000000000000e+03 7.979972346537780936e+01
5.990000000000000000e+03 7.972632701935124544e+01
6.000000000000000000e+03 7.965306866027013655e+01
6.010000000000000000e+03 7.955924819658844171e+01
6.020000000000000000e+03 7.943087651452215425e+01
6.030000000000000000e+03 7.926557422877125703e+01
6.040000000000000000e+03 7.906799616600576996e+01
6.050000000000000000e+03 7.885077156812505450e+01
6.060000000000000000e+03 7.862560729772712875e+01
6.070000000000000000e+03 7.840458448123564494e+01
6.080000000000000000e+03 7.819664470627942876e+01
6.090000000000000000e+03 7.800909338753710642e+01
6.100000000000000000e+03 7.784621264080091407e+01
6.110000000000000000e+03 7.771233372373723114e+01
6.120000000000000000e+03 7.760875812666687068e+01
6.130000000000000000e+03 7.753699013311616284e+01
6.140000000000000000e+03 7.749833754623848847e+01
6.150000000000000000e+03 7.749340665625736335e+01
6.160000000000000000e+03 7.752145766277784844e+01
6.170000000000000000e+03 7.758349946726083601e+01
6.180000000000000000e+03 7.767955712177607097e+01
6.190000000000000000e+03 7.780897131280116241e+01
6.200000000000000000e+03 7.797330188204037427e+01
6.210000000000000000e+03 7.817116677680104431e+01
6.220000000000000000e+03 7.840352264296406304e+01
6.230000000000000000e+03 7.866789970669360343e+01
6.240000000000000000e+03 7.896570007884795928e+01
6.250000000000000000e+03 7.928928641104950259e+01
6.260000000000000000e+03 7.964043318294905305e+01
6.270000000000000000e+03 8.001003733677791274e+01
6.280000000000000000e+03 8.039390315551999322e+01
6.290000000000000000e+03 8.078231084116981719e+01
6.300000000000000000e+03 8.116780510134000792e+01
6.310000000000000000e+03 8.153778383384494077e+01
6.320000000000000000e+03 8.188484099144267248e+01
6.330000000000000000e+03 8.218999007636732301e+01
6.340000000000000000e+03 8.244371865654748888e+01
6.350000000000000000e+03 8.263181672498288322e+01
6.360000000000000000e+03 8.274396803108822951e+01
6.370000000000000000e+03 8.277253226955168941e+01
6.380000000000000000e+03 8.272066180254780932e+01
6.390000000000000000e+03 8.259471565876118859e+01
6.400000000000000000e+03 8.241032503249336116e+01
6.410000000000000000e+03 8.217945468845415746e+01
6.420000000000000000e+03 8.192190662175335092e+01
6.430000000000000000e+03 8.165119568488636048e+01
6.440000000000000000e+03 8.137995820632204413e+01
6.450000000000000000e+03 8.111974886659012896e+01
6.460000000000000000e+03 8.087474969454487450e+01
6.470000000000000000e+03 8.065296203015046217e+01
6.480000000000000000e+03 8.045556354173326952e+01
6.490000000000000000e+03 8.028501405029606985e+01
6.500000000000000000e+03 8.014368515477821120e+01
6.510000000000000000e+03 8.003216620717515184e+01
6.520000000000000000e+03 7.995011032932301021e+01
6.530000000000000000e+03 7.989644744860912340e+01
6.540000000000000000e+03 7.987257597994337743e+01
6.550000000000000000e+03 7.987557885644649502e+01
6.560000000000000000e+03 7.990368683785828807e+01
6.570000000000000000e+03 7.995620350959052303e+01
6.580000000000000000e+03 8.003120759861278088e+01
6.590000000000000000e+03 8.012651138589626498e+01
6.600000000000000000e+03 8.024174611901094067e+01
6.610000000000000000e+03 8.037398957858150084e+01
6.620000000000000000e+03 8.052285117585151397e+01
6.630000000000000000e+03 8.068434224832503787e+01
6.640000000000000000e+03 8.085321724687339895e+01
6.650000000000000000e+03 8.102663627583703487e+01
6.660000000000000000e+03 8.119521639993750739e+01
6.670000000000000000e+03 8.135352621309736776e+01
6.680000000000000000e+03 8.149312836677876248e+01
6.690000000000000000e+03 8.160795384634400307e+01
6.700000000000000000e+03 8.169296533048745346e+01
6.710000000000000000e+03 8.174744789842675630e+01
6.720000000000000000e+03 8.176920339957649730e+01
6.730000000000000000e+03 8.176148292890817970e+01
6.740000000000000000e+03 8.172594908077570608e+01
6.750000000000000000e+03 8.166747365842481088e+01
6.760000000000000000e+03 8.158963593648044821e+01
6.770000000000000000e+03 8.149679546811908892e+01
6.780000000000000000e+03 8.139152450924950699e+01
6.790000000000000000e+03 8.128006426034926335e+01
6.800000000000000000e+03 8.116602832536321444e+01
6.810000000000000000e+03 8.105237170238538624e+01
6.820000000000000000e+03 8.094504583786118701e+01
6.830000000000000000e+03 8.084720483771678801e+01
6.840000000000000000e+03 8.076024987647761577e+01
6.850000000000000000e+03 8.068865424437444744e+01
6.860000000000000000e+03 8.063222523694636834e+01
6.870000000000000000e+03 8.059269515590351318e+01
6.880000000000000000e+03 8.057112828369704971e+01
6.890000000000000000e+03 8.056911301678772475e+01
6.900000000000000000e+03 8.058668606537034407e+01
6.910000000000000000e+03 8.062263599949262982e+01
6.920000000000000000e+03 8.067916166868081973e+01
6.930000000000000000e+03 8.075304899684286397e+01
6.940000000000000000e+03 8.084369464825590512e+01
6.950000000000000000e+03 8.094749243009147222e+01
6.960000000000000000e+03 8.105953278494797587e+01
6.970000000000000000e+03 8.117840515834272708e+01
6.980000000000000000e+03 8.129580766912333445e+01
6.990000000000000000e+03 8.141040751218852733e+01
7.000000000000000000e+03 8.151836074505823149e+01
7.010000000000000000e+03 8.161599177668253446e+01
7.020000000000000000e+03 8.170365998319326195e+01
7.030000000000000000e+03 8.177813788268309736e+01
7.040000000000000000e+03 8.183853691640740635e+01
7.050000000000000000e+03 8.188322684143369656e+01
7.060000000000000000e+03 8.190985865925058818e+01
7.070000000000000000e+03 8.191735235559364980e+01
7.080000000000000000e+03 8.190372433936497032e+01
7.090000000000000000e+03 8.187076147205567622e+01
7.100000000000000000e+03 8.181905201296437724e+01
7.110000000000000000e+03 8.175155770451759452e+01
7.120000000000000000e+03 8.167363228768388694e+01
7.130000000000000000e+03 8.158780263912663600e+01
7.140000000000000000e+03 8.150169459376861880e+01
7.150000000000000000e+03 8.141758275735186601e+01
7.160000000000000000e+03 8.133862054610361270e+01
7.170000000000000000e+03 8.126976270225102894e+01
7.180000000000000000e+03 8.121053006830884158e+01
7.190000000000000000e+03 8.116525419460542423e+01
7.200000000000000000e+03 8.113501238029894580e+01
7.210000000000000000e+03 8.112011189169905379e+01
7.220000000000000000e+03 8.112237539810547560e+01
7.230000000000000000e+03 8.114112762151660263e+01
7.240000000000000000e+03 8.117750339206247645e+01
7.250000000000000000e+03 8.122897571176767428e+01
7.260000000000000000e+03 8.129395999595955402e+01
7.270000000000000000e+03 8.137209630892635914e+01
7.280000000000000000e+03 8.145867368021166044e+01
7.290000000000000000e+03 8.155433952247256002e+01
7.300000000000000000e+03 8.165857882080773322e+01
7.310000000000000000e+03 8.176743289264263126e+01
7.320000000000000000e+03 8.188196828839880936e+01
7.330000000000000000e+03 8.199881200424360372e+01
7.340000000000000000e+03 8.211618438688745414e+01
7.350000000000000000e+03 8.222981522866966486e+01
7.360000000000000000e+03 8.233517382350557057e+01
7.370000000000000000e+03 8.242734950478580913e+01
7.380000000000000000e+03 8.250091454733613716e+01
7.390000000000000000e+03 8.255175983748378599e+01
7.400000000000000000e+03 8.257829480765428798e+01
7.410000000000000000e+03 8.258064073789174131e+01
7.420000000000000000e+03 8.256033699593794495e+01
7.430000000000000000e+03 8.252239110510708997e+01
7.440000000000000000e+03 8.246844101278226447e+01
7.450000000000000000e+03 8.240504166293364108e+01
7.460000000000000000e+03 8.233334004864458677e+01
7.470000000000000000e+03 8.225810907497640301e+01
7.480000000000000000e+03 8.218264523749371619e+01
7.490000000000000000e+03 8.210714759000970275e+01
7.500000000000000000e+03 8.203549431653435420e+01
7.510000000000000000e+03 8.196970901359486561e+01
7.520000000000000000e+03 8.191177547664479164e+01
7.530000000000000000e+03 8.186657387853912837e+01
7.540000000000000000e+03 8.183109138212360278e+01
7.550000000000000000e+03 8.180918221926590661e+01
7.560000000000000000e+03 8.180114023956139135e+01
7.570000000000000000e+03 8.180652529644748938e+01
7.580000000000000000e+03 8.182760921464904413e+01
7.590000000000000000e+03 8.186251358239033493e+01
7.600000000000000000e+03 8.191261735430200019e+01
7.610000000000000000e+03 8.197717484262072674e+01
7.620000000000000000e+03 8.205790595596859305e+01
7.630000000000000000e+03 8.215112059608662776e+01
7.640000000000000000e+03 8.225744682383017903e+01
7.650000000000000000e+03 8.237174279441015301e+01
7.660000000000000000e+03 8.249093343752734597e+01
7.670000000000000000e+03 8.260870948001704051e+01
7.680000000000000000e+03 8.272040925866218686e+01
7.690000000000000000e+03 8.282206560426587316e+01
7.700000000000000000e+03 8.290977964000612133e+01
7.710000000000000000e+03 8.298065266832179532e+01
7.720000000000000000e+03 8.303488235898684877e+01
7.730000000000000000e+03 8.307365018190799333e+01
7.740000000000000000e+03 8.309451423062398590e+01
7.750000000000000000e+03 8.310198989521212809e+01
7.760000000000000000e+03 8.309389602803518926e+01
7.770000000000000000e+03 8.306942066571357941e+01
7.780000000000000000e+03 8.303002853522781379e+01
7.790000000000000000e+03 8.297658937131716073e+01
7.800000000000000000e+03 8.291041866187926246e+01
7.810000000000000000e+03 8.283387264888644097e+01
7.820000000000000000e+03 8.275165661821304752e+01
7.830000000000000000e+03 8.266490807753699244e+01
7.840000000000000000e+03 8.258343539777783349e+01
7.850000000000000000e+03 8.250605634305361491e+01
7.860000000000000000e+03 8.243746494559522375e+01
7.870000000000000000e+03 8.237943206030544729e+01
7.880000000000000000e+03 8.233408301862493772e+01
7.890000000000000000e+03 8.230239385456486900e+01
7.900000000000000000e+03 8.228681840275847037e+01
7.910000000000000000e+03 8.228614133957844956e+01
7.920000000000000000e+03 8.230356239561446330e+01
7.930000000000000000e+03 8.233643231329124035e+01
7.940000000000000000e+03 8.238504764303104366e+01
7.950000000000000000e+03 8.244805704618372033e+01
7.960000000000000000e+03 8.252231044735978571e+01
7.970000000000000000e+03 8.260506868975974726e+01
7.980000000000000000e+03 8.269438103491644654e+01
7.990000000000000000e+03 8.278659212260407685e+01
8.000000000000000000e+03 8.288126705215876200e+01
8.010000000000000000e+03 8.297491646216170125e+01
8.020000000000000000e+03 8.306895112678333248e+01
8.029999999999999091e+03 8.316026008796205815e+01
8.039999999999999091e+03 8.324803455464093815e+01
8.050000000000000909e+03 8.332903174746110153e+01
8.060000000000000909e+03 8.340181095749281326e+01
8.070000000000000000e+03 8.345893896289075542e+01
8.080000000000000000e+03 8.349983252210689955e+01
8.090000000000000000e+03 8.351759319773826462e+01
8.100000000000000000e+03 8.351346632429252281e+01
8.109999999999999091e+03 8.348867858361855099e+01
8.119999999999999091e+03 8.344360784401698083e+01
8.130000000000000909e+03 8.338411094255086198e+01
8.140000000000000909e+03 8.331346827271210032e+01
8.150000000000000000e+03 8.323756998320149592e+01
8.160000000000000000e+03 8.316047240985054145e+01
8.170000000000000000e+03 8.308411882674823801e+01
8.180000000000000000e+03 8.301185480814326922e+01
8.189999999999999091e+03 8.294477215692867844e+01
8.200000000000000000e+03 8.288465903570806859e+01
8.210000000000000000e+03 8.283380401909926150e+01
8.220000000000000000e+03 8.279351030299473280e+01
8.230000000000000000e+03 8.276440407333996063e+01
8.240000000000000000e+03 8.274874497781452476e+01
8.250000000000000000e+03 8.274565017255235944e+01
8.260000000000000000e+03 8.275563456574060694e+01
8.270000000000000000e+03 8.277852672884833396e+01
8.280000000000000000e+03 8.281354406655199796e+01
8.290000000000000000e+03 8.286052815883567746e+01
8.300000000000000000e+03 8.291965642494878352e+01
8.310000000000000000e+03 8.299095715873377799e+01
8.320000000000000000e+03 8.307334605698997620e+01
8.330000000000000000e+03 8.316763853476332713e+01
8.340000000000000000e+03 8.327069911836998983e+01
8.350000000000000000e+03 8.338075350948957976e+01
8.360000000000000000e+03 8.349260614071764053e+01
8.370000000000000000e+03 8.360240642735597305e+01
8.380000000000000000e+03 8.370280316850866598e+01
8.390000000000000000e+03 8.379006983235980499e+01
8.400000000000000000e+03 8.386072487640461759e+01
8.410000000000000000e+03 8.391242263770676857e+01
8.420000000000000000e+03 8.394500363259203368e+01
8.430000000000000000e+03 8.396113477100857381e+01
8.440000000000000000e+03 8.395982361685541662e+01
8.450000000000000000e+03 8.394831287740259995e+01
8.460000000000000000e+03 8.392340821557124286e+01
8.470000000000000000e+03 8.388972290360904083e+01
8.480000000000000000e+03 8.384466051917371487e+01
8.490000000000000000e+03 8.379124392782669872e+01
8.500000000000000000e+03 8.373049690135053424e+01
8.510000000000000000e+03 8.366439341057824208e+01
8.520000000000000000e+03 8.359510580334145402e+01
8.530000000000000000e+03 8.352600710490266067e+01
8.540000000000000000e+03 8.345987214426834555e+01
8.550000000000000000e+03 8.340203071847255956e+01
8.560000000000000000e+03 8.335283031028274081e+01
8.570000000000000000e+03 8.331559220122677800e+01
8.580000000000000000e+03 8.328991334915748723e+01
8.590000000000000000e+03 8.327874356320712934e+01
8.600000000000000000e+03 8.328272544380715203e+01
8.610000000000000000e+03 8.330165861143056816e+01
8.620000000000000000e+03 8.333778255562904747e+01
8.630000000000000000e+03 8.338892841782629262e+01
8.640000000000000000e+03 8.345545085846184463e+01
8.650000000000000000e+03 8.353513536578867615e+01
8.660000000000000000e+03 8.362556817315150681e+01
8.670000000000000000e+03 8.372261541833955789e+01
8.680000000000000000e+03 8.382269711786213406e+01
8.690000000000000000e+03 8.392290950533694627e+01
8.700000000000000000e+03 8.401989657244406828e+01
8.710000000000000000e+03 8.411207414726989384e+01
8.720000000000000000e+03 8.419824365327345106e+01
8.730000000000000000e+03 8.427815603721870730e+01
8.740000000000000000e+03 8.435276356692354227e+01
8.750000000000000000e+03 8.441893819088620887e+01
8.760000000000000000e+03 8.447557349191157527e+01
8.770000000000000000e+03 8.451852954591039691e+01
8.780000000000000000e+03 8.454514613290439229e+01
8.790000000000000000e+03 8.455155242849673414e+01
8.800000000000000000e+03 8.453730050357386006e+01
8.810000000000000000e+03 8.450334323933249436e+01
8.820000000000000000e+03 8.445078830700283845e+01
8.830000000000000000e+03 8.438584106202419832e+01
8.840000000000000000e+03 8.431057754188850595e+01
8.850000000000000000e+03 8.423344145197738442e+01
8.860000000000000000e+03 8.415645613877715903e+01
8.870000000000000000e+03 8.408323505976296985e+01
8.880000000000000000e+03 8.401712575448846110e+01
8.890000000000000000e+03 8.395923952928656320e+01
8.900000000000000000e+03 8.391110802222782183e+01
8.910000000000000000e+03 8.387375830078256911e+01
8.920000000000000000e+03 8.384935046950467097e+01
8.930000000000000000e+03 8.383623226279199514e+01
8.940000000000000000e+03 8.383789568305371631e+01
8.950000000000000000e+03 8.385213736271786900e+01
8.960000000000000000e+03 8.387894559404301731e+01
8.970000000000000000e+03 8.391710496470538772e+01
8.980000000000000000e+03 8.396626564846238239e+01
8.990000000000000000e+03 8.402387792781871667e+01
9.000000000000000000e+03 8.409137621469037072e+01
9.010000000000000000e+03 8.416683889350446179e+01
9.020000000000000000e+03 8.425124099835798575e+01
9.030000000000000000e+03 8.434398506165022980e+01
9.040000000000000000e+03 8.444283320152854344e+01
9.050000000000000000e+03 8.454659876367364291e+01
9.060000000000000000e+03 8.465065801464936612e+01
9.070000000000000000e+03 8.474977314882505652e+01
9.080000000000000000e+03 8.483926142829494665e+01
9.090000000000000000e+03 8.491294868353912761e+01
9.100000000000000000e+03 8.496599141722016668e+01
9.110000000000000000e+03 8.499726320875296892e+01
9.120000000000000000e+03 8.500659042786028863e+01
9.130000000000000000e+03 8.499586087110296262e+01
9.140000000000000000e+03 8.497055964828743413e+01
9.150000000000000000e+03 8.493350010695093033e+01
9.160000000000000000e+03 8.488719065006557685e+01
9.170000000000000000e+03 8.483455627567357737e+01
9.180000000000000000e+03 8.477606980538745063e+01
9.190000000000000000e+03 8.471440848398034973e+01
9.200000000000000000e+03 8.464909216442313777e+01
9.210000000000000000e+03 8.458246052189693387e+01
9.220000000000000000e+03 8.451610301595951569e+01
9.230000000000000000e+03 8.445204079441474221e+01
9.240000000000000000e+03 8.439423321589077887e+01
9.250000000000000000e+03 8.434408185536595681e+01
9.260000000000000000e+03 8.430403550248965416e+01
9.270000000000000000e+03 8.427555499245568171e+01
9.280000000000000000e+03 8.426015074565511043e+01
9.290000000000000000e+03 8.425706087209393047e+01
9.300000000000000000e+03 8.426982025719792091e+01
9.310000000000000000e+03 8.429732361605343272e+01
9.320000000000000000e+03 8.433956432168015738e+01
9.330000000000000000e+03 8.439797444077383659e+01
9.340000000000000000e+03 8.447121837677335066e+01
9.350000000000000000e+03 8.455615287419152537e+01
9.360000000000000000e+03 8.465113359043051844e+01
9.370000000000000000e+03 8.475233249152955750e+01
9.380000000000000000e+03 8.485447675151539215e+01
9.390000000000000000e+03 8.495231888011025490e+01
9.400000000000000000e+03 8.504307960115721698e+01
9.410000000000000000e+03 8.512367031657552729e+01
9.420000000000000000e+03 8.519517754575504398e+01
9.430000000000000000e+03 8.525516882475790226e+01
9.440000000000000000e+03 8.530696223156334668e+01
9.450000000000000000e+03 8.534948700746680572e+01
9.460000000000000000e+03 8.538273703252686175e+01
9.470000000000000000e+03 8.540425720894592132e+01
9.480000000000000000e+03 8.541276521727476734e+01
9.490000000000000000e+03 8.540360409178497036e+01
9.500000000000000000e+03 8.537900443465971989e+01
9.510000000000000000e+03 8.533519418618706709e+01
9.520000000000000000e+03 8.527727702570153667e+01
9.530000000000000000e+03 8.520687892893613480e+01
9.540000000000000000e+03 8.512986768104100577e+01
9.550000000000000000e+03 8.505224381521578891e+01
9.560000000000000000e+03 8.497626917991281914e+01
9.570000000000000000e+03 8.490695384946583602e+01
9.580000000000000000e+03 8.484650896192333391e+01
9.590000000000000000e+03 8.479714853893320026e+01
9.600000000000000000e+03 8.475989990264901053e+01
9.610000000000000000e+03 8.473481061570475958e+01
9.620000000000000000e+03 8.472407733582369360e+01
9.630000000000000000e+03 8.472589464932867998e+01
9.640000000000000000e+03 8.474328008275290358e+01
9.650000000000000000e+03 8.477390006372580444e+01
9.660000000000000000e+03 8.481782529084236444e+01
9.670000000000000000e+03 8.487292650809793315e+01
9.680000000000000000e+03 8.493524848113656844e+01
9.690000000000000000e+03 8.500586159050803303e+01
9.700000000000000000e+03 8.508193178613933583e+01
9.710000000000000000e+03 8.516219941034549379e+01
9.720000000000000000e+03 8.524842384108879401e+01
9.730000000000000000e+03 8.534013595292095999e+01
9.740000000000000000e+03 8.543550376694457782e+01
9.750000000000000000e+03 8.553467922739008600e+01
9.760000000000000000e+03 8.563360862591306955e+01
9.770000000000000000e+03 8.572824624253449599e+01
9.780000000000000000e+03 8.581243156340276812e+01
9.790000000000000000e+03 8.588078208314536255e+01
9.800000000000000000e+03 8.592661599789721549e+01
9.810000000000000000e+03 8.594940043904486515e+01
9.820000000000000000e+03 8.594918173933093897e+01
9.830000000000000000e+03 8.592707900827839751e+01
9.840000000000000000e+03 8.588910645760950047e+01
9.850000000000000000e+03 8.583957907613066141e+01
9.860000000000000000e+03 8.578355636511153648e+01
9.870000000000000000e+03 8.572465446410268441e+01
9.880000000000000000e+03 8.566338608002186561e+01
9.890000000000000000e+03 8.560218994758025701e+01
9.900000000000000000e+03 8.554291902241985213e+01
9.910000000000000000e+03 8.548412845522216230e+01
9.920000000000000000e+03 8.542831790385918111e+01
9.930000000000000000e+03 8.537832332350426157e+01
9.940000000000000000e+03 8.533395914238006696e+01
9.950000000000000000e+03 8.529881450344336713e+01
9.960000000000000000e+03 8.527340337949119942e+01
9.970000000000000000e+03 8.525970505222680629e+01
9.980000000000000000e+03 8.525824486364626864e+01
9.990000000000000000e+03 8.526929341885195868e+01
1.000000000000000000e+04 8.529383386209110540e+01
