804
        8355           1
        8356           1
        8357           1
        8358           1
        8359           1
        8360           1
        8361           1
        8362           1
        8363           1
        8364           1
        8365           1
        8366           1
        8367           1
        8368           1
        8369           1
        8370           1
        8371           1
        8372           1
        8373           1
        8374           1
        8375           1
        8376           1
        8377           1
        8378           1
        8379           1
        8380           1
        8381           1
        8382           1
        8383           1
        8384           1
        8385           1
        8386           1
        8387           1
        8388           1
        8389           1
        8390           1
        8391           1
        8392           1
        8393           1
        8394           1
        8395           1
        8396           1
        8397           1
        8398           1
        8399           1
        8400           1
        8401           1
        8402           1
        8403           1
        8404           1
        8405           1
        8406           1
        8407           1
        8408           1
        8409           1
        8410           1
        8411           1
        8412           1
        8413           1
        8414           1
        8415           1
        8416           1
        8417           1
        8418           1
        8419           1
        8420           1
        8421           1
        8422           1
        8423           1
        8424           1
        8425           1
        8426           1
        8427           1
        8428           1
        8429           1
        8430           1
        8431           1
        8432           1
        8433           1
        8434           1
        8435           1
        8436           1
        8437           1
        8438           1
        8439           1
        8440           1
        8441           1
        8442           1
        8443           1
        8444           1
        8445           1
        8446           1
        8447           1
        8448           1
        8449           1
        8450           1
        8451           1
        8452           1
        8453           1
        8454           1
        8455           1
        8456           1
        8457           1
        8458           1
        8459           1
        8460           1
        8461           1
        8462           1
        8463           1
        8464           1
        8465           1
        8466           1
        8467           1
        8468           1
        8469           1
        8470           1
        8471           1
        8472           1
        8473           1
        8474           1
        8475           1
        8476           1
        8477           1
        8478           1
        8479           1
        8480           1
        8481           1
        8482           1
        8483           1
        8484           1
        8485           1
        8486           1
        8487           1
        8488           1
        8489           1
        8490           1
        8491           1
        8492           1
        8493           1
        8494           1
        8495           1
        8496           1
        8497           1
        8498           1
        8499           1
        8500           1
        8501           1
        8502           1
        8503           1
        8504           1
        8505           1
        8506           1
        8507           1
        8508           1
        8509           1
        8510           1
        8511           1
        8512           1
        8513           1
        8514           1
        8515           1
        8516           1
        8517           1
        8518           1
        8519           1
        8520           1
        8521           1
        8522           1
        8523           1
        8524           1
        8525           1
        8526           1
        8527           1
        8528           1
        8529           1
        8530           1
        8531           1
        8532           1
        8533           1
        8534           1
        8535           1
        8536           1
        8537           1
        8538           1
        8539           1
        8540           1
        8541           1
        8542           1
        8543           1
        8544           1
        8545           1
        8546           1
        8547           1
        8548           1
        8549           1
        8550           1
        8551           1
        8552           1
        8553           1
        8554           1
        8555           1
        8556           1
        8557           1
        8558           1
        8559           1
        8560           1
        8561           1
        8562           1
        8563           1
        8564           1
        8565           1
        8566           1
        8567           1
        8568           1
        8569           1
        8570           1
        8571           1
        8572           1
        8573           1
        8574           1
        8575           1
        8576           1
        8577           1
        8578           1
        8579           1
        8580           1
        8581           1
        8582           1
        8583           1
        8584           1
        8585           1
        8586           1
        8587           1
        8588           1
        8589           1
        8590           1
        8591           1
        8592           1
        8593           1
        8594           1
        8595           1
        8596           1
        8597           1
        8598           1
        8599           1
        8600           1
        8601           1
        8602           1
        8603           1
        8604           1
        8605           1
        8606           1
        8607           1
        8608           1
        8609           1
        8610           1
        8611           1
        8612           1
        8613           1
        8614           1
        8615           1
        8616           1
        8617           1
        8618           1
        8619           1
        8620           1
        8621           1
        8622           1
        8623           1
        8624           1
        8625           1
        8626           1
        8627           1
        8628           1
        8629           1
        8630           1
        8631           1
        8632           1
        8633           1
        8634           1
        8635           1
        8636           1
        8637           1
        8638           1
        8639           1
        8640           1
        8641           1
        8642           1
        8643           1
        8644           1
        8645           1
        8646           1
        8647           1
        8648           1
        8649           1
        8650           1
        8651           1
        8652           1
        8653           1
        8654           1
        8655           1
        8656           1
        8657           1
        8658           1
        8659           1
        8660           1
        8661           1
        8662           1
        8663           1
        8664           1
        8665           1
        8666           1
        8667           1
        8668           1
        8669           1
        8670           1
        8671           1
        8672           1
        8673           1
        8674           1
        8675           1
        8676           1
        8677           1
        8678           1
        8679           1
        8680           1
        8681           1
        8682           1
        8683           1
        8684           1
        8685           1
        8686           1
        8687           1
        8688           1
        8689           1
        8690           1
        8691           1
        8692           1
        8693           1
        8694           1
        8695           1
        8696           1
        8697           1
        8698           1
        8699           1
        8700           1
        8701           1
        8702           1
        8703           1
        8704           1
        8705           1
        8706           1
        8707           1
        8708           1
        8709           1
        8710           1
        8711           1
        8712           1
        8713           1
        8714           1
        8715           1
        8716           1
        8717           1
        8718           1
        8719           1
        8720           1
        8721           1
        8722           1
        8723           1
        8724           1
        8725           1
        8726           1
        8727           1
        8728           1
        8729           1
        8730           1
        8731           1
        8732           1
        8733           1
        8734           1
        8735           1
        8736           1
        8737           1
        8738           1
        8739           1
        8740           1
        8741           1
        8742           1
        8743           1
        8744           1
        8745           1
        8746           1
        8747           1
        8748           1
        8749           1
        8750           1
        8751           1
        8752           1
        8753           1
        8754           1
        8755           1
        8756           1
        8757           1
        8758           1
        8759           1
        8760           1
        8761           1
        8762           1
        8763           1
        8764           1
        8765           1
        8766           1
        8767           1
        8768           1
        8769           1
        8770           1
        8771           1
        8772           1
        8773           1
        8774           1
        8775           1
        8776           1
        8777           1
        8778           3
        8779           3
        8780           3
        8781           2
        8782           2
        8783           2
        8784           2
        8785           2
        8786           2
        8787           2
        8788           2
        8789           2
        8790           2
        8791           2
        8792           2
        8793           2
        8794           2
        8795           2
        8796           2
        8797           2
        8798           2
        8799           2
        8800           2
        8801           2
        8802           2
        8803           2
        8804           2
        8805           2
        8806           2
        8807           2
        8808           2
        8809           2
        8810           2
        8811           2
        8812           2
        8813           2
        8814           2
        8815           2
        8816           2
        8817           2
        8818           2
        8819           2
        8820           2
        8821           2
        8822           2
        8823           2
        8824           2
        8825           2
        8826           2
        8827           2
        8828           2
        8829           2
        8830           2
        8831           2
        8832           2
        8833           2
        8834           2
        8835           2
        8836           2
        8837           2
        8838           2
        8839           2
        8840           2
        8841           2
        8842           2
        8843           2
        8844           2
        8845           2
        8846           2
        8847           2
        8848           2
        8849           2
        8850           2
        8851           2
        8852           2
        8853           2
        8854           2
        8855           2
        8856           2
        8857           2
        8858           2
        8859           2
        8860           2
        8861           2
        8862           2
        8863           2
        8864           2
        8865           2
        8866           2
        8867           2
        8868           2
        8869           2
        8870           2
        8871           2
        8872           2
        8873           2
        8874           2
        8875           2
        8876           2
        8877           2
        8878           2
        8879           2
        8880           2
        8881           2
        8882           2
        8883           2
        8884           2
        8885           2
        8886           2
        8887           2
        8888           2
        8889           2
        8890           2
        8891           2
        8892           2
        8893           2
        8894           2
        8895           2
        8896           2
        8897           2
        8898           2
        8899           2
        8900           2
        8901           2
        8902           3
        8903           3
        8904           3
        8905           3
        8906           3
        8907           3
        8908           2
        8909           2
        8910           2
        8911           2
        8912           2
        8913           2
        8914           2
        8915           2
        8916           2
        8917           2
        8918           2
        8919           2
        8920           2
        8921           2
        8922           2
        8923           2
        8924           2
        8925           2
        8926           2
        8927           2
        8928           2
        8929           2
        8930           2
        8931           2
        8932           2
        8933           2
        8934           2
        8935           2
        8936           2
        8937           2
        8938           2
        8939           2
        8940           2
        8941           2
        8942           2
        8943           2
        8944           2
        8945           2
        8946           2
        8947           2
        8948           2
        8949           2
        8950           2
        8951           2
        8952           2
        8953           2
        8954           2
        8955           2
        8956           2
        8957           2
        8958           2
        8959           2
        8960           2
        8961           2
        8962           2
        8963           2
        8964           2
        8965           2
        8966           2
        8967           2
        8968           2
        8969           2
        8970           2
        8971           2
        8972           2
        8973           2
        8974           2
        8975           2
        8976           2
        8977           2
        8978           2
        8979           2
        8980           2
        8981           2
        8982           2
        8983           2
        8984           2
        8985           2
        8986           2
        8987           2
        8988           2
        8989           2
        8990           2
        8991           2
        8992           2
        8993           2
        8994           2
        8995           2
        8996           2
        8997           2
        8998           2
        8999           2
        9000           2
        9001           2
        9002           2
        9003           2
        9004           2
        9005           2
        9006           2
        9007           2
        9008           2
        9009           2
        9010           2
        9011           2
        9012           2
        9013           2
        9014           2
        9015           2
        9016           2
        9017           2
        9018           2
        9019           2
        9020           2
        9021           2
        9022           2
        9023           2
        9024           2
        9025           2
        9026           2
        9027           2
        9028           2
        9029           3
        9030           3
        9031           3
        9032           3
        9033           3
        9034           3
        9035           2
        9036           2
        9037           2
        9038           2
        9039           2
        9040           2
        9041           2
        9042           2
        9043           2
        9044           2
        9045           2
        9046           2
        9047           2
        9048           2
        9049           2
        9050           2
        9051           2
        9052           2
        9053           2
        9054           2
        9055           2
        9056           2
        9057           2
        9058           2
        9059           2
        9060           2
        9061           2
        9062           2
        9063           2
        9064           2
        9065           2
        9066           2
        9067           2
        9068           2
        9069           2
        9070           2
        9071           2
        9072           2
        9073           2
        9074           2
        9075           2
        9076           2
        9077           2
        9078           2
        9079           2
        9080           2
        9081           2
        9082           2
        9083           2
        9084           2
        9085           2
        9086           2
        9087           2
        9088           2
        9089           2
        9090           2
        9091           2
        9092           2
        9093           2
        9094           2
        9095           2
        9096           2
        9097           2
        9098           2
        9099           2
        9100           2
        9101           2
        9102           2
        9103           2
        9104           2
        9105           2
        9106           2
        9107           2
        9108           2
        9109           2
        9110           2
        9111           2
        9112           2
        9113           2
        9114           2
        9115           2
        9116           2
        9117           2
        9118           2
        9119           2
        9120           2
        9121           2
        9122           2
        9123           2
        9124           2
        9125           2
        9126           2
        9127           2
        9128           2
        9129           2
        9130           2
        9131           2
        9132           2
        9133           2
        9134           2
        9135           2
        9136           2
        9137           2
        9138           2
        9139           2
        9140           2
        9141           2
        9142           2
        9143           2
        9144           2
        9145           2
        9146           2
        9147           2
        9148           2
        9149           2
        9150           2
        9151           2
        9152           2
        9153           2
        9154           2
        9155           2
        9156           3
        9157           3
        9158           3
