         126
        7759           2        7950        7951
        7886           2        7951        8082
        7879           2        8071        8072
        7887           2        8072        8083
        8124           2        8082        8318
        8125           2        8083        8319
        8128           2        8318        8322
        8242           2        8319        8435
        8243           2        8435        8436
        8244           2        8436        8437
        8245           2        8437        8438
        8246           2        8438        8439
        8247           2        8439        8440
        8248           2        8440        8441
        8249           2        8441        8442
        8250           2        8442        8443
        8251           2        8443        8444
        8252           2        8444        8445
        8253           2        8445        8446
        8254           2        8446        8447
        8255           2        8447        8448
        8256           2        8448        8449
        8257           2        8449        8450
        8258           2        8450        8451
        8259           2        8451        8452
        8260           2        8452        8453
        8261           2        8453        8454
        8262           2        8454        8455
        8263           2        8455        8456
        8264           2        8456        8457
        8265           2        8457        8458
        8266           2        8458        8459
        8267           2        8459        8460
        8268           2        8460        8461
        8269           2        8461        8462
        8270           2        8462        8463
        8271           2        8463        8464
        8272           2        8464        8465
        8273           2        8465        8466
        8274           2        8466        8467
        8275           2        8467        8468
        8276           2        8468        8469
        8277           2        8469        8470
        8278           2        8470        8471
        8279           2        8471        8472
        8280           2        8472        8473
        8281           2        8473        8474
        8282           2        8474        8475
        8283           2        8475        8476
        8284           2        8476        8477
        8285           2        8477        8478
        8286           2        8478        8479
        8287           2        8479        8480
        8288           2        8480        8481
        8289           2        8481        8482
        8290           2        8482        8483
        8291           2        8483        8484
        8292           2        8484        8485
        8293           2        8485        8486
        8294           2        8486        8487
        8295           2        8487        8488
        8296           2        8488        8489
        8297           2        8489        8490
        8298           2        8490        8491
        8299           2        8491        8492
        8300           2        8492        8493
        8301           2        8493        8494
        8302           2        8494        8495
        8303           2        8495        8496
        8304           2        8496        8497
        8305           2        8497        8498
        8306           2        8498        8499
        8307           2        8499        8500
        8308           2        8500        8501
        8309           2        8501        8502
        8310           2        8502        8503
        8311           2        8503        8504
        8312           2        8504        8505
        8313           2        8505        8506
        8314           2        8506        8507
        8315           2        8507        8508
        8316           2        8508        8509
        8317           2        8509        8510
        8318           2        8510        8511
        8319           2        8511        8512
        8320           2        8512        8513
        8321           2        8513        8514
        8322           2        8514        8515
        8323           2        8515        8516
        8324           2        8516        8517
        8325           2        8517        8518
        8326           2        8518        8519
        8327           2        8519        8520
        8328           2        8520        8521
        8329           2        8521        8522
        8330           2        8522        8523
        8331           2        8523        8524
        8332           2        8524        8525
        8333           2        8525        8526
        8334           2        8526        8527
        8335           2        8527        8528
        8336           2        8528        8529
        8337           2        8529        8530
        8338           2        8530        8531
        8339           2        8531        8532
        8340           2        8532        8533
        8341           2        8533        8534
        8342           2        8534        8535
        8343           2        8535        8536
        8344           2        8536        8537
        8345           2        8537        8538
        8346           2        8538        8539
        8347           2        8539        8540
        8348           2        8540        8541
        8349           2        8541        8542
        8350           2        8542        8543
        8351           2        8543        8544
        8352           2        8544        8545
        8353           2        8545        8546
        8354           2        8546        8322
        8426           2        8619        8071
        8498           2        8619        8692
        8570           2        8692        8765
        8639           2        8835        7950
        8708           2        8835        8905
        8777           2        8905        8975
