 -0.23999999999999999          18443566.000000000
 -0.23974999999999999          18956530.000000000
 -0.23949999999999999          19483112.000000000
 -0.23924999999999999          20023658.000000000
 -0.23899999999999999          20578514.000000000
 -0.23874999999999999          21148042.000000000
 -0.23849999999999999          21732608.000000000
 -0.23824999999999999          22332590.000000000
 -0.23799999999999999          22948372.000000000
 -0.23774999999999999          23580348.000000000
 -0.23749999999999999          24228920.000000000
 -0.23724999999999999          24894502.000000000
 -0.23699999999999999          25577516.000000000
 -0.23674999999999999          26278394.000000000
 -0.23649999999999999          26997576.000000000
 -0.23624999999999999          27735518.000000000
 -0.23599999999999999          28492680.000000000
 -0.23574999999999999          29269534.000000000
 -0.23549999999999999          30066568.000000000
 -0.23524999999999999          30884276.000000000
 -0.23499999999999999          31723164.000000000
 -0.23474999999999999          32583750.000000000
 -0.23449999999999999          33466564.000000000
 -0.23424999999999999          34372152.000000000
 -0.23399999999999999          35301064.000000000
 -0.23374999999999999          36253872.000000000
 -0.23349999999999999          37231148.000000000
 -0.23324999999999999          38233496.000000000
 -0.23299999999999998          39261516.000000000
 -0.23274999999999998          40315828.000000000
 -0.23249999999999998          41397072.000000000
 -0.23224999999999998          42505888.000000000
 -0.23199999999999998          43642948.000000000
 -0.23174999999999998          44808928.000000000
 -0.23149999999999998          46004516.000000000
 -0.23124999999999998          47230424.000000000
 -0.23099999999999998          48487380.000000000
 -0.23074999999999998          49776120.000000000
 -0.23049999999999998          51097404.000000000
 -0.23024999999999998          52452004.000000000
 -0.22999999999999998          53840712.000000000
 -0.22974999999999998          55264336.000000000
 -0.22949999999999998          56723700.000000000
 -0.22924999999999998          58219652.000000000
 -0.22899999999999998          59753052.000000000
 -0.22874999999999998          61324788.000000000
 -0.22849999999999998          62935752.000000000
 -0.22824999999999998          64586868.000000000
 -0.22799999999999998          66279084.000000000
 -0.22774999999999998          68013352.000000000
 -0.22749999999999998          69790656.000000000
 -0.22724999999999998          71612000.000000000
 -0.22699999999999998          73478408.000000000
 -0.22674999999999998          75390936.000000000
 -0.22649999999999998          77350640.000000000
 -0.22624999999999998          79358624.000000000
 -0.22599999999999998          81415992.000000000
 -0.22574999999999998          83523896.000000000
 -0.22549999999999998          85683496.000000000
 -0.22524999999999998          87895976.000000000
 -0.22499999999999998          90162560.000000000
 -0.22475000000000001          92484472.000000000
 -0.22449999999999998          94863000.000000000
 -0.22425000000000000          97299416.000000000
 -0.22399999999999998          99795056.000000000
 -0.22375000000000000          102351256.00000000
 -0.22349999999999998          104969408.00000000
 -0.22325000000000000          107650896.00000000
 -0.22299999999999998          110397176.00000000
 -0.22275000000000000          113209696.00000000
 -0.22249999999999998          116089960.00000000
 -0.22225000000000000          119039488.00000000
 -0.22199999999999998          122059848.00000000
 -0.22175000000000000          125152616.00000000
 -0.22150000000000000          128319424.00000000
 -0.22125000000000000          131561928.00000000
 -0.22100000000000000          134881808.00000000
 -0.22075000000000000          138280816.00000000
 -0.22050000000000000          141760672.00000000
 -0.22025000000000000          145323216.00000000
 -0.22000000000000000          148970240.00000000
 -0.21975000000000000          152703632.00000000
 -0.21950000000000000          156525312.00000000
 -0.21925000000000000          160437216.00000000
 -0.21900000000000000          164441312.00000000
 -0.21875000000000000          168539664.00000000
 -0.21850000000000000          172734304.00000000
 -0.21825000000000000          177027360.00000000
 -0.21800000000000000          181420976.00000000
 -0.21775000000000000          185917344.00000000
 -0.21750000000000000          190518688.00000000
 -0.21725000000000000          195227328.00000000
 -0.21700000000000000          200045552.00000000
 -0.21675000000000000          204975760.00000000
 -0.21650000000000000          210020352.00000000
 -0.21625000000000000          215181808.00000000
 -0.21600000000000000          220462640.00000000
 -0.21575000000000000          225865424.00000000
 -0.21550000000000000          231392752.00000000
 -0.21525000000000000          237047312.00000000
 -0.21500000000000000          242831808.00000000
 -0.21475000000000000          248749024.00000000
 -0.21450000000000000          254801776.00000000
 -0.21425000000000000          260992944.00000000
 -0.21400000000000000          267325488.00000000
 -0.21375000000000000          273802368.00000000
 -0.21350000000000000          280426624.00000000
 -0.21325000000000000          287201408.00000000
 -0.21299999999999999          294129888.00000000
 -0.21274999999999999          301215232.00000000
 -0.21249999999999999          308460800.00000000
 -0.21224999999999999          315869888.00000000
 -0.21199999999999999          323445952.00000000
 -0.21174999999999999          331192448.00000000
 -0.21149999999999999          339112928.00000000
 -0.21124999999999999          347210976.00000000
 -0.21099999999999999          355490336.00000000
 -0.21074999999999999          363954720.00000000
 -0.21049999999999999          372607936.00000000
 -0.21024999999999999          381453888.00000000
 -0.20999999999999999          390496544.00000000
 -0.20974999999999999          399739936.00000000
 -0.20949999999999999          409188160.00000000
 -0.20924999999999999          418845408.00000000
 -0.20899999999999999          428715936.00000000
 -0.20874999999999999          438804096.00000000
 -0.20849999999999999          449114336.00000000
 -0.20824999999999999          459651104.00000000
 -0.20799999999999999          470419008.00000000
 -0.20774999999999999          481422720.00000000
 -0.20749999999999999          492666976.00000000
 -0.20724999999999999          504156640.00000000
 -0.20699999999999999          515896608.00000000
 -0.20674999999999999          527891872.00000000
 -0.20649999999999999          540147584.00000000
 -0.20624999999999999          552668928.00000000
 -0.20599999999999999          565461120.00000000
 -0.20574999999999999          578529600.00000000
 -0.20549999999999999          591879872.00000000
 -0.20524999999999999          605517440.00000000
 -0.20499999999999999          619448000.00000000
 -0.20474999999999999          633677376.00000000
 -0.20449999999999999          648211328.00000000
 -0.20424999999999999          663055872.00000000
 -0.20399999999999999          678217152.00000000
 -0.20374999999999999          693701248.00000000
 -0.20349999999999999          709514496.00000000
 -0.20324999999999999          725663296.00000000
 -0.20299999999999999          742154176.00000000
 -0.20274999999999999          758993728.00000000
 -0.20249999999999999          776188672.00000000
 -0.20224999999999999          793745920.00000000
 -0.20199999999999999          811672384.00000000
 -0.20174999999999998          829975104.00000000
 -0.20149999999999998          848661376.00000000
 -0.20124999999999998          867738432.00000000
 -0.20099999999999998          887213824.00000000
 -0.20074999999999998          907095104.00000000
 -0.20049999999999998          927389888.00000000
 -0.20024999999999998          948106048.00000000
 -0.19999999999999998          969251584.00000000
 -0.19974999999999998          990834560.00000000
 -0.19949999999999998          1012863168.0000000
 -0.19924999999999998          1035345856.0000000
 -0.19899999999999998          1058291008.0000000
 -0.19874999999999998          1081707264.0000000
 -0.19849999999999998          1105603584.0000000
 -0.19824999999999998          1129988736.0000000
 -0.19799999999999998          1154871808.0000000
 -0.19774999999999998          1180261888.0000000
 -0.19749999999999998          1206168576.0000000
 -0.19724999999999998          1232601344.0000000
 -0.19699999999999998          1259569664.0000000
 -0.19674999999999998          1287083520.0000000
 -0.19649999999999998          1315152768.0000000
 -0.19624999999999998          1343787776.0000000
 -0.19600000000000001          1372998528.0000000
 -0.19574999999999998          1402795776.0000000
 -0.19550000000000001          1433189888.0000000
 -0.19524999999999998          1464191744.0000000
 -0.19500000000000001          1495812480.0000000
 -0.19474999999999998          1528062848.0000000
 -0.19450000000000001          1560954496.0000000
 -0.19424999999999998          1594498688.0000000
 -0.19400000000000001          1628707200.0000000
 -0.19374999999999998          1663591808.0000000
 -0.19350000000000001          1699164544.0000000
 -0.19324999999999998          1735437568.0000000
 -0.19300000000000000          1772423296.0000000
 -0.19274999999999998          1810134144.0000000
 -0.19250000000000000          1848583040.0000000
 -0.19224999999999998          1887783040.0000000
 -0.19200000000000000          1927746944.0000000
 -0.19174999999999998          1968488320.0000000
 -0.19150000000000000          2010020736.0000000
 -0.19124999999999998          2052357760.0000000
 -0.19100000000000000          2095513600.0000000
 -0.19074999999999998          2139502080.0000000
 -0.19050000000000000          2184337664.0000000
 -0.19024999999999997          2230034944.0000000
 -0.19000000000000000          2276608768.0000000
 -0.18974999999999997          2324074240.0000000
 -0.18950000000000000          2372446208.0000000
 -0.18924999999999997          2421740288.0000000
 -0.18900000000000000          2471971840.0000000
 -0.18874999999999997          2523157248.0000000
 -0.18850000000000000          2575312384.0000000
 -0.18824999999999997          2628453376.0000000
 -0.18800000000000000          2682597120.0000000
 -0.18775000000000000          2737760000.0000000
 -0.18750000000000000          2793959424.0000000
 -0.18725000000000000          2851212544.0000000
 -0.18700000000000000          2909536512.0000000
 -0.18675000000000000          2968949504.0000000
 -0.18650000000000000          3029469184.0000000
 -0.18625000000000000          3091113984.0000000
 -0.18600000000000000          3153902336.0000000
 -0.18575000000000000          3217852928.0000000
 -0.18550000000000000          3282984704.0000000
 -0.18525000000000000          3349317120.0000000
 -0.18500000000000000          3416869376.0000000
 -0.18475000000000000          3485661440.0000000
 -0.18450000000000000          3555713024.0000000
 -0.18425000000000000          3627044864.0000000
 -0.18400000000000000          3699677184.0000000
 -0.18375000000000000          3773630720.0000000
 -0.18350000000000000          3848926976.0000000
 -0.18325000000000000          3925586944.0000000
 -0.18300000000000000          4003632384.0000000
 -0.18275000000000000          4083085056.0000000
 -0.18250000000000000          4163967488.0000000
 -0.18225000000000000          4246301952.0000000
 -0.18200000000000000          4330111488.0000000
 -0.18174999999999999          4415418368.0000000
 -0.18149999999999999          4502246912.0000000
 -0.18124999999999999          4590620672.0000000
 -0.18099999999999999          4680562688.0000000
 -0.18074999999999999          4772098048.0000000
 -0.18049999999999999          4865250816.0000000
 -0.18024999999999999          4960046080.0000000
 -0.17999999999999999          5056508416.0000000
 -0.17974999999999999          5154664448.0000000
 -0.17949999999999999          5254538752.0000000
 -0.17924999999999999          5356157952.0000000
 -0.17899999999999999          5459548160.0000000
 -0.17874999999999999          5564736512.0000000
 -0.17849999999999999          5671749632.0000000
 -0.17824999999999999          5780614656.0000000
 -0.17799999999999999          5891359232.0000000
 -0.17774999999999999          6004012032.0000000
 -0.17749999999999999          6118600192.0000000
 -0.17724999999999999          6235153408.0000000
 -0.17699999999999999          6353699840.0000000
 -0.17674999999999999          6474269184.0000000
 -0.17649999999999999          6596891136.0000000
 -0.17624999999999999          6721594880.0000000
 -0.17599999999999999          6848411136.0000000
 -0.17574999999999999          6977370624.0000000
 -0.17549999999999999          7108504576.0000000
 -0.17524999999999999          7241843200.0000000
 -0.17499999999999999          7377418752.0000000
 -0.17474999999999999          7515263488.0000000
 -0.17449999999999999          7655409152.0000000
 -0.17424999999999999          7797888512.0000000
 -0.17399999999999999          7942734848.0000000
 -0.17374999999999999          8089981440.0000000
 -0.17349999999999999          8239661056.0000000
 -0.17324999999999999          8391809024.0000000
 -0.17299999999999999          8546459136.0000000
 -0.17274999999999999          8703645696.0000000
 -0.17249999999999999          8863405056.0000000
 -0.17224999999999999          9025771520.0000000
 -0.17199999999999999          9190780928.0000000
 -0.17174999999999999          9358469120.0000000
 -0.17149999999999999          9528873984.0000000
 -0.17124999999999999          9702031360.0000000
 -0.17099999999999999          9877979136.0000000
 -0.17074999999999999          10056754176.000000
 -0.17049999999999998          10238394368.000000
 -0.17024999999999998          10422938624.000000
 -0.16999999999999998          10610425856.000000
 -0.16974999999999998          10800894976.000000
 -0.16949999999999998          10994383872.000000
 -0.16924999999999998          11190934528.000000
 -0.16899999999999998          11390584832.000000
 -0.16874999999999998          11593377792.000000
 -0.16849999999999998          11799352320.000000
 -0.16824999999999998          12008549376.000000
 -0.16799999999999998          12221012992.000000
 -0.16775000000000001          12436782080.000000
 -0.16749999999999998          12655901696.000000
 -0.16725000000000001          12878411776.000000
 -0.16699999999999998          13104358400.000000
 -0.16675000000000001          13333782528.000000
 -0.16649999999999998          13566728192.000000
 -0.16625000000000001          13803240448.000000
 -0.16599999999999998          14043363328.000000
 -0.16575000000000001          14287141888.000000
 -0.16549999999999998          14534621184.000000
 -0.16525000000000001          14785846272.000000
 -0.16499999999999998          15040864256.000000
 -0.16475000000000001          15299720192.000000
 -0.16449999999999998          15562461184.000000
 -0.16425000000000001          15829134336.000000
 -0.16399999999999998          16099786752.000000
 -0.16375000000000001          16374465536.000000
 -0.16349999999999998          16653219840.000000
 -0.16325000000000001          16936096768.000000
 -0.16299999999999998          17223147520.000000
 -0.16275000000000001          17514418176.000000
 -0.16249999999999998          17809958912.000000
 -0.16225000000000001          18109818880.000000
 -0.16199999999999998          18414051328.000000
 -0.16175000000000000          18722703360.000000
 -0.16149999999999998          19035826176.000000
 -0.16125000000000000          19353470976.000000
 -0.16099999999999998          19675691008.000000
 -0.16075000000000000          20002535424.000000
 -0.16049999999999998          20334057472.000000
 -0.16025000000000000          20670308352.000000
 -0.15999999999999998          21011341312.000000
 -0.15975000000000000          21357211648.000000
 -0.15949999999999998          21707968512.000000
 -0.15925000000000000          22063667200.000000
 -0.15899999999999997          22424363008.000000
 -0.15875000000000000          22790107136.000000
 -0.15849999999999997          23160956928.000000
 -0.15825000000000000          23536965632.000000
 -0.15799999999999997          23918186496.000000
 -0.15775000000000000          24304676864.000000
 -0.15749999999999997          24696494080.000000
 -0.15725000000000000          25093689344.000000
 -0.15699999999999997          25496320000.000000
 -0.15675000000000000          25904445440.000000
 -0.15649999999999997          26318118912.000000
 -0.15625000000000000          26737397760.000000
 -0.15599999999999997          27162341376.000000
 -0.15575000000000000          27593003008.000000
 -0.15549999999999997          28029442048.000000
 -0.15525000000000000          28471715840.000000
 -0.15499999999999997          28919883776.000000
 -0.15475000000000000          29374001152.000000
 -0.15449999999999997          29834129408.000000
 -0.15425000000000000          30300323840.000000
 -0.15399999999999997          30772643840.000000
 -0.15375000000000000          31251148800.000000
 -0.15349999999999997          31735900160.000000
 -0.15325000000000000          32226951168.000000
 -0.15299999999999997          32724365312.000000
 -0.15275000000000000          33228201984.000000
 -0.15249999999999997          33738518528.000000
 -0.15225000000000000          34255376384.000000
 -0.15200000000000000          34778836992.000000
 -0.15175000000000000          35308953600.000000
 -0.15150000000000000          35845791744.000000
 -0.15125000000000000          36389412864.000000
 -0.15100000000000000          36939870208.000000
 -0.15075000000000000          37497229312.000000
 -0.15049999999999999          38061551616.000000
 -0.15024999999999999          38632894464.000000
 -0.14999999999999999          39211315200.000000
 -0.14974999999999999          39796883456.000000
 -0.14949999999999999          40389648384.000000
 -0.14924999999999999          40989679616.000000
 -0.14899999999999999          41597030400.000000
 -0.14874999999999999          42211766272.000000
 -0.14849999999999999          42833948672.000000
 -0.14824999999999999          43463630848.000000
 -0.14799999999999999          44100878336.000000
 -0.14774999999999999          44745748480.000000
 -0.14749999999999999          45398306816.000000
 -0.14724999999999999          46058606592.000000
 -0.14699999999999999          46726709248.000000
 -0.14674999999999999          47402676224.000000
 -0.14649999999999999          48086568960.000000
 -0.14624999999999999          48778444800.000000
 -0.14599999999999999          49478361088.000000
 -0.14574999999999999          50186383360.000000
 -0.14549999999999999          50902560768.000000
 -0.14524999999999999          51626958848.000000
 -0.14499999999999999          52359639040.000000
 -0.14474999999999999          53100650496.000000
 -0.14449999999999999          53850058752.000000
 -0.14424999999999999          54607917056.000000
 -0.14399999999999999          55374286848.000000
 -0.14374999999999999          56149225472.000000
 -0.14349999999999999          56932782080.000000
 -0.14324999999999999          57725026304.000000
 -0.14299999999999999          58526003200.000000
 -0.14274999999999999          59335774208.000000
 -0.14249999999999999          60154392576.000000
 -0.14224999999999999          60981915648.000000
 -0.14199999999999999          61818396672.000000
 -0.14174999999999999          62663892992.000000
 -0.14149999999999999          63518453760.000000
 -0.14124999999999999          64382136320.000000
 -0.14099999999999999          65254989824.000000
 -0.14074999999999999          66137067520.000000
 -0.14049999999999999          67028426752.000000
 -0.14024999999999999          67929112576.000000
 -0.13999999999999999          68839178240.000000
 -0.13974999999999999          69758672896.000000
 -0.13949999999999999          70687653888.000000
 -0.13924999999999998          71626162176.000000
 -0.13899999999999998          72574238720.000000
 -0.13874999999999998          73531949056.000000
 -0.13849999999999998          74499334144.000000
 -0.13824999999999998          75476434944.000000
 -0.13799999999999998          76463292416.000000
 -0.13774999999999998          77459972096.000000
 -0.13749999999999998          78466498560.000000
 -0.13724999999999998          79482929152.000000
 -0.13699999999999998          80509288448.000000
 -0.13674999999999998          81545641984.000000
 -0.13649999999999998          82592014336.000000
 -0.13624999999999998          83648446464.000000
 -0.13599999999999998          84714987520.000000
 -0.13574999999999998          85791662080.000000
 -0.13550000000000001          86878527488.000000
 -0.13524999999999998          87975600128.000000
 -0.13500000000000001          89082920960.000000
 -0.13474999999999998          90200530944.000000
 -0.13450000000000001          91328454656.000000
 -0.13424999999999998          92466733056.000000
 -0.13400000000000001          93615398912.000000
 -0.13374999999999998          94774476800.000000
 -0.13350000000000001          95943991296.000000
 -0.13324999999999998          97123983360.000000
 -0.13300000000000001          98314461184.000000
 -0.13274999999999998          99515473920.000000
 -0.13250000000000001          100727029760.00000
 -0.13224999999999998          101949153280.00000
 -0.13200000000000001          103181877248.00000
 -0.13174999999999998          104425209856.00000
 -0.13150000000000001          105679175680.00000
 -0.13124999999999998          106943791104.00000
 -0.13100000000000001          108219080704.00000
 -0.13074999999999998          109505052672.00000
 -0.13050000000000000          110801715200.00000
 -0.13024999999999998          112109092864.00000
 -0.13000000000000000          113427193856.00000
 -0.12974999999999998          114756018176.00000
 -0.12950000000000000          116095590400.00000
 -0.12924999999999998          117445902336.00000
 -0.12900000000000000          118806962176.00000
 -0.12874999999999998          120178778112.00000
 -0.12850000000000000          121561350144.00000
 -0.12824999999999998          122954678272.00000
 -0.12800000000000000          124358754304.00000
 -0.12774999999999997          125773586432.00000
 -0.12750000000000000          127199166464.00000
 -0.12724999999999997          128635478016.00000
 -0.12700000000000000          130082521088.00000
 -0.12674999999999997          131540287488.00000
 -0.12650000000000000          133008760832.00000
 -0.12624999999999997          134487924736.00000
 -0.12600000000000000          135977771008.00000
 -0.12574999999999997          137478275072.00000
 -0.12550000000000000          138989420544.00000
 -0.12524999999999997          140511182848.00000
 -0.12499999999999999          142043545600.00000
 -0.12474999999999999          143586476032.00000
 -0.12449999999999999          145139941376.00000
 -0.12424999999999999          146703925248.00000
 -0.12399999999999999          148278378496.00000
 -0.12374999999999999          149863301120.00000
 -0.12349999999999998          151458611200.00000
 -0.12324999999999998          153064292352.00000
 -0.12299999999999998          154680311808.00000
 -0.12274999999999998          156306620416.00000
 -0.12249999999999998          157943185408.00000
 -0.12224999999999998          159589924864.00000
 -0.12199999999999998          161246822400.00000
 -0.12174999999999998          162913796096.00000
 -0.12149999999999998          164590829568.00000
 -0.12124999999999998          166277840896.00000
 -0.12099999999999998          167974780928.00000
 -0.12074999999999998          169681567744.00000
 -0.12049999999999998          171398168576.00000
 -0.12024999999999998          173124501504.00000
 -0.12000000000000000          174860484608.00000
 -0.11975000000000000          176606068736.00000
 -0.11950000000000000          178361171968.00000
 -0.11924999999999999          180125712384.00000
 -0.11899999999999999          181899624448.00000
 -0.11874999999999999          183682809856.00000
 -0.11849999999999999          185475186688.00000
 -0.11824999999999999          187276673024.00000
 -0.11799999999999999          189087186944.00000
 -0.11774999999999999          190906613760.00000
 -0.11749999999999999          192734887936.00000
 -0.11724999999999999
