   2.50000004E-02     13.3242693
   7.50000030E-02     22.0258331
  0.125000000         13.6301832
  0.175000012         13.9700880
  0.224999994         8.87151623
  0.275000006         7.27396345
  0.324999988         6.93405867
  0.375000000         8.36165905
  0.425000012         4.18082952
  0.474999994         1.05370498
  0.524999976        0.305914342
  0.575000048         6.79809675E-02
  0.625000000         0.00000000
  0.674999952         0.00000000
  0.725000024         0.00000000
  0.774999976         0.00000000
  0.825000048         0.00000000
  0.875000000         0.00000000
  0.924999952         0.00000000
  0.975000024         0.00000000
