 0.000000  39.129032
 11.454301 38.860215
 22.072581 38.591398
 42.905914 38.188172
 51.239247 34.962366
 56.884409 31.333333
 63.873656 26.763441
 69.250000 22.865591
 74.895161 20.715054
 82.422043 19.236559
 89.545699 17.489247
 98.551075 16.682796
 108.766129 16.413978
 111.991935 16.413978
 127.852151 16.817204
 136.051075 19.370968
 144.922043 21.387097
 152.448925 24.478495
 160.513441 28.107527
 167.771505 32.946237
 174.760753 33.887097
 184.303763 34.962366
 192.771505 35.500000
 199.760753 35.231183
 200.000000 35.231183

