 68.443548 70.000000
 70.997312 67.086022
 77.448925 62.247312
 84.303763 59.693548
 87.932796 56.064516
 91.158602 51.897849
 92.099462 46.924731
 92.502688 41.817204
 91.965054 38.188172
 91.158602 33.752688
 88.470430 31.198925
 87.260753 29.586022
 84.438172 27.301075
 82.422043 22.462366
 82.959677 21.118280
 85.513441 20.043011
 90.217742 19.236559
 96.266129 18.967742
 106.077957 18.564516
 113.067204 18.698925
 119.384409 19.236559
 124.088710 20.715054
 127.717742 23.806452
 128.120968 27.166667
 127.717742 29.989247
 124.357527 32.677419
 121.669355 36.306452
 119.922043 39.801075
 117.502688 44.370968
 116.158602 50.553763
 115.486559 57.408602
 115.889785 62.112903
 118.846774 65.338710
 122.610215 68.161290
 125.836022 69.370968
 127.180108 70.000000
 
