 322
 1 2 1 2 2
 2 2 2 5 2
 3 2 5 7 2
 4 2 7 9 2
 4 2 9 10 1
 5 2 10 11 1
 6 2 11 13 1
 7 2 13 15 1
 8 2 15 17 1
 9 2 17 19 1
 10 2 19 21 1
 11 2 21 23 1
 12 2 23 25 1
 13 2 25 27 1
 14 2 27 29 1
 15 2 29 31 1
 16 2 31 33 1
 17 2 33 35 1
 18 2 35 37 1
 19 2 37 39 1
 20 2 39 41 1
 21 2 41 43 1
 22 2 43 45 1
 23 2 45 47 1
 24 2 47 49 1
 25 2 49 51 1
 26 2 51 53 1
 27 2 53 55 1
 28 2 55 57 1
 29 2 57 59 1
 30 2 59 61 1
 31 2 61 63 1
 32 2 63 65 1
 33 2 65 67 1
 34 2 67 69 1
 35 2 69 71 1
 36 2 71 73 1
 37 2 73 75 1
 38 2 75 77 1
 39 2 77 79 1
 40 2 79 81 1
 41 2 81 83 1
 42 2 83 85 1
 43 2 85 87 1
 44 2 87 89 1
 45 2 89 91 1
 46 2 91 93 1
 47 2 93 95 1
 48 2 95 97 1
 49 2 97 99 1
 50 2 99 101 1
 51 2 101 103 1
 52 2 103 105 1
 53 2 105 107 1
 54 2 107 109 1
 55 2 109 111 1
 56 2 111 113 1
 57 2 113 115 1
 58 2 115 117 1
 59 2 117 119 1
 60 2 119 121 1
 61 2 121 123 1
 62 2 123 125 1
 63 2 125 127 1
 64 2 127 129 1
 65 2 129 131 1
 66 2 131 133 1
 67 2 133 135 1
 68 2 135 137 1
 69 2 137 139 1
 70 2 139 141 1
 71 2 141 143 1
 72 2 143 145 1
 73 2 145 147 1
 74 2 147 149 1
 75 2 149 151 1
 76 2 151 153 1
 77 2 153 155 1
 78 2 155 157 1
 79 2 157 159 1
 80 2 159 161 1
 81 2 161 163 1
 82 2 163 165 1
 83 2 165 167 1
 84 2 167 169 1
 85 2 169 171 1
 86 2 171 173 1
 87 2 173 175 1
 88 2 175 177 1
 89 2 177 179 1
 90 2 179 181 1
 91 2 181 183 1
 92 2 183 185 1
 93 2 185 187 1
 94 2 187 189 1
 95 2 189 191 1
 96 2 191 193 1
 97 2 193 195 1
 98 2 195 197 1
 99 2 197 199 1
 100 2 199 201 1
 101 2 201 203 1
 102 2 203 205 1
 103 2 205 207 1
 104 2 207 209 1
 105 2 209 211 1
 106 2 211 213 1
 107 2 213 215 1
 108 2 215 217 1
 109 2 217 219 1
 110 2 219 221 1
 111 2 221 223 1
 112 2 223 225 1
 113 2 225 227 1
 114 2 227 229 1
 115 2 229 231 1
 116 2 231 233 1
 117 2 233 235 1
 118 2 235 237 1
 119 2 237 239 1
 120 2 239 241 1
 121 2 241 243 1
 122 2 243 245 1
 123 2 245 247 1
 124 2 247 249 1
 124 2 249 250 4
 125 2 251 254 4
 245 2 250 491 4
 246 2 491 493 4
 247 2 493 495 4
 248 2 495 497 4
 249 2 497 499 4
 250 2 254 499 4
 1078 2 1223 1226 2
 1115 2 1297 1298 2
 1116 2 1298 1301 2
 1117 2 1301 1303 2
 1118 2 1303 1305 2
 1119 2 1305 1307 2
 1120 2 1307 1309 2
 1121 2 1309 1311 2
 1122 2 1311 1313 2
 1123 2 1313 1315 2
 1124 2 1315 1317 2
 1125 2 1317 1319 2
 1126 2 1319 1321 2
 1127 2 1226 1321 2
 1678 2 1929 1932 4
 1721 2 1 2016 2
 1841 2 251 2136 4
 1884 2 1297 2179 2
 1885 2 2136 2180 4
 1886 2 2180 2182 4
 1887 2 2182 2184 4
 1888 2 2184 2186 4
 1889 2 2186 2188 4
 1890 2 2188 2190 4
 1891 2 2190 2192 4
 1892 2 2192 2194 4
 1893 2 2194 2196 4
 1894 2 2196 2198 4
 1895 2 2198 2200 4
 1896 2 2200 2202 4
 1897 2 2202 2204 4
 1898 2 2204 2206 4
 1899 2 1932 2206 4
 1900 2 2179 2208 2
 1901 2 2208 2210 2
 1902 2 2210 2212 2
 1903 2 2212 2214 2
 1904 2 2214 2216 2
 1905 2 2216 2218 2
 1906 2 2218 2220 2
 1907 2 2220 2222 2
 1908 2 2222 2224 2
 1909 2 2224 2226 2
 1910 2 2226 2228 2
 1911 2 2228 2230 2
 1912 2 2230 2232 2
 1913 2 2232 2234 2
 1914 2 2234 2236 2
 1915 2 2236 2238 2
 1916 2 2016 2238 2
 3476 2 1223 3650 2
 3477 2 3650 3652 2
 3478 2 3652 3654 2
 3479 2 3654 3656 2
 3480 2 3656 3658 2
 3481 2 3658 3660 2
 3482 2 3660 3662 2
 3483 2 3662 3664 2
 3484 2 3664 3666 2
 3485 2 3666 3668 2
 3486 2 3668 3670 2
 3487 2 3670 3672 2
 3488 2 3672 3674 2
 3489 2 3674 3676 2
 3490 2 3676 3678 2
 3491 2 3678 3680 2
 3890 2 4088 4091 4
 3972 2 1929 4210 4
 3973 2 4210 4211 4
 3974 2 4211 4213 4
 3975 2 4213 4215 4
 3976 2 4215 4217 4
 3977 2 4217 4219 4
 3978 2 4219 4221 4
 3979 2 4221 4223 4
 3980 2 4091 4223 4
 4315 2 3680 4515 2
 4316 2 4515 4517 2
 4317 2 4517 4519 2
 4318 2 4519 4521 2
 4319 2 4521 4523 2
 4507 2 4088 4706 4
 4508 2 4706 4708 4
 4509 2 4708 4710 4
 4510 2 4710 4712 4
 4511 2 4712 4714 4
 4512 2 4714 4716 4
 4513 2 4716 4718 4
 4514 2 4718 4720 4
 4515 2 4720 4722 4
 6648 2 6830 6833 4
 6680 2 4722 6891 4
 6681 2 6891 6893 4
 6682 2 6893 6895 4
 6683 2 6895 6897 4
 6684 2 6897 6899 4
 6685 2 6899 6901 4
 6686 2 6901 6903 4
 6687 2 6903 6905 4
 6688 2 6905 6907 4
 6689 2 6833 6907 4
 6937 2 4523 7119 2
 7063 2 6830 7245 4
 7064 2 7246 7247 2
 7065 2 7247 7250 2
 7066 2 7250 7252 2
 7067 2 7252 7254 2
 7068 2 7254 7256 2
 7069 2 7256 7258 2
 7070 2 7258 7260 2
 7071 2 7119 7260 2
 7072 2 7245 7262 4
 7073 2 7262 7264 4
 7074 2 7264 7266 4
 7075 2 7266 7268 4
 7076 2 7268 7270 4
 7077 2 7270 7272 4
 7078 2 7272 7274 4
 7079 2 7274 7276 4
 7755 2 7276 7942 4
 7756 2 7942 7944 4
 7757 2 7944 7946 4
 7758 2 7946 7948 4
 7759 2 7948 7950 4
 7760 2 7950 7952 4
 7761 2 7952 7954 4
 7762 2 7954 7956 4
 7763 2 7956 7958 4
 7764 2 7958 7960 4
 7765 2 7960 7962 4
 7766 2 7962 7964 4
 7767 2 7964 7966 4
 7768 2 7966 7968 4
 7769 2 7968 7970 4
 7770 2 7970 7972 4
 7771 2 7972 7974 4
 7772 2 7974 7976 4
 7773 2 7976 7978 4
 7774 2 7978 7980 4
 7775 2 7980 7982 4
 7776 2 7982 7984 4
 7777 2 7984 7986 4
 7778 2 7986 7988 4
 7779 2 7988 7990 4
 7780 2 7990 7992 4
 7781 2 7992 7994 4
 7782 2 7994 7996 4
 7783 2 7996 7998 4
 7784 2 7998 8000 4
 7785 2 8000 8002 4
 7786 2 8002 8004 4
 7787 2 8004 8006 4
 7788 2 8006 8008 4
 7789 2 8008 8010 4
 7790 2 8010 8012 4
 7909 2 8250 8251 2
 7910 2 7246 8253 2
 8029 2 8251 8371 2
 8030 2 8371 8373 2
 8031 2 8373 8375 2
 8032 2 8375 8377 2
 8033 2 8377 8379 2
 8034 2 8379 8381 2
 8035 2 8381 8383 2
 8036 2 8383 8385 2
 8037 2 8385 8387 2
 8038 2 8387 8389 2
 8039 2 8389 8391 2
 8040 2 8391 8393 2
 8041 2 8393 8395 2
 8042 2 8395 8397 2
 8043 2 8397 8399 2
 8044 2 8399 8401 2
 8045 2 8401 8403 2
 8046 2 8403 8405 2
 8047 2 8405 8407 2
 8048 2 8407 8409 2
 8049 2 8409 8411 2
 8050 2 8411 8413 2
 8051 2 8413 8415 2
 8052 2 8415 8417 2
 8053 2 8417 8419 2
 8054 2 8419 8421 2
 8055 2 8421 8423 2
 8056 2 8423 8425 2
 8057 2 8425 8427 2
 8058 2 8427 8429 2
 8059 2 8429 8431 2
 8060 2 8253 8431 2
