328
        4854           2        4592        4616
        4849           2        4573        4592
        4945           2        5274        5292
        4944           2        5248        5274
        4289           2        2000        2016
        4290           2        2016        2032
        4444           2        3031        3049
        4449           2        3049        3073
        4885           2        4842        4863
        4890           2        4863        4885
        4909           2        5014        5036
        4914           2        5036        5056
        4621           2        4063        4086
        4620           2        4042        4063
        4350           2        2385        2401
        4352           2        2401        2423
        4389           2        2651        2669
        4397           2        2669        2687
        4884           2        4821        4842
        4212           2        1611        1624
        4211           2        1596        1611
        4185           2        1521        1538
        4196           2        1538        1551
        4244           2        1758        1775
        4245           2        1775        1792
        4576           2        3978        3998
        4614           2        3998        4022
        3897           2         383         393
        3902           2         393         405
        4199           2        1567        1581
        4200           2        1581        1596
        3896           2         373         383
        4540           2        3729        3745
        4545           2        3745        3768
        4214           2        1624        1641
        4215           2        1641        1656
        4076           2        1101        1116
        4077           2        1116        1127
        4155           2        1401        1416
        4166           2        1416        1431
        4626           2        4086        4107
        4071           2        1066        1079
        4073           2        1079        1092
        4293           2        2049        2067
        4301           2        2067        2083
        3933           2         515         527
        3938           2         527         539
        4292           2        2032        2049
        4047           2         968         982
        4052           2         982         993
        4855           2        4616        4639
        4969           2        5449        5468
        4968           2        5426        5449
        3848           2         219         227
        3843           2         212         219
        4551           2        3787        3809
        4546           2        3768        3787
        4836           2        4466        4488
        4831           2        4447        4466
        4425           2        2877        2901
        4426           2        2901        2925
        3915           2         450         460
        3914           2         437         450
        3920           2         460         471
        4558           2        3853        3871
        4557           2        3829        3853
        4564           2        3897        3915
        4569           2        3915        3938
        3849           2         227         237
        3854           2         237         241
        4011           2         824         837
        4010           2         810         824
        5029           2        5619        5639
        5028           2        5598        5619
        4615           2        4022        4042
        4956           2        5338        5363
        4951           2        5316        5338
        4819           2        4356        4380
        4818           2        4337        4356
        4242           2        1742        1758
        4241           2        1726        1742
        3885           2         339         351
        3890           2         351         362
        4563           2        3871        3897
        4256           2        1827        1847
        4257           2        1847        1862
        3963           2         634         647
        3968           2         647         658
        4281           2        1983        2000
        4040           2         935         946
        4035           2         921         935
        4313           2        2137        2156
        4314           2        2156        2175
        5201           2        5639        5659
        5202           2        5659        5684
        4432           2        2946        2968
        4437           2        2968        2991
        4128           2        1295        1310
        4114           2        1280        1295
        4837           2        4488        4508
        4791           2        4150        4170
        4793           2        4170        4190
        4575           2        3958        3978
        4154           2        1383        1401
        4848           2        4550        4573
        3860           2         251         259
        3855           2         241         251
        3891           2         362         373
        5211           2        5684        5703
        5212           2        5703        5725
        5223           2        5766        5790
        5224           2        5790        5814
        4932           2        5163        5185
        4933           2        5185        5205
        4420           2        2855        2877
        4419           2        2836        2855
        4962           2        5385        5407
        4957           2        5363        5385
        4302           2        2083        2099
        4304           2        2099        2119
        4860           2        4639        4661
        4861           2        4661        4684
        4129           2        1310        1322
        4137           2        1322        1339
        4197           2        1551        1567
        4902           2        4947        4971
        4903           2        4971        4991
        4326           2        2230        2248
        4325           2        2211        2230
        4450           2        3073        3097
        4455           2        3097        3119
        4041           2         946         958
        4149           2        1249        1262
        4113           2        1262        1280
        4086           2        1189        1199
        4085           2        1173        1189
        4181           2        1477        1489
        4182           2        1489        1508
        4927           2        5139        5163
        4503           2        3451        3470
        4504           2        3470        3491
        4534           2        3685        3706
        4539           2        3706        3729
        4498           2        3430        3451
        4473           2        3235        3258
        4468           2        3215        3235
        4474           2        3258        3277
        3939           2         539         549
        3944           2         549         561
        4065           2        1041        1052
        4064           2        1030        1041
        4462           2        3168        3190
        4467           2        3190        3215
        4908           2        4991        5014
        4811           2        4297        4317
        4810           2        4277        4297
        4510           2        3513        3532
        4509           2        3491        3513
        4479           2        3277        3303
        4515           2        3532        3557
        4516           2        3557        3579
        4521           2        3579        3599
        4522           2        3599        3621
        4527           2        3621        3641
        4533           2        3662        3685
        4528           2        3641        3662
        4412           2        2798        2816
        4410           2        2774        2798
        4230           2        1704        1726
        4461           2        3143        3168
        4080           2        1140        1149
        4079           2        1127        1140
        4374           2        2538        2556
        4373           2        2519        2538
        4046           2         958         968
        4266           2        1880        1896
        4268           2        1896        1914
        4963           2        5407        5426
        4152           2        1371        1383
        4824           2        4380        4402
        4443           2        3010        3031
        4438           2        2991        3010
        3837           2         201         205
        3836           2         194         201
        3951           2         588         600
        3956           2         600         612
        4361           2        2440        2461
        4362           2        2461        2480
        4151           2        1353        1371
        4138           2        1339        1353
        3932           2         504         515
        4029           2         896         912
        4028           2         884         896
        4338           2        2307        2325
        4337           2        2286        2307
        4088           2        1199        1215
        4074           2        1092        1101
        4830           2        4424        4447
        4456           2        3119        3143
        3909           2         426         437
        3908           2         416         426
        3974           2         669         682
        3975           2         682         694
        4070           2        1052        1066
        4873           2        4754        4774
        4872           2        4728        4754
        4089           2        1215        1232
        4148           2        1232        1249
        4842           2        4508        4530
        4843           2        4530        4550
        4341           2        2346        2364
        4349           2        2364        2385
        4485           2        3323        3344
        4480           2        3303        3323
        4486           2        3344        3367
        4491           2        3367        3389
        4492           2        3389        3409
        4497           2        3409        3430
        4016           2         837         850
        4184           2        1508        1521
        3969           2         658         669
        3867           2         277         285
        3866           2         270         277
        4388           2        2632        2651
        4005           2         802         810
        4004           2         787         802
        4431           2        2925        2946
        4570           2        3938        3958
        4226           2        1656        1672
        4227           2        1672        1687
        4340           2        2325        2346
        3987           2         731         739
        3992           2         739         756
        4083           2        1164        1173
        3842           2         205         212
        4950           2        5292        5316
        5218           2        5749        5766
        3998           2         764         778
        3993           2         756         764
        5217           2        5725        5749
        3828           2         179         181
        4552           2        3809        3829
        4034           2         912         921
        4897           2        4926        4947
        4022           2         861         873
        4017           2         850         861
        5258           2        5814        5836
        4627           2        4107        4127
        3861           2         259         270
        3831           2         190         194
        3830           2         184         190
        4790           2        4127        4150
        3884           2         329         339
        3879           2         322         329
        4825           2        4402        4424
        4265           2        1862        1880
        4974           2        5468        5490
        4800           2        4210        4233
        4801           2        4233        4253
        4328           2        2248        2266
        4987           2        5578        5598
        4986           2        5558        5578
        4939           2        5229        5248
        4938           2        5205        5229
        4385           2        2596        2613
        4377           2        2576        2596
        3999           2         778         787
        4891           2        4885        4904
        3829           2         181         184
        3921           2         471         481
        4386           2        2613        2632
        4229           2        1687        1704
        3872           2         285         298
        4280           2        1965        1983
        4053           2         993        1006
        4278           2        1947        1965
        4169           2        1445        1460
        4167           2        1431        1445
        4812           2        4317        4337
        4353           2        2423        2440
        4400           2        2705        2728
        4398           2        2687        2705
        4329           2        2266        2286
        4915           2        5056        5074
        4896           2        4904        4926
        4316           2        2175        2193
        4317           2        2193        2211
        4305           2        2119        2137
        3986           2         715         731
        4981           2        5536        5558
        4980           2        5514        5536
        5259           2        5836        5861
        3981           2         707         715
        4254           2        1812        1827
        4253           2        1792        1812
        3950           2         573         588
        3945           2         561         573
        3962           2         622         634
        3957           2         612         622
        4926           2        5115        5139
        4794           2        4190        4210
        4277           2        1930        1947
        3926           2         481         493
        4866           2        4684        4704
        4975           2        5490        5514
        4809           2        4253        4277
        4401           2        2728        2752
        4409           2        2752        2774
        4376           2        2556        2576
        4023           2         873         884
        4413           2        2816        2836
        3873           2         298         308
        4170           2        1460        1477
        4879           2        4798        4821
        3980           2         694         707
        4364           2        2480        2500
        4365           2        2500        2519
        3927           2         493         504
        3878           2         308         322
        3903           2         405         416
        4269           2        1914        1930
        4921           2        5098        5115
        4920           2        5074        5098
        4058           2        1006        1016
        4059           2        1016        1030
        4878           2        4774        4798
        4082           2        1149        1164
        4867           2        4704        4728
