       705
      3798          2      56671      56675          4
      3799          2      56674      56681          4
      3802          2      56675      56676          4
      3803          2      56676      56677          4
      3804          2      56677      56678          4
      3805          2      56678      56679          4
      3806          2      56679      56680          4
      3807          2      56680      56681          4
      3830          2      59926      59930          2
      3831          2      59930      59931          2
      3832          2      59931      59932          2
      3833          2      59932      59933          2
      3834          2      59933      59934          2
      3835          2      59934      59935          2
      3836          2      59935      59936          2
      3837          2      59936      59937          2
      3838          2      59937      59938          2
      3839          2      59938      59929          2
     57821          2      56674      56699          4
     57822          2      56699      56700          4
     57823          2      56700      56701          4
     57824          2      56701      56702          4
     57825          2      56702      56703          4
     57826          2      56703      56704          4
     57827          2      56704      56705          4
     57828          2      56705      56706          4
     57829          2      56706      56707          4
     57830          2      56707      56708          4
     57831          2      56708      56709          4
     57832          2      56709      56710          4
     57833          2      56710      56711          4
     57834          2      56711      56712          4
     57835          2      56712      56713          4
     57836          2      56713      56714          4
     57837          2      56714      56715          4
     57838          2      56715      56716          4
     57839          2      56716      56717          4
     57840          2      56717      56718          4
     57841          2      56718      56719          4
     57842          2      56719      56720          4
     57843          2      56720      56721          4
     57844          2      56721      56722          4
     57845          2      56722      56723          4
     57846          2      56723      56724          4
     57847          2      56724      56725          4
     57848          2      56725      56726          4
     57849          2      56726      56727          4
     57850          2      56727      56728          4
     57851          2      56728      56729          4
     57852          2      56729      56730          4
     57853          2      56730      56731          4
     57854          2      56731      56732          4
     57855          2      56732      56733          4
     57856          2      56733      56734          4
     57857          2      56734      56735          4
     57858          2      56735      56736          4
     57859          2      56736      56737          4
     57860          2      56737      56698          4
     57943          2      59959      59962          2
     57944          2      59926      59994          2
     57947          2      59962      59963          2
     57948          2      59963      59964          2
     57949          2      59964      59965          2
     57950          2      59965      59966          2
     57951          2      59966      59967          2
     57952          2      59967      59968          2
     57953          2      59968      59969          2
     57954          2      59969      59970          2
     57955          2      59970      59971          2
     57956          2      59971      59972          2
     57957          2      59972      59973          2
     57958          2      59973      59974          2
     57959          2      59974      59975          2
     57960          2      59975      59976          2
     57961          2      59976      59977          2
     57962          2      59977      59978          2
     57963          2      59978      59979          2
     57964          2      59979      59980          2
     57965          2      59980      59981          2
     57966          2      59981      59982          2
     57967          2      59982      59983          2
     57968          2      59983      59984          2
     57969          2      59984      59985          2
     57970          2      59985      59986          2
     57971          2      59986      59987          2
     57972          2      59987      59988          2
     57973          2      59988      59989          2
     57974          2      59989      59990          2
     57975          2      59990      59991          2
     57976          2      59991      59992          2
     57977          2      59992      59993          2
     57978          2      59993      59994          2
     58045          2      56698      56819          4
     58046          2      56818      56847          4
     58049          2      56819      56820          4
     58050          2      56820      56821          4
     58051          2      56821      56822          4
     58052          2      56822      56823          4
     58053          2      56823      56824          4
     58054          2      56824      56825          4
     58055          2      56825      56826          4
     58056          2      56826      56827          4
     58057          2      56827      56828          4
     58058          2      56828      56829          4
     58059          2      56829      56830          4
     58060          2      56830      56831          4
     58061          2      56831      56832          4
     58062          2      56832      56833          4
     58063          2      56833      56834          4
     58064          2      56834      56835          4
     58065          2      56835      56836          4
     58066          2      56836      56837          4
     58067          2      56837      56838          4
     58068          2      56838      56839          4
     58069          2      56839      56840          4
     58070          2      56840      56841          4
     58071          2      56841      56842          4
     58072          2      56842      56843          4
     58073          2      56843      56844          4
     58074          2      56844      56845          4
     58075          2      56845      56846          4
     58076          2      56846      56847          4
     58160          2      60061      60064          2
     58161          2      60064      60065          2
     58162          2      60065      60066          2
     58163          2      60066      60067          2
     58164          2      60067      60068          2
     58165          2      60068      60069          2
     58166          2      60069      60070          2
     58167          2      60070      60071          2
     58168          2      60071      60072          2
     58169          2      60072      60073          2
     58170          2      60073      60074          2
     58171          2      60074      60075          2
     58172          2      60075      60076          2
     58173          2      60076      60077          2
     58174          2      60077      60078          2
     58175          2      60078      60079          2
     58176          2      60079      60080          2
     58177          2      60080      60081          2
     58178          2      60081      60082          2
     58179          2      60082      60083          2
     58180          2      60083      60084          2
     58181          2      60084      60085          2
     58182          2      60085      60086          2
     58183          2      60086      60087          2
     58184          2      60087      60088          2
     58185          2      60088      60089          2
     58186          2      60089      59959          2
     58214          2      56818      56909          4
     58215          2      56909      56910          4
     58216          2      56910      56911          4
     58217          2      56911      56912          4
     58218          2      56912      56913          4
     58219          2      56913      56914          4
     58220          2      56914      56915          4
     58221          2      56915      56916          4
     58222          2      56916      56917          4
     58223          2      56917      56918          4
     58224          2      56918      56919          4
     58225          2      56919      56920          4
     58226          2      56920      56921          4
     58227          2      56921      56922          4
     58228          2      56922      56923          4
     58229          2      56923      56924          4
     58230          2      56924      56925          4
     58231          2      56925      56926          4
     58232          2      56926      56927          4
     58233          2      56927      56928          4
     58234          2      56928      56929          4
     58235          2      56929      56930          4
     58236          2      56930      56931          4
     58237          2      56931      56932          4
     58238          2      56932      56933          4
     58239          2      56933      56934          4
     58240          2      56934      56935          4
     58241          2      56935      56936          4
     58242          2      56936      56908          4
     58343          2      60142      60145          2
     58344          2      60145      60146          2
     58345          2      60146      60147          2
     58346          2      60147      60148          2
     58347          2      60148      60149          2
     58348          2      60149      60150          2
     58349          2      60150      60151          2
     58350          2      60151      60152          2
     58351          2      60152      60153          2
     58352          2      60153      60154          2
     58353          2      60154      60155          2
     58354          2      60155      60156          2
     58355          2      60156      60157          2
     58356          2      60157      60158          2
     58357          2      60158      60159          2
     58358          2      60159      60160          2
     58359          2      60160      60161          2
     58360          2      60161      60162          2
     58361          2      60162      60163          2
     58362          2      60163      60164          2
     58363          2      60164      60165          2
     58364          2      60165      60166          2
     58365          2      60166      60167          2
     58366          2      60167      60168          2
     58367          2      60168      60169          2
     58368          2      60169      60170          2
     58369          2      60170      60171          2
     58370          2      60171      60172          2
     58371          2      60172      60173          2
     58372          2      60173      60174          2
     58373          2      60174      60175          2
     58374          2      60175      60176          2
     58375          2      60176      60177          2
     58376          2      60177      60178          2
     58377          2      60178      60179          2
     58378          2      60179      60180          2
     58379          2      60180      60181          2
     58380          2      60181      60182          2
     58381          2      60182      60183          2
     58382          2      60183      60184          2
     58383          2      60184      60185          2
     58384          2      60185      60061          2
     58427          2      56908      56996          4
     58428          2      56996      56997          4
     58429          2      56997      56998          4
     58430          2      56998      56999          4
     58431          2      56999      57000          4
     58432          2      57000      57001          4
     58433          2      57001      57002          4
     58434          2      57002      57003          4
     58435          2      57003      57004          4
     58436          2      57004      57005          4
     58437          2      57005      57006          4
     58438          2      57006      57007          4
     58439          2      57007      57008          4
     58440          2      57008      57009          4
     58441          2      57009      57010          4
     58442          2      57010      57011          4
     58443          2      57011      57012          4
     58444          2      57012      57013          4
     58445          2      57013      57014          4
     58446          2      57014      57015          4
     58447          2      57015      57016          4
     58448          2      57016      57017          4
     58449          2      57017      57018          4
     58450          2      57018      57019          4
     58451          2      57019      57020          4
     58452          2      57020      57021          4
     58453          2      57021      57022          4
     58454          2      57022      57023          4
     58455          2      57023      57024          4
     58456          2      57024      57025          4
     58457          2      57025      57026          4
     58458          2      57026      57027          4
     58459          2      57027      56995          4
     58526          2      56995      60362          4
     58527          2      60362      60363          4
     58528          2      60363      60361          4
     58535          2      60361      60380          4
     58536          2      60380      60381          4
     58537          2      60379      60382          1
     58537          2      60381      60379          4
     58538          2      60370      60383          1
     58541          2      60382      60383          1
     58546          2      60370      60373          1
     58547          2      58297      60374          1
     58550          2      60373      60374          1
     58553          2      58297      58301          1
     58554          2      58301      58302          1
     58555          2      58302      58303          1
     58556          2      58303      58304          1
     58557          2      58304      58305          1
     58558          2      58305      58306          1
     58559          2      58306      58307          1
     58560          2      58307      58308          1
     58561          2      58308      58309          1
     58562          2      58309      58310          1
     58563          2      58310      58311          1
     58564          2      58311      58312          1
     58565          2      58312      58313          1
     58566          2      58313      58314          1
     58567          2      58314      58315          1
     58568          2      58315      58316          1
     58569          2      58316      58317          1
     58570          2      58317      58318          1
     58571          2      58318      58319          1
     58572          2      58319      58320          1
     58573          2      58320      58321          1
     58574          2      58321      58322          1
     58575          2      58322      58300          1
     58650          2      60268      60271          2
     58651          2      60271      60272          2
     58652          2      60272      60273          2
     58653          2      60273      60274          2
     58654          2      60274      60275          2
     58655          2      60275      60276          2
     58656          2      60276      60277          2
     58657          2      60277      60278          2
     58658          2      60278      60279          2
     58659          2      60279      60280          2
     58660          2      60280      60281          2
     58661          2      60281      60282          2
     58662          2      60282      60283          2
     58663          2      60283      60284          2
     58664          2      60284      60285          2
     58665          2      60285      60286          2
     58666          2      60286      60287          2
     58667          2      60287      60288          2
     58668          2      60288      60289          2
     58669          2      60289      60290          2
     58670          2      60290      60291          2
     58671          2      60291      60292          2
     58672          2      60292      60293          2
     58673          2      60293      60294          2
     58674          2      60294      60295          2
     58675          2      60295      60296          2
     58676          2      60296      60297          2
     58677          2      60297      60142          2
     58709          2      60397      60401          2
     58710          2      60401      60400          2
     58711          2      60400      60268          2
     58717          2      60406      60416          1
     58718          2      60415      60417          1
     58718          2      60415      60419          2
     58719          2      60419      60418          2
     58720          2      60418      60397          2
     58721          2      60416      60417          1
     58726          2      59239      60407          1
     58727          2      60406      60408          1
     58730          2      60407      60408          1
     58733          2      59062      59240          1
     58734          2      59240      59241          1
     58735          2      59241      59242          1
     58736          2      59242      59243          1
     58737          2      59243      59244          1
     58738          2      59244      59245          1
     58739          2      59245      59246          1
     58740          2      59246      59247          1
     58741          2      59247      59248          1
     58742          2      59248      59249          1
     58743          2      59249      59250          1
     58744          2      59250      59251          1
     58745          2      59251      59252          1
     58746          2      59252      59253          1
     58747          2      59253      59254          1
     58748          2      59254      59255          1
     58749          2      59255      59256          1
     58750          2      59256      59257          1
     58751          2      59257      59258          1
     58752          2      59258      59259          1
     58753          2      59259      59260          1
     58754          2      59260      59261          1
     58755          2      59261      59262          1
     58756          2      59262      59263          1
     58757          2      59263      59264          1
     58758          2      59264      59265          1
     58759          2      59265      59266          1
     58760          2      59266      59267          1
     58761          2      59267      59268          1
     58762          2      59268      59269          1
     58763          2      59269      59270          1
     58764          2      59270      59271          1
     58765          2      59271      59272          1
     58766          2      59272      59273          1
     58767          2      59273      59274          1
     58768          2      59274      59275          1
     58769          2      59275      59276          1
     58770          2      59276      59277          1
     58771          2      59277      59278          1
     58772          2      59278      59279          1
     58773          2      59279      59280          1
     58774          2      59280      59281          1
     58775          2      59281      59282          1
     58776          2      59282      59283          1
     58777          2      59283      59284          1
     58778          2      59284      59285          1
     58779          2      59285      59286          1
     58780          2      59286      59287          1
     58781          2      59287      59288          1
     58782          2      59288      59289          1
     58783          2      59289      59290          1
     58784          2      59290      59291          1
     58785          2      59291      59292          1
     58786          2      59292      59293          1
     58787          2      59293      59294          1
     58788          2      59294      59295          1
     58789          2      59295      59296          1
     58790          2      59296      59297          1
     58791          2      59297      59298          1
     58792          2      59298      59299          1
     58793          2      59299      59300          1
     58794          2      59300      59301          1
     58795          2      59301      59302          1
     58796          2      59302      59303          1
     58797          2      59303      59304          1
     58798          2      59304      59305          1
     58799          2      59305      59306          1
     58800          2      59306      59307          1
     58801          2      59307      59308          1
     58802          2      59308      59309          1
     58803          2      59309      59310          1
     58804          2      59310      59311          1
     58805          2      59311      59312          1
     58806          2      59312      59313          1
     58807          2      59313      59314          1
     58808          2      59314      59315          1
     58809          2      59315      59316          1
     58810          2      59316      59317          1
     58811          2      59317      59318          1
     58812          2      59318      59319          1
     58813          2      59319      59320          1
     58814          2      59320      59321          1
     58815          2      59321      59322          1
     58816          2      59322      59323          1
     58817          2      59323      59324          1
     58818          2      59324      59325          1
     58819          2      59325      59239          1
     58994          2      58300      58370          1
     58995          2      58370      58371          1
     58996          2      58371      58372          1
     58997          2      58372      58373          1
     58998          2      58373      58374          1
     58999          2      58374      58375          1
     59000          2      58375      58376          1
     59001          2      58376      58377          1
     59002          2      58377      58378          1
     59003          2      58378      58379          1
     59004          2      58379      58380          1
     59005          2      58380      58381          1
     59006          2      58381      58382          1
     59007          2      58382      58383          1
     59008          2      58383      58384          1
     59009          2      58384      58385          1
     59010          2      58385      58386          1
     59011          2      58386      58387          1
     59012          2      58387      58388          1
     59013          2      58388      58389          1
     59014          2      58389      58390          1
     59015          2      58390      58391          1
     59016          2      58391      58392          1
     59017          2      58392      58393          1
     59018          2      58393      58394          1
     59019          2      58394      58395          1
     59020          2      58395      58396          1
     59021          2      58396      58397          1
     59022          2      58397      58398          1
     59023          2      58398      58399          1
     59024          2      58399      58400          1
     59025          2      58400      58401          1
     59026          2      58401      58402          1
     59027          2      58402      58403          1
     59028          2      58403      58404          1
     59029          2      58404      58405          1
     59030          2      58405      58406          1
     59031          2      58406      58407          1
     59032          2      58407      58408          1
     59033          2      58408      58409          1
     59034          2      58409      58410          1
     59035          2      58410      58411          1
     59036          2      58411      58412          1
     59037          2      58412      58413          1
     59038          2      58413      58414          1
     59039          2      58414      58415          1
     59040          2      58415      58416          1
     59041          2      58416      58417          1
     59042          2      58417      58418          1
     59043          2      58418      58419          1
     59044          2      58419      58420          1
     59045          2      58420      58421          1
     59046          2      58421      58422          1
     59047          2      58422      58423          1
     59048          2      58423      58424          1
     59049          2      58424      58425          1
     59050          2      58425      58426          1
     59051          2      58426      58427          1
     59052          2      58427      58428          1
     59053          2      58428      58429          1
     59054          2      58429      58430          1
     59055          2      58430      58431          1
     59056          2      58431      58432          1
     59057          2      58432      58433          1
     59058          2      58433      58434          1
     59059          2      58434      58435          1
     59060          2      58435      58436          1
     59061          2      58436      58437          1
     59062          2      58437      58438          1
     59063          2      58438      58439          1
     59064          2      58439      58440          1
     59065          2      58440      58441          1
     59066          2      58441      58442          1
     59067          2      58442      58443          1
     59068          2      58443      58444          1
     59069          2      58444      58445          1
     59070          2      58445      58446          1
     59071          2      58446      58447          1
     59072          2      58447      58448          1
     59073          2      58448      58449          1
     59074          2      58449      58450          1
     59075          2      58450      58451          1
     59076          2      58451      58452          1
     59077          2      58452      58453          1
     59078          2      58453      58454          1
     59079          2      58454      58455          1
     59080          2      58455      58456          1
     59081          2      58456      58457          1
     59082          2      58457      58458          1
     59083          2      58458      58459          1
     59084          2      58459      58460          1
     59085          2      58460      58461          1
     59086          2      58461      58462          1
     59087          2      58462      58463          1
     59088          2      58463      58464          1
     59089          2      58464      58465          1
     59090          2      58465      58466          1
     59091          2      58466      58467          1
     59092          2      58467      58468          1
     59093          2      58468      58469          1
     59094          2      58469      58470          1
     59095          2      58470      58471          1
     59096          2      58471      58472          1
     59097          2      58472      58473          1
     59098          2      58473      58474          1
     59099          2      58474      58475          1
     59100          2      58475      58476          1
     59101          2      58476      58477          1
     59102          2      58477      58478          1
     59103          2      58478      58479          1
     59104          2      58479      58480          1
     59105          2      58480      58481          1
     59106          2      58481      58482          1
     59107          2      58482      58369          1
     59336          2      58711      59063          1
     59337          2      59063      59064          1
     59338          2      59064      59065          1
     59339          2      59065      59066          1
     59340          2      59066      59067          1
     59341          2      59067      59068          1
     59342          2      59068      59069          1
     59343          2      59069      59070          1
     59344          2      59070      59071          1
     59345          2      59071      59072          1
     59346          2      59072      59073          1
     59347          2      59073      59074          1
     59348          2      59074      59075          1
     59349          2      59075      59076          1
     59350          2      59076      59077          1
     59351          2      59077      59078          1
     59352          2      59078      59079          1
     59353          2      59079      59080          1
     59354          2      59080      59081          1
     59355          2      59081      59082          1
     59356          2      59082      59083          1
     59357          2      59083      59084          1
     59358          2      59084      59085          1
     59359          2      59085      59086          1
     59360          2      59086      59087          1
     59361          2      59087      59088          1
     59362          2      59088      59089          1
     59363          2      59089      59090          1
     59364          2      59090      59091          1
     59365          2      59091      59092          1
     59366          2      59092      59093          1
     59367          2      59093      59094          1
     59368          2      59094      59095          1
     59369          2      59095      59096          1
     59370          2      59096      59097          1
     59371          2      59097      59098          1
     59372          2      59098      59099          1
     59373          2      59099      59100          1
     59374          2      59100      59101          1
     59375          2      59101      59102          1
     59376          2      59102      59103          1
     59377          2      59103      59104          1
     59378          2      59104      59105          1
     59379          2      59105      59106          1
     59380          2      59106      59107          1
     59381          2      59107      59108          1
     59382          2      59108      59109          1
     59383          2      59109      59110          1
     59384          2      59110      59111          1
     59385          2      59111      59112          1
     59386          2      59112      59113          1
     59387          2      59113      59114          1
     59388          2      59114      59115          1
     59389          2      59115      59116          1
     59390          2      59116      59117          1
     59391          2      59117      59118          1
     59392          2      59118      59119          1
     59393          2      59119      59120          1
     59394          2      59120      59062          1
     59515          2      58369      58712          1
     59516          2      58711      58827          1
     59519          2      58712      58713          1
     59520          2      58713      58714          1
     59521          2      58714      58715          1
     59522          2      58715      58716          1
     59523          2      58716      58717          1
     59524          2      58717      58718          1
     59525          2      58718      58719          1
     59526          2      58719      58720          1
     59527          2      58720      58721          1
     59528          2      58721      58722          1
     59529          2      58722      58723          1
     59530          2      58723      58724          1
     59531          2      58724      58725          1
     59532          2      58725      58726          1
     59533          2      58726      58727          1
     59534          2      58727      58728          1
     59535          2      58728      58729          1
     59536          2      58729      58730          1
     59537          2      58730      58731          1
     59538          2      58731      58732          1
     59539          2      58732      58733          1
     59540          2      58733      58734          1
     59541          2      58734      58735          1
     59542          2      58735      58736          1
     59543          2      58736      58737          1
     59544          2      58737      58738          1
     59545          2      58738      58739          1
     59546          2      58739      58740          1
     59547          2      58740      58741          1
     59548          2      58741      58742          1
     59549          2      58742      58743          1
     59550          2      58743      58744          1
     59551          2      58744      58745          1
     59552          2      58745      58746          1
     59553          2      58746      58747          1
     59554          2      58747      58748          1
     59555          2      58748      58749          1
     59556          2      58749      58750          1
     59557          2      58750      58751          1
     59558          2      58751      58752          1
     59559          2      58752      58753          1
     59560          2      58753      58754          1
     59561          2      58754      58755          1
     59562          2      58755      58756          1
     59563          2      58756      58757          1
     59564          2      58757      58758          1
     59565          2      58758      58759          1
     59566          2      58759      58760          1
     59567          2      58760      58761          1
     59568          2      58761      58762          1
     59569          2      58762      58763          1
     59570          2      58763      58764          1
     59571          2      58764      58765          1
     59572          2      58765      58766          1
     59573          2      58766      58767          1
     59574          2      58767      58768          1
     59575          2      58768      58769          1
     59576          2      58769      58770          1
     59577          2      58770      58771          1
     59578          2      58771      58772          1
     59579          2      58772      58773          1
     59580          2      58773      58774          1
     59581          2      58774      58775          1
     59582          2      58775      58776          1
     59583          2      58776      58777          1
     59584          2      58777      58778          1
     59585          2      58778      58779          1
     59586          2      58779      58780          1
     59587          2      58780      58781          1
     59588          2      58781      58782          1
     59589          2      58782      58783          1
     59590          2      58783      58784          1
     59591          2      58784      58785          1
     59592          2      58785      58786          1
     59593          2      58786      58787          1
     59594          2      58787      58788          1
     59595          2      58788      58789          1
     59596          2      58789      58790          1
     59597          2      58790      58791          1
     59598          2      58791      58792          1
     59599          2      58792      58793          1
     59600          2      58793      58794          1
     59601          2      58794      58795          1
     59602          2      58795      58796          1
     59603          2      58796      58797          1
     59604          2      58797      58798          1
     59605          2      58798      58799          1
     59606          2      58799      58800          1
     59607          2      58800      58801          1
     59608          2      58801      58802          1
     59609          2      58802      58803          1
     59610          2      58803      58804          1
     59611          2      58804      58805          1
     59612          2      58805      58806          1
     59613          2      58806      58807          1
     59614          2      58807      58808          1
     59615          2      58808      58809          1
     59616          2      58809      58810          1
     59617          2      58810      58811          1
     59618          2      58811      58812          1
     59619          2      58812      58813          1
     59620          2      58813      58814          1
     59621          2      58814      58815          1
     59622          2      58815      58816          1
     59623          2      58816      58817          1
     59624          2      58817      58818          1
     59625          2      58818      58819          1
     59626          2      58819      58820          1
     59627          2      58820      58821          1
     59628          2      58821      58822          1
     59629          2      58822      58823          1
     59630          2      58823      58824          1
     59631          2      58824      58825          1
     59632          2      58825      58826          1
     59633          2      58826      58827          1
     59866          2      56671      56675          4
     59867          2      56674      56681          4
     59870          2      56675      56676          4
     59871          2      56676      56677          4
     59872          2      56677      56678          4
     59873          2      56678      56679          4
     59874          2      56679      56680          4
     59875          2      56680      56681          4
     59888          2      56674      56699          4
     59889          2      56699      56700          4
     59890          2      56700      56701          4
     59891          2      56701      56702          4
     59892          2      56702      56703          4
     59893          2      56703      56704          4
     59894          2      56704      56705          4
     59895          2      56705      56706          4
     59896          2      56706      56707          4
     59897          2      56707      56708          4
     59898          2      56708      56709          4
     59899          2      56709      56710          4
     59900          2      56710      56711          4
     59901          2      56711      56712          4
     59902          2      56712      56713          4
     59903          2      56713      56714          4
     59904          2      56714      56715          4
     59905          2      56715      56716          4
     59906          2      56716      56717          4
     59907          2      56717      56718          4
     59908          2      56718      56719          4
     59909          2      56719      56720          4
     59910          2      56720      56721          4
     59911          2      56721      56722          4
     59912          2      56722      56723          4
     59913          2      56723      56724          4
     59914          2      56724      56725          4
     59915          2      56725      56726          4
     59916          2      56726      56727          4
     59917          2      56727      56728          4
     59918          2      56728      56729          4
     59919          2      56729      56730          4
     59920          2      56730      56731          4
     59921          2      56731      56732          4
     59922          2      56732      56733          4
     59923          2      56733      56734          4
     59924          2      56734      56735          4
     59925          2      56735      56736          4
     59926          2      56736      56737          4
     59927          2      56737      56698          4
     60010          2      56698      56819          4
     60011          2      56818      56847          4
     60014          2      56819      56820          4
     60015          2      56820      56821          4
     60016          2      56821      56822          4
     60017          2      56822      56823          4
     60018          2      56823      56824          4
     60019          2      56824      56825          4
     60020          2      56825      56826          4
     60021          2      56826      56827          4
     60022          2      56827      56828          4
     60023          2      56828      56829          4
     60024          2      56829      56830          4
     60025          2      56830      56831          4
     60026          2      56831      56832          4
     60027          2      56832      56833          4
     60028          2      56833      56834          4
     60029          2      56834      56835          4
     60030          2      56835      56836          4
     60031          2      56836      56837          4
     60032          2      56837      56838          4
     60033          2      56838      56839          4
     60034          2      56839      56840          4
     60035          2      56840      56841          4
     60036          2      56841      56842          4
     60037          2      56842      56843          4
     60038          2      56843      56844          4
     60039          2      56844      56845          4
     60040          2      56845      56846          4
     60041          2      56846      56847          4
     60098          2      56818      56909          4
     60099          2      56909      56910          4
     60100          2      56910      56911          4
     60101          2      56911      56912          4
     60102          2      56912      56913          4
     60103          2      56913      56914          4
     60104          2      56914      56915          4
     60105          2      56915      56916          4
     60106          2      56916      56917          4
     60107          2      56917      56918          4
     60108          2      56918      56919          4
     60109          2      56919      56920          4
     60110          2      56920      56921          4
     60111          2      56921      56922          4
     60112          2      56922      56923          4
     60113          2      56923      56924          4
     60114          2      56924      56925          4
     60115          2      56925      56926          4
     60116          2      56926      56927          4
     60117          2      56927      56928          4
     60118          2      56928      56929          4
     60119          2      56929      56930          4
     60120          2      56930      56931          4
     60121          2      56931      56932          4
     60122          2      56932      56933          4
     60123          2      56933      56934          4
     60124          2      56934      56935          4
     60125          2      56935      56936          4
     60126          2      56936      56908          4
     60185          2      56908      56996          4
     60186          2      56996      56997          4
     60187          2      56997      56998          4
     60188          2      56998      56999          4
     60189          2      56999      57000          4
     60190          2      57000      57001          4
     60191          2      57001      57002          4
     60192          2      57002      57003          4
     60193          2      57003      57004          4
     60194          2      57004      57005          4
     60195          2      57005      57006          4
     60196          2      57006      57007          4
     60197          2      57007      57008          4
     60198          2      57008      57009          4
     60199          2      57009      57010          4
     60200          2      57010      57011          4
     60201          2      57011      57012          4
     60202          2      57012      57013          4
     60203          2      57013      57014          4
     60204          2      57014      57015          4
     60205          2      57015      57016          4
     60206          2      57016      57017          4
     60207          2      57017      57018          4
     60208          2      57018      57019          4
     60209          2      57019      57020          4
     60210          2      57020      57021          4
     60211          2      57021      57022          4
     60212          2      57022      57023          4
     60213          2      57023      57024          4
     60214          2      57024      57025          4
     60215          2      57025      57026          4
     60216          2      57026      57027          4
     60217          2      57027      56995          4
     60284          2      56995      60362          4
     60285          2      60362      60363          4
     60286          2      60363      60361          4
     60303          2      59926      59930          2
     60304          2      59930      59931          2
     60305          2      59931      59932          2
     60306          2      59932      59933          2
     60307          2      59933      59934          2
     60308          2      59934      59935          2
     60309          2      59935      59936          2
     60310          2      59936      59937          2
     60311          2      59937      59938          2
     60312          2      59938      59929          2
     60325          2      59959      59962          2
     60326          2      59926      59994          2
     60329          2      59962      59963          2
     60330          2      59963      59964          2
     60331          2      59964      59965          2
     60332          2      59965      59966          2
     60333          2      59966      59967          2
     60334          2      59967      59968          2
     60335          2      59968      59969          2
     60336          2      59969      59970          2
     60337          2      59970      59971          2
     60338          2      59971      59972          2
     60339          2      59972      59973          2
     60340          2      59973      59974          2
     60341          2      59974      59975          2
     60342          2      59975      59976          2
     60343          2      59976      59977          2
     60344          2      59977      59978          2
     60345          2      59978      59979          2
     60346          2      59979      59980          2
     60347          2      59980      59981          2
     60348          2      59981      59982          2
     60349          2      59982      59983          2
     60350          2      59983      59984          2
     60351          2      59984      59985          2
     60352          2      59985      59986          2
     60353          2      59986      59987          2
     60354          2      59987      59988          2
     60355          2      59988      59989          2
     60356          2      59989      59990          2
     60357          2      59990      59991          2
     60358          2      59991      59992          2
     60359          2      59992      59993          2
     60360          2      59993      59994          2
     60452          2      60061      60064          2
     60453          2      60064      60065          2
     60454          2      60065      60066          2
     60455          2      60066      60067          2
     60456          2      60067      60068          2
     60457          2      60068      60069          2
     60458          2      60069      60070          2
     60459          2      60070      60071          2
     60460          2      60071      60072          2
     60461          2      60072      60073          2
     60462          2      60073      60074          2
     60463          2      60074      60075          2
     60464          2      60075      60076          2
     60465          2      60076      60077          2
     60466          2      60077      60078          2
     60467          2      60078      60079          2
     60468          2      60079      60080          2
     60469          2      60080      60081          2
     60470          2      60081      60082          2
     60471          2      60082      60083          2
     60472          2      60083      60084          2
     60473          2      60084      60085          2
     60474          2      60085      60086          2
     60475          2      60086      60087          2
     60476          2      60087      60088          2
     60477          2      60088      60089          2
     60478          2      60089      59959          2
     60548          2      60142      60145          2
     60549          2      60145      60146          2
     60550          2      60146      60147          2
     60551          2      60147      60148          2
     60552          2      60148      60149          2
     60553          2      60149      60150          2
     60554          2      60150      60151          2
     60555          2      60151      60152          2
     60556          2      60152      60153          2
     60557          2      60153      60154          2
     60558          2      60154      60155          2
     60559          2      60155      60156          2
     60560          2      60156      60157          2
     60561          2      60157      60158          2
     60562          2      60158      60159          2
     60563          2      60159      60160          2
     60564          2      60160      60161          2
     60565          2      60161      60162          2
     60566          2      60162      60163          2
     60567          2      60163      60164          2
     60568          2      60164      60165          2
     60569          2      60165      60166          2
     60570          2      60166      60167          2
     60571          2      60167      60168          2
     60572          2      60168      60169          2
     60573          2      60169      60170          2
     60574          2      60170      60171          2
     60575          2      60171      60172          2
     60576          2      60172      60173          2
     60577          2      60173      60174          2
     60578          2      60174      60175          2
     60579          2      60175      60176          2
     60580          2      60176      60177          2
     60581          2      60177      60178          2
     60582          2      60178      60179          2
     60583          2      60179      60180          2
     60584          2      60180      60181          2
     60585          2      60181      60182          2
     60586          2      60182      60183          2
     60587          2      60183      60184          2
     60588          2      60184      60185          2
     60589          2      60185      60061          2
     60660          2      60268      60271          2
     60661          2      60271      60272          2
     60662          2      60272      60273          2
     60663          2      60273      60274          2
     60664          2      60274      60275          2
     60665          2      60275      60276          2
     60666          2      60276      60277          2
     60667          2      60277      60278          2
     60668          2      60278      60279          2
     60669          2      60279      60280          2
     60670          2      60280      60281          2
     60671          2      60281      60282          2
     60672          2      60282      60283          2
     60673          2      60283      60284          2
     60674          2      60284      60285          2
     60675          2      60285      60286          2
     60676          2      60286      60287          2
     60677          2      60287      60288          2
     60678          2      60288      60289          2
     60679          2      60289      60290          2
     60680          2      60290      60291          2
     60681          2      60291      60292          2
     60682          2      60292      60293          2
     60683          2      60293      60294          2
     60684          2      60294      60295          2
     60685          2      60295      60296          2
     60686          2      60296      60297          2
     60687          2      60297      60142          2
     60719          2      60397      60401          2
     60720          2      60401      60400          2
     60721          2      60400      60268          2
     60727          2      60370      60373          1
     60728          2      58297      60374          1
     60731          2      60373      60374          1
     60734          2      58297      58301          1
     60735          2      58301      58302          1
     60736          2      58302      58303          1
     60737          2      58303      58304          1
     60738          2      58304      58305          1
     60739          2      58305      58306          1
     60740          2      58306      58307          1
     60741          2      58307      58308          1
     60742          2      58308      58309          1
     60743          2      58309      58310          1
     60744          2      58310      58311          1
     60745          2      58311      58312          1
     60746          2      58312      58313          1
     60747          2      58313      58314          1
     60748          2      58314      58315          1
     60749          2      58315      58316          1
     60750          2      58316      58317          1
     60751          2      58317      58318          1
     60752          2      58318      58319          1
     60753          2      58319      58320          1
     60754          2      58320      58321          1
     60755          2      58321      58322          1
     60756          2      58322      58300          1
     60803          2      58300      58370          1
     60804          2      58370      58371          1
     60805          2      58371      58372          1
     60806          2      58372      58373          1
     60807          2      58373      58374          1
     60808          2      58374      58375          1
     60809          2      58375      58376          1
     60810          2      58376      58377          1
     60811          2      58377      58378          1
     60812          2      58378      58379          1
     60813          2      58379      58380          1
     60814          2      58380      58381          1
     60815          2      58381      58382          1
     60816          2      58382      58383          1
     60817          2      58383      58384          1
     60818          2      58384      58385          1
     60819          2      58385      58386          1
     60820          2      58386      58387          1
     60821          2      58387      58388          1
     60822          2      58388      58389          1
     60823          2      58389      58390          1
     60824          2      58390      58391          1
     60825          2      58391      58392          1
     60826          2      58392      58393          1
     60827          2      58393      58394          1
     60828          2      58394      58395          1
     60829          2      58395      58396          1
     60830          2      58396      58397          1
     60831          2      58397      58398          1
     60832          2      58398      58399          1
     60833          2      58399      58400          1
     60834          2      58400      58401          1
     60835          2      58401      58402          1
     60836          2      58402      58403          1
     60837          2      58403      58404          1
     60838          2      58404      58405          1
     60839          2      58405      58406          1
     60840          2      58406      58407          1
     60841          2      58407      58408          1
     60842          2      58408      58409          1
     60843          2      58409      58410          1
     60844          2      58410      58411          1
     60845          2      58411      58412          1
     60846          2      58412      58413          1
     60847          2      58413      58414          1
     60848          2      58414      58415          1
     60849          2      58415      58416          1
     60850          2      58416      58417          1
     60851          2      58417      58418          1
     60852          2      58418      58419          1
     60853          2      58419      58420          1
     60854          2      58420      58421          1
     60855          2      58421      58422          1
     60856          2      58422      58423          1
     60857          2      58423      58424          1
     60858          2      58424      58425          1
     60859          2      58425      58426          1
     60860          2      58426      58427          1
     60861          2      58427      58428          1
     60862          2      58428      58429          1
     60863          2      58429      58430          1
     60864          2      58430      58431          1
     60865          2      58431      58432          1
     60866          2      58432      58433          1
     60867          2      58433      58434          1
     60868          2      58434      58435          1
     60869          2      58435      58436          1
     60870          2      58436      58437          1
     60871          2      58437      58438          1
     60872          2      58438      58439          1
     60873          2      58439      58440          1
     60874          2      58440      58441          1
     60875          2      58441      58442          1
     60876          2      58442      58443          1
     60877          2      58443      58444          1
     60878          2      58444      58445          1
     60879          2      58445      58446          1
     60880          2      58446      58447          1
     60881          2      58447      58448          1
     60882          2      58448      58449          1
     60883          2      58449      58450          1
     60884          2      58450      58451          1
     60885          2      58451      58452          1
     60886          2      58452      58453          1
     60887          2      58453      58454          1
     60888          2      58454      58455          1
     60889          2      58455      58456          1
     60890          2      58456      58457          1
     60891          2      58457      58458          1
     60892          2      58458      58459          1
     60893          2      58459      58460          1
     60894          2      58460      58461          1
     60895          2      58461      58462          1
     60896          2      58462      58463          1
     60897          2      58463      58464          1
     60898          2      58464      58465          1
     60899          2      58465      58466          1
     60900          2      58466      58467          1
     60901          2      58467      58468          1
     60902          2      58468      58469          1
     60903          2      58469      58470          1
     60904          2      58470      58471          1
     60905          2      58471      58472          1
     60906          2      58472      58473          1
     60907          2      58473      58474          1
     60908          2      58474      58475          1
     60909          2      58475      58476          1
     60910          2      58476      58477          1
     60911          2      58477      58478          1
     60912          2      58478      58479          1
     60913          2      58479      58480          1
     60914          2      58480      58481          1
     60915          2      58481      58482          1
     60916          2      58482      58369          1
     61147          2      58369      58712          1
     61148          2      58711      58827          1
     61151          2      58712      58713          1
     61152          2      58713      58714          1
     61153          2      58714      58715          1
     61154          2      58715      58716          1
     61155          2      58716      58717          1
     61156          2      58717      58718          1
     61157          2      58718      58719          1
     61158          2      58719      58720          1
     61159          2      58720      58721          1
     61160          2      58721      58722          1
     61161          2      58722      58723          1
     61162          2      58723      58724          1
     61163          2      58724      58725          1
     61164          2      58725      58726          1
     61165          2      58726      58727          1
     61166          2      58727      58728          1
     61167          2      58728      58729          1
     61168          2      58729      58730          1
     61169          2      58730      58731          1
     61170          2      58731      58732          1
     61171          2      58732      58733          1
     61172          2      58733      58734          1
     61173          2      58734      58735          1
     61174          2      58735      58736          1
     61175          2      58736      58737          1
     61176          2      58737      58738          1
     61177          2      58738      58739          1
     61178          2      58739      58740          1
     61179          2      58740      58741          1
     61180          2      58741      58742          1
     61181          2      58742      58743          1
     61182          2      58743      58744          1
     61183          2      58744      58745          1
     61184          2      58745      58746          1
     61185          2      58746      58747          1
     61186          2      58747      58748          1
     61187          2      58748      58749          1
     61188          2      58749      58750          1
     61189          2      58750      58751          1
     61190          2      58751      58752          1
     61191          2      58752      58753          1
     61192          2      58753      58754          1
     61193          2      58754      58755          1
     61194          2      58755      58756          1
     61195          2      58756      58757          1
     61196          2      58757      58758          1
     61197          2      58758      58759          1
     61198          2      58759      58760          1
     61199          2      58760      58761          1
     61200          2      58761      58762          1
     61201          2      58762      58763          1
     61202          2      58763      58764          1
     61203          2      58764      58765          1
     61204          2      58765      58766          1
     61205          2      58766      58767          1
     61206          2      58767      58768          1
     61207          2      58768      58769          1
     61208          2      58769      58770          1
     61209          2      58770      58771          1
     61210          2      58771      58772          1
     61211          2      58772      58773          1
     61212          2      58773      58774          1
     61213          2      58774      58775          1
     61214          2      58775      58776          1
     61215          2      58776      58777          1
     61216          2      58777      58778          1
     61217          2      58778      58779          1
     61218          2      58779      58780          1
     61219          2      58780      58781          1
     61220          2      58781      58782          1
     61221          2      58782      58783          1
     61222          2      58783      58784          1
     61223          2      58784      58785          1
     61224          2      58785      58786          1
     61225          2      58786      58787          1
     61226          2      58787      58788          1
     61227          2      58788      58789          1
     61228          2      58789      58790          1
     61229          2      58790      58791          1
     61230          2      58791      58792          1
     61231          2      58792      58793          1
     61232          2      58793      58794          1
     61233          2      58794      58795          1
     61234          2      58795      58796          1
     61235          2      58796      58797          1
     61236          2      58797      58798          1
     61237          2      58798      58799          1
     61238          2      58799      58800          1
     61239          2      58800      58801          1
     61240          2      58801      58802          1
     61241          2      58802      58803          1
     61242          2      58803      58804          1
     61243          2      58804      58805          1
     61244          2      58805      58806          1
     61245          2      58806      58807          1
     61246          2      58807      58808          1
     61247          2      58808      58809          1
     61248          2      58809      58810          1
     61249          2      58810      58811          1
     61250          2      58811      58812          1
     61251          2      58812      58813          1
     61252          2      58813      58814          1
     61253          2      58814      58815          1
     61254          2      58815      58816          1
     61255          2      58816      58817          1
     61256          2      58817      58818          1
     61257          2      58818      58819          1
     61258          2      58819      58820          1
     61259          2      58820      58821          1
     61260          2      58821      58822          1
     61261          2      58822      58823          1
     61262          2      58823      58824          1
     61263          2      58824      58825          1
     61264          2      58825      58826          1
     61265          2      58826      58827          1
     61496          2      58711      59063          1
     61497          2      59063      59064          1
     61498          2      59064      59065          1
     61499          2      59065      59066          1
     61500          2      59066      59067          1
     61501          2      59067      59068          1
     61502          2      59068      59069          1
     61503          2      59069      59070          1
     61504          2      59070      59071          1
     61505          2      59071      59072          1
     61506          2      59072      59073          1
     61507          2      59073      59074          1
     61508          2      59074      59075          1
     61509          2      59075      59076          1
     61510          2      59076      59077          1
     61511          2      59077      59078          1
     61512          2      59078      59079          1
     61513          2      59079      59080          1
     61514          2      59080      59081          1
     61515          2      59081      59082          1
     61516          2      59082      59083          1
     61517          2      59083      59084          1
     61518          2      59084      59085          1
     61519          2      59085      59086          1
     61520          2      59086      59087          1
     61521          2      59087      59088          1
     61522          2      59088      59089          1
     61523          2      59089      59090          1
     61524          2      59090      59091          1
     61525          2      59091      59092          1
     61526          2      59092      59093          1
     61527          2      59093      59094          1
     61528          2      59094      59095          1
     61529          2      59095      59096          1
     61530          2      59096      59097          1
     61531          2      59097      59098          1
     61532          2      59098      59099          1
     61533          2      59099      59100          1
     61534          2      59100      59101          1
     61535          2      59101      59102          1
     61536          2      59102      59103          1
     61537          2      59103      59104          1
     61538          2      59104      59105          1
     61539          2      59105      59106          1
     61540          2      59106      59107          1
     61541          2      59107      59108          1
     61542          2      59108      59109          1
     61543          2      59109      59110          1
     61544          2      59110      59111          1
     61545          2      59111      59112          1
     61546          2      59112      59113          1
     61547          2      59113      59114          1
     61548          2      59114      59115          1
     61549          2      59115      59116          1
     61550          2      59116      59117          1
     61551          2      59117      59118          1
     61552          2      59118      59119          1
     61553          2      59119      59120          1
     61554          2      59120      59062          1
     61673          2      59062      59240          1
     61674          2      59240      59241          1
     61675          2      59241      59242          1
     61676          2      59242      59243          1
     61677          2      59243      59244          1
     61678          2      59244      59245          1
     61679          2      59245      59246          1
     61680          2      59246      59247          1
     61681          2      59247      59248          1
     61682          2      59248      59249          1
     61683          2      59249      59250          1
     61684          2      59250      59251          1
     61685          2      59251      59252          1
     61686          2      59252      59253          1
     61687          2      59253      59254          1
     61688          2      59254      59255          1
     61689          2      59255      59256          1
     61690          2      59256      59257          1
     61691          2      59257      59258          1
     61692          2      59258      59259          1
     61693          2      59259      59260          1
     61694          2      59260      59261          1
     61695          2      59261      59262          1
     61696          2      59262      59263          1
     61697          2      59263      59264          1
     61698          2      59264      59265          1
     61699          2      59265      59266          1
     61700          2      59266      59267          1
     61701          2      59267      59268          1
     61702          2      59268      59269          1
     61703          2      59269      59270          1
     61704          2      59270      59271          1
     61705          2      59271      59272          1
     61706          2      59272      59273          1
     61707          2      59273      59274          1
     61708          2      59274      59275          1
     61709          2      59275      59276          1
     61710          2      59276      59277          1
     61711          2      59277      59278          1
     61712          2      59278      59279          1
     61713          2      59279      59280          1
     61714          2      59280      59281          1
     61715          2      59281      59282          1
     61716          2      59282      59283          1
     61717          2      59283      59284          1
     61718          2      59284      59285          1
     61719          2      59285      59286          1
     61720          2      59286      59287          1
     61721          2      59287      59288          1
     61722          2      59288      59289          1
     61723          2      59289      59290          1
     61724          2      59290      59291          1
     61725          2      59291      59292          1
     61726          2      59292      59293          1
     61727          2      59293      59294          1
     61728          2      59294      59295          1
     61729          2      59295      59296          1
     61730          2      59296      59297          1
     61731          2      59297      59298          1
     61732          2      59298      59299          1
     61733          2      59299      59300          1
     61734          2      59300      59301          1
     61735          2      59301      59302          1
     61736          2      59302      59303          1
     61737          2      59303      59304          1
     61738          2      59304      59305          1
     61739          2      59305      59306          1
     61740          2      59306      59307          1
     61741          2      59307      59308          1
     61742          2      59308      59309          1
     61743          2      59309      59310          1
     61744          2      59310      59311          1
     61745          2      59311      59312          1
     61746          2      59312      59313          1
     61747          2      59313      59314          1
     61748          2      59314      59315          1
     61749          2      59315      59316          1
     61750          2      59316      59317          1
     61751          2      59317      59318          1
     61752          2      59318      59319          1
     61753          2      59319      59320          1
     61754          2      59320      59321          1
     61755          2      59321      59322          1
     61756          2      59322      59323          1
     61757          2      59323      59324          1
     61758          2      59324      59325          1
     61759          2      59325      59239          1
     61936          2      59239      60407          1
     61937          2      60406      60408          1
     61940          2      60407      60408          1
     61943          2      60361      60380          4
     61944          2      60380      60381          4
     61945          2      60379      60382          1
     61945          2      60381      60379          4
     61946          2      60370      60383          1
     61949          2      60382      60383          1
     61954          2      60406      60416          1
     61955          2      60415      60417          1
     61955          2      60415      60419          2
     61956          2      60419      60418          2
     61957          2      60418      60397          2
     61958          2      60416      60417          1
