       407
         1          2      37675      38075
        11          2      37674      37676
        12          2      37676      37677
        13          2      37677      37678
        14          2      37678      37679
        15          2      37679      37680
        16          2      37680      37681
        17          2      37681      37682
        18          2      37682      37683
        19          2      37683      37684
        20          2      37684      37685
        21          2      37685      37686
        22          2      37686      37687
        23          2      37687      37688
        24          2      37688      37689
        25          2      37689      37690
        26          2      37690      37691
        27          2      37691      37692
        28          2      37692      37693
        29          2      37693      37694
        30          2      37694      37695
        31          2      37695      37696
        32          2      37696      37697
        33          2      37697      37698
        34          2      37698      37699
        35          2      37699      37700
        36          2      37700      37701
        37          2      37701      37702
        38          2      37702      37703
        39          2      37703      37704
        40          2      37704      37705
        41          2      37705      37706
        42          2      37706      37707
        43          2      37707      37708
        44          2      37708      37709
        45          2      37709      37710
        46          2      37710      37711
        47          2      37711      37712
        48          2      37712      37713
        49          2      37713      37714
        50          2      37714      37715
        51          2      37715      37716
        52          2      37716      37717
        53          2      37717      37718
        54          2      37718      37719
        55          2      37719      37720
        56          2      37720      37721
        57          2      37721      37722
        58          2      37722      37723
        59          2      37723      37724
        60          2      37724      37725
        61          2      37725      37726
        62          2      37726      37727
        63          2      37727      37728
        64          2      37728      37729
        65          2      37729      37730
        66          2      37730      37731
        67          2      37731      37732
        68          2      37732      37733
        69          2      37733      37734
        70          2      37734      37735
        71          2      37735      37736
        72          2      37736      37737
        73          2      37737      37738
        74          2      37738      37739
        75          2      37739      37740
        76          2      37740      37741
        77          2      37741      37742
        78          2      37742      37743
        79          2      37743      37744
        80          2      37744      37745
        81          2      37745      37746
        82          2      37746      37747
        83          2      37747      37748
        84          2      37748      37749
        85          2      37749      37750
        86          2      37750      37751
        87          2      37751      37752
        88          2      37752      37753
        89          2      37753      37754
        90          2      37754      37755
        91          2      37755      37756
        92          2      37756      37757
        93          2      37757      37758
        94          2      37758      37759
        95          2      37759      37760
        96          2      37760      37761
        97          2      37761      37762
        98          2      37762      37763
        99          2      37763      37764
       100          2      37764      37765
       101          2      37765      37766
       102          2      37766      37767
       103          2      37767      37768
       104          2      37768      37769
       105          2      37769      37770
       106          2      37770      37771
       107          2      37771      37772
       108          2      37772      37773
       109          2      37773      37774
       110          2      37774      37775
       111          2      37775      37776
       112          2      37776      37777
       113          2      37777      37778
       114          2      37778      37779
       115          2      37779      37780
       116          2      37780      37781
       117          2      37781      37782
       118          2      37782      37783
       119          2      37783      37784
       120          2      37784      37785
       121          2      37785      37786
       122          2      37786      37787
       123          2      37787      37788
       124          2      37788      37789
       125          2      37789      37790
       126          2      37790      37791
       127          2      37791      37792
       128          2      37792      37793
       129          2      37793      37794
       130          2      37794      37795
       131          2      37795      37796
       132          2      37796      37797
       133          2      37797      37798
       134          2      37798      37799
       135          2      37799      37800
       136          2      37800      37801
       137          2      37801      37802
       138          2      37802      37803
       139          2      37803      37804
       140          2      37804      37805
       141          2      37805      37806
       142          2      37806      37807
       143          2      37807      37808
       144          2      37808      37809
       145          2      37809      37810
       146          2      37810      37811
       147          2      37811      37812
       148          2      37812      37813
       149          2      37813      37814
       150          2      37814      37815
       151          2      37815      37816
       152          2      37816      37817
       153          2      37817      37818
       154          2      37818      37819
       155          2      37819      37820
       156          2      37820      37821
       157          2      37821      37822
       158          2      37822      37823
       159          2      37823      37824
       160          2      37824      37825
       161          2      37825      37826
       162          2      37826      37827
       163          2      37827      37828
       164          2      37828      37829
       165          2      37829      37830
       166          2      37830      37831
       167          2      37831      37832
       168          2      37832      37833
       169          2      37833      37834
       170          2      37834      37835
       171          2      37835      37836
       172          2      37836      37837
       173          2      37837      37838
       174          2      37838      37839
       175          2      37839      37840
       176          2      37840      37841
       177          2      37841      37842
       178          2      37842      37843
       179          2      37843      37844
       180          2      37844      37845
       181          2      37845      37846
       182          2      37846      37847
       183          2      37847      37848
       184          2      37848      37849
       185          2      37849      37850
       186          2      37850      37851
       187          2      37851      37852
       188          2      37852      37853
       189          2      37853      37854
       190          2      37854      37855
       191          2      37855      37856
       192          2      37856      37857
       193          2      37857      37858
       194          2      37858      37859
       195          2      37859      37860
       196          2      37860      37861
       197          2      37861      37862
       198          2      37862      37863
       199          2      37863      37864
       200          2      37864      37865
       201          2      37865      37866
       202          2      37866      37867
       203          2      37867      37868
       204          2      37868      37869
       205          2      37869      37870
       206          2      37870      37871
       207          2      37871      37872
       208          2      37872      37873
       209          2      37873      37874
       210          2      37874      37875
       211          2      37875      37876
       212          2      37876      37877
       213          2      37877      37878
       214          2      37878      37879
       215          2      37879      37880
       216          2      37880      37881
       217          2      37881      37882
       218          2      37882      37883
       219          2      37883      37884
       220          2      37884      37885
       221          2      37885      37886
       222          2      37886      37887
       223          2      37887      37888
       224          2      37888      37889
       225          2      37889      37890
       226          2      37890      37891
       227          2      37891      37892
       228          2      37892      37893
       229          2      37893      37894
       230          2      37894      37895
       231          2      37895      37896
       232          2      37896      37897
       233          2      37897      37898
       234          2      37898      37899
       235          2      37899      37900
       236          2      37900      37901
       237          2      37901      37902
       238          2      37902      37903
       239          2      37903      37904
       240          2      37904      37905
       241          2      37905      37906
       242          2      37906      37907
       243          2      37907      37908
       244          2      37908      37909
       245          2      37909      37910
       246          2      37910      37911
       247          2      37911      37912
       248          2      37912      37913
       249          2      37913      37914
       250          2      37914      37915
       251          2      37915      37916
       252          2      37916      37917
       253          2      37917      37918
       254          2      37918      37919
       255          2      37919      37920
       256          2      37920      37921
       257          2      37921      37922
       258          2      37922      37923
       259          2      37923      37924
       260          2      37924      37925
       261          2      37925      37926
       262          2      37926      37927
       263          2      37927      37928
       264          2      37928      37929
       265          2      37929      37930
       266          2      37930      37931
       267          2      37931      37932
       268          2      37932      37933
       269          2      37933      37934
       270          2      37934      37935
       271          2      37935      37936
       272          2      37936      37937
       273          2      37937      37938
       274          2      37938      37939
       275          2      37939      37940
       276          2      37940      37941
       277          2      37941      37942
       278          2      37942      37943
       279          2      37943      37944
       280          2      37944      37945
       281          2      37945      37946
       282          2      37946      37947
       283          2      37947      37948
       284          2      37948      37949
       285          2      37949      37950
       286          2      37950      37951
       287          2      37951      37952
       288          2      37952      37953
       289          2      37953      37954
       290          2      37954      37955
       291          2      37955      37956
       292          2      37956      37957
       293          2      37957      37958
       294          2      37958      37959
       295          2      37959      37960
       296          2      37960      37961
       297          2      37961      37962
       298          2      37962      37963
       299          2      37963      37964
       300          2      37964      37965
       301          2      37965      37966
       302          2      37966      37967
       303          2      37967      37968
       304          2      37968      37969
       305          2      37969      37970
       306          2      37970      37971
       307          2      37971      37972
       308          2      37972      37973
       309          2      37973      37974
       310          2      37974      37975
       311          2      37975      37976
       312          2      37976      37977
       313          2      37977      37978
       314          2      37978      37979
       315          2      37979      37980
       316          2      37980      37981
       317          2      37981      37982
       318          2      37982      37983
       319          2      37983      37984
       320          2      37984      37985
       321          2      37985      37986
       322          2      37986      37987
       323          2      37987      37988
       324          2      37988      37989
       325          2      37989      37990
       326          2      37990      37991
       327          2      37991      37992
       328          2      37992      37993
       329          2      37993      37994
       330          2      37994      37995
       331          2      37995      37996
       332          2      37996      37997
       333          2      37997      37998
       334          2      37998      37999
       335          2      37999      38000
       336          2      38000      38001
       337          2      38001      38002
       338          2      38002      38003
       339          2      38003      38004
       340          2      38004      38005
       341          2      38005      38006
       342          2      38006      38007
       343          2      38007      38008
       344          2      38008      38009
       345          2      38009      38010
       346          2      38010      38011
       347          2      38011      38012
       348          2      38012      38013
       349          2      38013      38014
       350          2      38014      38015
       351          2      38015      38016
       352          2      38016      38017
       353          2      38017      38018
       354          2      38018      38019
       355          2      38019      38020
       356          2      38020      38021
       357          2      38021      38022
       358          2      38022      38023
       359          2      38023      38024
       360          2      38024      38025
       361          2      38025      38026
       362          2      38026      38027
       363          2      38027      38028
       364          2      38028      38029
       365          2      38029      38030
       366          2      38030      38031
       367          2      38031      38032
       368          2      38032      38033
       369          2      38033      38034
       370          2      38034      38035
       371          2      38035      38036
       372          2      38036      38037
       373          2      38037      38038
       374          2      38038      38039
       375          2      38039      38040
       376          2      38040      38041
       377          2      38041      38042
       378          2      38042      38043
       379          2      38043      38044
       380          2      38044      38045
       381          2      38045      38046
       382          2      38046      38047
       383          2      38047      38048
       384          2      38048      38049
       385          2      38049      38050
       386          2      38050      38051
       387          2      38051      38052
       388          2      38052      38053
       389          2      38053      38054
       390          2      38054      38055
       391          2      38055      38056
       392          2      38056      38057
       393          2      38057      38058
       394          2      38058      38059
       395          2      38059      38060
       396          2      38060      38061
       397          2      38061      38062
       398          2      38062      38063
       399          2      38063      38064
       400          2      38064      38065
       401          2      38065      38066
       402          2      38066      38067
       403          2      38067      38068
       404          2      38068      38069
       405          2      38069      38070
       406          2      38070      38071
       407          2      38071      38072
       408          2      38072      38073
       409          2      38073      38074
       410          2      38074      38075
      3742          2      37674      56259
      3757          2      56260      56251
      3759          2      56260      56259
      3766          2      37675      59513
      3785          2      59503      59514
      3787          2      59514      59513
