   0.00000000       0.00000000
   1.09999999E-03   0.00000000
   2.19999999E-03   0.00000000
   3.29999998E-03   0.00000000
   4.39999998E-03   0.00000000
   5.49999997E-03   0.00000000
   6.59999996E-03   0.00000000
   7.69999996E-03   0.00000000
   8.79999995E-03   0.00000000
   9.89999995E-03   0.00000000
   1.09999999E-02   0.00000000
   1.20999999E-02  -1.76413010E-26
   1.31999999E-02  -7.67904815E-25
   1.42999999E-02  -6.93667167E-24
   1.53999999E-02  -2.65338067E-23
   1.64999999E-02  -2.39944808E-23
   1.75999999E-02   2.10203916E-22
   1.86999999E-02   1.00784162E-21
   1.97999999E-02   1.72711091E-21
   2.08999999E-02  -1.61986541E-21
   2.19999999E-02  -1.57153395E-20
   2.30999999E-02  -3.60804551E-20
   2.41999999E-02  -1.89763844E-20
   2.52999999E-02   1.19544271E-19
   2.63999999E-02   3.91183405E-19
   2.74999999E-02   4.95556771E-19
   2.85999998E-02  -2.71065174E-19
   2.96999998E-02  -2.39060098E-18
   3.07999998E-02  -4.59613726E-18
   3.18999998E-02  -2.81099754E-18
   3.29999998E-02   7.44653134E-18
   3.40999998E-02   2.36402991E-17
   3.51999998E-02   2.90186572E-17
   3.62999998E-02  -1.35066848E-18
   3.73999998E-02  -7.22058199E-17
   3.84999998E-02  -1.33349588E-16
   3.95999998E-02  -8.61798386E-17
   4.06999998E-02   1.27159074E-16
   4.17999998E-02   3.91287611E-16
   4.28999998E-02   3.94538497E-16
   4.39999998E-02  -1.27164818E-16
   4.50999998E-02  -9.54053443E-16
   4.61999997E-02  -1.19725947E-15
   4.72999997E-02   9.90660618E-17
   4.83999997E-02   2.63437432E-15
   4.94999997E-02   3.98214922E-15
   5.05999997E-02   8.59887519E-16
   5.16999997E-02  -7.15027013E-15
   5.27999997E-02  -1.41961892E-14
   5.38999997E-02  -9.92062691E-15
   5.49999997E-02   1.13081956E-14
   5.60999997E-02   3.91265220E-14
   5.71999997E-02   4.63382316E-14
   5.82999997E-02   7.83431784E-15
   5.93999997E-02  -6.85193547E-14
   6.04999997E-02  -1.26934352E-13
   6.15999997E-02  -9.33263070E-14
   6.27000034E-02   5.46358409E-14
   6.37999997E-02   2.30673689E-13
   6.48999959E-02   2.68540480E-13
   6.59999996E-02   5.56053820E-14
   6.71000034E-02  -3.15673946E-13
   6.81999996E-02  -5.35352145E-13
   6.92999959E-02  -2.93153766E-13
   7.03999996E-02   3.87790169E-13
   7.15000033E-02   1.00116313E-12
   7.25999996E-02   8.48493042E-13
   7.36999959E-02  -3.16995453E-13
   7.47999996E-02  -1.80251224E-12
   7.59000033E-02  -2.23284737E-12
   7.69999996E-02  -6.35536003E-13
   7.80999959E-02   2.38687303E-12
   7.91999996E-02   4.55574294E-12
   8.03000033E-02   3.44603144E-12
   8.13999996E-02  -1.21341110E-12
   8.24999958E-02  -6.44578314E-12
   8.35999995E-02  -7.67419808E-12
   8.47000033E-02  -2.50462541E-12
   8.57999995E-02   6.27919852E-12
   8.68999958E-02   1.16728623E-11
   8.79999995E-02   7.73878010E-12
   8.91000032E-02  -4.46811598E-12
   9.01999995E-02  -1.58046076E-11
   9.12999958E-02  -1.52733746E-11
   9.23999995E-02   1.77722420E-13
   9.35000032E-02   2.05306380E-11
   9.45999995E-02   2.83604893E-11
   9.56999958E-02   1.28954547E-11
   9.67999995E-02  -1.84063112E-11
   9.79000032E-02  -4.20719223E-11
   9.89999995E-02  -3.59014485E-11
  0.100099996       9.76956363E-13
  0.101199999       4.28793216E-11
  0.102300003       5.50113496E-11
  0.103399999       2.24550066E-11
  0.104499996      -3.30760350E-11
  0.105599999      -6.59776123E-11
  0.106700003      -4.29409806E-11
  0.107799999       2.54718139E-11
  0.108899996       8.65314348E-11
  0.109999999       8.41790110E-11
  0.111100003       6.83790524E-12
  0.112199999      -9.58090621E-11
  0.113299996      -1.45559009E-10
  0.114399999      -9.61786831E-11
  0.115500003       2.61655073E-11
  0.116599999       1.38056677E-10
  0.117699996       1.61328478E-10
  0.118799999       8.43392856E-11
  0.119900003      -2.86772654E-11
  0.120999999      -9.02505987E-11
  0.122099996      -6.28505650E-11
  0.123199999       8.19681996E-12
  0.124300003       3.20873050E-11
  0.125400007      -4.70892422E-11
  0.126499996      -1.91553301E-10
  0.127599999      -2.83166129E-10
  0.128700003      -2.04365816E-10
  0.129799992       7.05519601E-11
  0.130899996       4.40450593E-10
  0.131999999       7.25154381E-10
  0.133100003       7.64636077E-10
  0.134200007       5.05375519E-10
  0.135299996       2.27316499E-11
  0.136399999      -5.26685306E-10
  0.137500003      -9.85118209E-10
  0.138599992      -1.25422206E-09
  0.139699996      -1.30338440E-09
  0.140799999      -1.13061771E-09
  0.141900003      -7.13431481E-10
  0.143000007       3.64464015E-12
  0.144099995       1.05932851E-09
  0.145199999       2.38175302E-09
  0.146300003       3.71100173E-09
  0.147399992       4.60797667E-09
  0.148499995       4.57746285E-09
  0.149599999       3.25524119E-09
  0.150700003       5.46956480E-10
  0.151800007      -3.38508488E-09
  0.152899995      -8.30094038E-09
  0.153999999      -1.41258658E-08
  0.155100003      -2.11021725E-08
  0.156199992      -2.97581995E-08
  0.157299995      -4.07428367E-08
  0.158399999      -5.46827117E-08
  0.159500003      -7.22030151E-08
  0.160600007      -9.41147320E-08
  0.161699995      -1.21621156E-07
  0.162799999      -1.56364507E-07
  0.163900003      -2.00257801E-07
  0.164999992      -2.55234568E-07
  0.166099995      -3.23144405E-07
  0.167199999      -4.05945258E-07
  0.168300003      -5.06140793E-07
  0.169400007      -6.27240297E-07
  0.170499995      -7.74019611E-07
  0.171599999      -9.52506639E-07
  0.172700003      -1.16981550E-06
  0.173799992      -1.43403724E-06
  0.174899995      -1.75432763E-06
  0.175999999      -2.14118268E-06
  0.177100003      -2.60677302E-06
  0.178200006      -3.16519731E-06
  0.179299995      -3.83264296E-06
  0.180399999      -4.62752632E-06
  0.181500003      -5.57075418E-06
  0.182599992      -6.68620623E-06
  0.183699995      -8.00138787E-06
  0.184799999      -9.54815096E-06
  0.185900003      -1.13632568E-05
  0.187000006      -1.34886259E-05
  0.188099995      -1.59712254E-05
  0.189199999      -1.88628474E-05
  0.190300003      -2.22200488E-05
  0.191399992      -2.61046007E-05
  0.192499995      -3.05843059E-05
  0.193599999      -3.57338795E-05
  0.194700003      -4.16354997E-05
  0.195800006      -4.83788317E-05
  0.196899995      -5.60605222E-05
  0.197999999      -6.47839697E-05
  0.199100003      -7.46591977E-05
  0.200199991      -8.58028870E-05
  0.201299995      -9.83382051E-05
  0.202399999      -1.12394046E-04
  0.203500003      -1.28103624E-04
  0.204600006      -1.45602884E-04
  0.205699995      -1.65029080E-04
  0.206799999      -1.86519595E-04
  0.207900003      -2.10210710E-04
  0.208999991      -2.36235894E-04
  0.210099995      -2.64723320E-04
  0.211199999      -2.95792677E-04
  0.212300003      -3.29551840E-04
  0.213400006      -3.66093940E-04
  0.214499995      -4.05494007E-04
  0.215599999      -4.47806611E-04
  0.216700003      -4.93062311E-04
  0.217799991      -5.41263609E-04
  0.218899995      -5.92380180E-04
  0.219999999      -6.46345899E-04
  0.221100003      -7.03055703E-04
  0.222200006      -7.62361335E-04
  0.223299995      -8.24068731E-04
  0.224399999      -8.87935457E-04
  0.225500003      -9.53668670E-04
  0.226599991      -1.02092396E-03
  0.227699995      -1.08930329E-03
  0.228799999      -1.15835539E-03
  0.229900002      -1.22757640E-03
  0.231000006      -1.29641010E-03
  0.232099995      -1.36425148E-03
  0.233199999      -1.43045152E-03
  0.234300002      -1.49432279E-03
  0.235399991      -1.55514386E-03
  0.236499995      -1.61216490E-03
  0.237599999      -1.66461396E-03
  0.238700002      -1.71170698E-03
  0.239800006      -1.75265933E-03
  0.240899995      -1.78669381E-03
  0.241999999      -1.81305304E-03
  0.243100002      -1.83100940E-03
  0.244199991      -1.83987676E-03
  0.245299995      -1.83902436E-03
  0.246399999      -1.82788807E-03
  0.247500002      -1.80598407E-03
  0.248600006      -1.77291874E-03
  0.249699995      -1.72839791E-03
  0.250800014      -1.67223613E-03
  0.251899987      -1.60436367E-03
  0.252999991      -1.52483291E-03
  0.254099995      -1.43382442E-03
  0.255199999      -1.33165065E-03
  0.256300002      -1.21875550E-03
  0.257400006      -1.09571335E-03
  0.258500010      -9.63226543E-04
  0.259599984      -8.22121103E-04
  0.260699987      -6.73340866E-04
  0.261799991      -5.17938752E-04
  0.262899995      -3.57065088E-04
  0.263999999      -1.91951956E-04
  0.265100002      -2.38980592E-05
  0.266200006       1.45746395E-04
  0.267300010       3.15593847E-04
  0.268400013       4.84236953E-04
  0.269499987       6.50268397E-04
  0.270599991       8.12301994E-04
  0.271699995       9.68990789E-04
  0.272799999       1.11904158E-03
  0.273900002       1.26123149E-03
  0.275000006       1.39442435E-03
  0.276100010       1.51758688E-03
  0.277199984       1.62980321E-03
  0.278299987       1.73028558E-03
  0.279399991       1.81838358E-03
  0.280499995       1.89358916E-03
  0.281599998       1.95554155E-03
  0.282700002       2.00403179E-03
  0.283800006       2.03900342E-03
  0.284900010       2.06054817E-03
  0.286000013       2.06890120E-03
  0.287099987       2.06443272E-03
  0.288199991       2.04764307E-03
  0.289299995       2.01915368E-03
  0.290399998       1.97969563E-03
  0.291500002       1.93009619E-03
  0.292600006       1.87126605E-03
  0.293700010       1.80418463E-03
  0.294799984       1.72988919E-03
  0.295899987       1.64945808E-03
  0.296999991       1.56399852E-03
  0.298099995       1.47463183E-03
  0.299199998       1.38247991E-03
  0.300300002       1.28865254E-03
  0.301400006       1.19423692E-03
  0.302500010       1.10028719E-03
  0.303600013       1.00781838E-03
  0.304699987       9.17797210E-04
  0.305799991       8.31137993E-04
  0.306899995       7.48696737E-04
  0.307999998       6.71268732E-04
  0.309100002       5.99586987E-04
  0.310200006       5.34320541E-04
  0.311300009       4.76073677E-04
  0.312399983       4.25385660E-04
  0.313499987       3.82733851E-04
  0.314599991       3.48536705E-04
  0.315699995       3.23156593E-04
  0.316799998       3.06901638E-04
  0.317900002       3.00026673E-04
  0.319000006       3.02734843E-04
  0.320100009       3.15180223E-04
  0.321200013       3.37469566E-04
  0.322299987       3.69662652E-04
  0.323399991       4.11771965E-04
  0.324499995       4.63761360E-04
  0.325599998       5.25545562E-04
  0.326700002       5.96989295E-04
  0.327800006       6.77905220E-04
  0.328900009       7.68049504E-04
  0.329999983       8.67115916E-04
  0.331099987       9.74729308E-04
  0.332199991       1.09043939E-03
  0.333299994       1.21371669E-03
  0.334399998       1.34394749E-03
  0.335500002       1.48043036E-03
  0.336600006       1.62237196E-03
  0.337700009       1.76888448E-03
  0.338800013       1.91898318E-03
  0.339899987       2.07158388E-03
  0.340999991       2.22550263E-03
  0.342099994       2.37945491E-03
  0.343199998       2.53205956E-03
  0.344300002       2.68184440E-03
  0.345400006       2.82725762E-03
  0.346500009       2.96667870E-03
  0.347599983       3.09842941E-03
  0.348699987       3.22078774E-03
  0.349799991       3.33200349E-03
  0.350899994       3.43031902E-03
  0.351999998       3.51399020E-03
  0.353100002       3.58131225E-03
  0.354200006       3.63064115E-03
  0.355300009       3.66041809E-03
  0.356400013       3.66919278E-03
  0.357499987       3.65564902E-03
  0.358599991       3.61863314E-03
  0.359699994       3.55717889E-03
  0.360799998       3.47052864E-03
  0.361900002       3.35815363E-03
  0.363000005       3.21977097E-03
  0.364100009       3.05536110E-03
  0.365199983       2.86518573E-03
  0.366299987       2.64979643E-03
  0.367399991       2.41003907E-03
  0.368499994       2.14705127E-03
  0.369599998       1.86225877E-03
  0.370700002       1.55736692E-03
  0.371800005       1.23435119E-03
  0.372900009       8.95437843E-04
  0.374000013       5.43081143E-04
  0.375099987       1.79936556E-04
  0.376199991      -1.91167375E-04
  0.377299994      -5.67258103E-04
  0.378399998      -9.45253531E-04
  0.379500002      -1.32200320E-03
  0.380600005      -1.69433199E-03
  0.381700009      -2.05908436E-03
  0.382799983      -2.41316273E-03
  0.383899987      -2.75356532E-03
  0.384999990      -3.07741994E-03
  0.386099994      -3.38202552E-03
  0.387199998      -3.66489007E-03
  0.388300002      -3.92376771E-03
  0.389400005      -4.15668171E-03
  0.390500009      -4.36194474E-03
  0.391600013      -4.53817751E-03
  0.392699987      -4.68432391E-03
  0.393799990      -4.79966821E-03
  0.394899994      -4.88383928E-03
  0.395999998      -4.93680825E-03
  0.397100002      -4.95887408E-03
  0.398200005      -4.95065143E-03
  0.399300009      -4.91305767E-03
  0.400399983      -4.84729931E-03
  0.401499987      -4.75485204E-03
  0.402599990      -4.63742856E-03
  0.403699994      -4.49694553E-03
  0.404799998      -4.33548447E-03
  0.405900002      -4.15526191E-03
  0.407000005      -3.95860150E-03
  0.408100009      -3.74790328E-03
  0.409200013      -3.52560775E-03
  0.410299987      -3.29415593E-03
  0.411399990      -3.05595365E-03
  0.412499994      -2.81334436E-03
  0.413599998      -2.56858859E-03
  0.414700001      -2.32384354E-03
  0.415800005      -2.08113831E-03
  0.416900009      -1.84235070E-03
  0.417999983      -1.60918781E-03
  0.419099987      -1.38317747E-03
  0.420199990      -1.16566755E-03
  0.421299994      -9.57825570E-04
  0.422399998      -7.60633964E-04
  0.423500001      -5.74885111E-04
  0.424600005      -4.01180732E-04
  0.425700009      -2.39941961E-04
  0.426800013      -9.14253105E-05
  0.427899987       4.42620803E-05
  0.428999990       1.67152801E-04
  0.430099994       2.77412793E-04
  0.431199998       3.75330885E-04
  0.432300001       4.61300922E-04
  0.433400005       5.35799889E-04
  0.434500009       5.99369290E-04
  0.435599983       6.52605202E-04
  0.436699986       6.96152158E-04
  0.437799990       7.30694679E-04
  0.438899994       7.56940746E-04
  0.439999998       7.75602122E-04
  0.441100001       7.87380093E-04
  0.442200005       7.92961917E-04
  0.443300009       7.93022220E-04
  0.444400012       7.88221718E-04
  0.445499986       7.79196736E-04
  0.446599990       7.66543904E-04
  0.447699994       7.50811654E-04
  0.448799998       7.32503366E-04
  0.449900001       7.12087844E-04
  0.451000005       6.90006302E-04
  0.452100009       6.66668115E-04
  0.453199983       6.42438885E-04
  0.454299986       6.17633108E-04
  0.455399990       5.92519238E-04
  0.456499994       5.67333191E-04
  0.457599998       5.42289286E-04
  0.458700001       5.17579901E-04
  0.459800005       4.93365980E-04
  0.460900009       4.69770574E-04
  0.462000012       4.46882972E-04
  0.463099986       4.24771628E-04
  0.464199990       4.03495913E-04
  0.465299994       3.83107457E-04
  0.466399997       3.63642554E-04
  0.467500001       3.45115608E-04
  0.468600005       3.27521324E-04
  0.469700009       3.10845062E-04
  0.470799983       2.95072154E-04
  0.471899986       2.80188659E-04
  0.472999990       2.66174553E-04
  0.474099994       2.52997532E-04
  0.475199997       2.40614769E-04
  0.476300001       2.28981444E-04
  0.477400005       2.18058281E-04
  0.478500009       2.07811812E-04
  0.479600012       1.98208101E-04
  0.480699986       1.89207625E-04
  0.481799990       1.80766350E-04
  0.482899994       1.72841988E-04
  0.483999997       1.65398655E-04
  0.485100001       1.58405572E-04
  0.486200005       1.51831904E-04
  0.487300009       1.45643542E-04
  0.488399982       1.39805445E-04
  0.489499986       1.34286922E-04
  0.490599990       1.29063919E-04
  0.491699994       1.24115584E-04
  0.492799997       1.19418859E-04
  0.493900001       1.14946852E-04
  0.495000005       1.10673078E-04
  0.496100008       1.06577376E-04
  0.497200012       1.02647726E-04
  0.498299986       9.88761094E-05
  0.499399990       9.52527625E-05
  0.500500023       9.17644647E-05
  0.501600027       8.83986067E-05
  0.502699971       8.51483710E-05
  0.503799975       8.20134592E-05
  0.504899979       7.89954356E-05
  0.505999982       7.60921685E-05
  0.507099986       7.32972258E-05
  0.508199990       7.06047358E-05
  0.509299994       6.80150697E-05
  0.510399997       6.55359836E-05
  0.511500001       6.31781295E-05
  0.512600005       6.09491217E-05
  0.513700008       5.88512121E-05
  0.514800012       5.68836076E-05
  0.515900016       5.50462246E-05
  0.517000020       5.33408856E-05
  0.518100023       5.17691224E-05
  0.519199967       5.03292576E-05
  0.520299971       4.90155398E-05
  0.521399975       4.78198453E-05
  0.522499979       4.67338359E-05
  0.523599982       4.57498172E-05
  0.524699986       4.48601895E-05
  0.525799990       4.40566146E-05
  0.526899993       4.33295572E-05
  0.527999997       4.26678089E-05
  0.529100001       4.20576798E-05
  0.530200005       4.14829265E-05
  0.531300008       4.09264212E-05
  0.532400012       4.03730955E-05
  0.533500016       3.98118827E-05
  0.534600019       3.92345682E-05
  0.535700023       3.86325555E-05
  0.536800027       3.79951343E-05
  0.537899971       3.73118128E-05
  0.538999975       3.65770647E-05
  0.540099978       3.57926292E-05
  0.541199982       3.49640250E-05
  0.542299986       3.40938459E-05
  0.543399990       3.31785122E-05
  0.544499993       3.22125816E-05
  0.545599997       3.11974945E-05
  0.546700001       3.01463588E-05
  0.547800004       2.90792668E-05
  0.548900008       2.80124623E-05
