   0.00000000       0.00000000
   1.09999999E-03   0.00000000
   2.19999999E-03   0.00000000
   3.29999998E-03   0.00000000
   4.39999998E-03   0.00000000
   5.49999997E-03   0.00000000
   6.59999996E-03   0.00000000
   7.69999996E-03   0.00000000
   8.79999995E-03   0.00000000
   9.89999995E-03   0.00000000
   1.09999999E-02   0.00000000
   1.20999999E-02   0.00000000
   1.31999999E-02   0.00000000
   1.42999999E-02   0.00000000
   1.53999999E-02   0.00000000
   1.64999999E-02   0.00000000
   1.75999999E-02   0.00000000
   1.86999999E-02   0.00000000
   1.97999999E-02   0.00000000
   2.08999999E-02   0.00000000
   2.19999999E-02   0.00000000
   2.30999999E-02   0.00000000
   2.41999999E-02  -0.00000000
   2.52999999E-02  -0.00000000
   2.63999999E-02   2.80259693E-45
   2.74999999E-02   1.40129846E-44
   2.85999998E-02   2.80259693E-45
   2.96999998E-02  -3.33509035E-43
   3.07999998E-02  -1.90016072E-42
   3.18999998E-02  -3.58171887E-42
   3.29999998E-02   1.23202161E-41
   3.40999998E-02   9.93632715E-41
   3.51999998E-02   2.52052956E-40
   3.62999998E-02  -8.84387487E-41
   3.73999998E-02  -2.70219950E-39
   3.84999998E-02  -8.49240399E-39
   3.95999998E-02  -6.37765683E-39
   4.06999998E-02   4.26589108E-38
   4.17999998E-02   1.74831848E-37
   4.28999998E-02   2.43280772E-37
   4.39999998E-02  -3.62372801E-37
   4.50999998E-02  -2.41157000E-36
   4.61999997E-02  -4.60494136E-36
   4.72999997E-02   2.05315830E-37
   4.83999997E-02   2.31053832E-35
   4.94999997E-02   5.73240152E-35
   5.05999997E-02   3.79294518E-35
   5.16999997E-02  -1.53659910E-34
   5.27999997E-02  -5.14421124E-34
   5.38999997E-02  -5.68617474E-34
   5.49999997E-02   6.82515805E-34
   5.60999997E-02   3.54796374E-33
   5.71999997E-02   5.04544914E-33
   5.82999997E-02  -1.86955121E-33
   5.93999997E-02  -2.06698780E-32
   6.04999997E-02  -3.39815904E-32
   6.15999997E-02   3.16294673E-33
   6.27000034E-02   1.17738760E-31
   6.37999997E-02   2.10292060E-31
   6.48999959E-02   1.94138770E-33
   6.59999996E-02  -7.08919296E-31
   6.71000034E-02  -1.38761494E-30
   6.81999996E-02  -3.37377411E-31
   6.92999959E-02   4.01601006E-30
   7.03999996E-02   9.33000361E-30
   7.15000033E-02   6.03863861E-30
   7.25999996E-02  -1.74726594E-29
   7.36999959E-02  -5.50937839E-29
   7.47999996E-02  -6.03092323E-29
   7.59000033E-02   4.03140531E-29
   7.69999996E-02   2.57706134E-28
   7.80999959E-02   4.08560856E-28
   7.91999996E-02   1.09785855E-28
   8.03000033E-02  -8.82324552E-28
   8.13999996E-02  -2.02901457E-27
   8.24999958E-02  -1.69272005E-27
   8.35999995E-02   1.82659471E-27
   8.47000033E-02   7.63502494E-27
   8.57999995E-02   9.98789272E-27
   8.68999958E-02   6.09755969E-28
   8.79999995E-02  -2.19073314E-26
   8.91000032E-02  -4.10269824E-26
   9.01999995E-02  -2.45173871E-26
   9.12999958E-02   4.66764314E-26
   9.23999995E-02   1.34114970E-25
   9.35000032E-02   1.30444030E-25
   9.45999995E-02  -6.28710432E-26
   9.56999958E-02  -3.80495545E-25
   9.67999995E-02  -5.02202066E-25
   9.79000032E-02  -3.36702598E-26
   9.89999995E-02   1.00058427E-24
  0.100099996       1.72624085E-24
  0.101199999       7.47011736E-25
  0.102300003      -2.41319197E-24
  0.103399999      -5.62217460E-24
  0.104499996      -4.35295380E-24
  0.105599999       4.49079305E-24
  0.106700003       1.67334911E-23
  0.107799999       1.91160466E-23
  0.108899996      -1.90296522E-24
  0.109999999      -4.21322216E-23
  0.111100003      -6.76798354E-23
  0.112199999      -3.08536942E-23
  0.113299996       8.06963370E-23
  0.114399999       1.95054795E-22
  0.115500003       1.71051159E-22
  0.116599999      -8.47959714E-23
  0.117699996      -4.58958315E-22
  0.118799999      -5.94400204E-22
  0.119900003      -1.27173970E-22
  0.120999999       8.71388125E-22
  0.122099996       1.62708345E-21
  0.123199999       1.04157963E-21
  0.124300003      -1.23242540E-21
  0.125400007      -3.78616076E-21
  0.126499996      -3.79645367E-21
  0.127599999       6.68923957E-22
  0.128700003       7.67577241E-21
  0.129799992       1.08455059E-20
  0.130899996       3.63204748E-21
  0.131999999      -1.30893367E-20
  0.133100003      -2.67057377E-20
  0.134200007      -1.92238471E-20
  0.135299996       1.56408302E-20
  0.136399999       5.70836242E-20
  0.137500003       6.25038092E-20
  0.138599992       1.33876920E-21
  0.139699996      -1.02270058E-19
  0.140799999      -1.60737491E-19
  0.141900003      -8.00892166E-20
  0.143000007       1.39417764E-19
  0.144099995       3.44395200E-19
  0.145199999       3.02680120E-19
  0.146300003      -9.00003913E-20
  0.147399992      -6.19384778E-19
  0.148499995      -7.97063380E-19
  0.149599999      -2.29180961E-19
  0.150700003       9.04557155E-19
  0.151800007       1.71823549E-18
  0.152899995       1.17178778E-18
  0.153999999      -9.05755947E-19
  0.155100003      -3.16012793E-18
  0.156199992      -3.32211202E-18
  0.157299995      -1.12123918E-19
  0.158399999       4.89577020E-18
  0.159500003       7.43880216E-18
  0.160600007       3.62933269E-18
  0.161699995      -5.81986784E-18
  0.162799999      -1.40354038E-17
  0.163900003      -1.20274543E-17
  0.164999992       3.11482428E-18
  0.166099995       2.23326424E-17
  0.167199999       2.81613970E-17
  0.168300003       8.53118929E-18
  0.169400007      -2.85446232E-17
  0.170499995      -5.39252938E-17
  0.171599999      -3.71466034E-17
  0.172700003       2.36641964E-17
  0.173799992       8.74427713E-17
  0.174899995       9.25449405E-17
  0.175999999       9.12712081E-18
  0.177100003      -1.18006367E-16
  0.178200006      -1.82626987E-16
  0.179299995      -9.63002478E-17
  0.180399999       1.17868049E-16
  0.181500003       3.03390023E-16
  0.182599992       2.70221483E-16
  0.183699995      -3.40359676E-17
  0.184799999      -4.21027917E-16
  0.185900003      -5.52539497E-16
  0.187000006      -2.09663683E-16
  0.188099995       4.54146773E-16
  0.189199999       9.25618758E-16
  0.190300003       6.92651028E-16
  0.191399992      -2.69069995E-16
  0.192499995      -1.30480365E-15
  0.193599999      -1.46827063E-15
  0.194700003      -3.15721684E-16
  0.195800006       1.50992443E-15
  0.196899995       2.52596279E-15
  0.197999999       1.52541348E-15
  0.199100003      -1.20835687E-15
  0.200199991      -3.69472383E-15
  0.201299995      -3.56460009E-15
  0.202399999      -1.32215702E-16
  0.203500003       4.46316822E-15
  0.204600006       6.38120487E-15
  0.205699995       3.09944306E-15
  0.206799999      -3.90304566E-15
  0.207900003      -9.35760241E-15
  0.208999991      -7.93383829E-15
  0.210099995       9.47929394E-16
  0.211199999       1.13088258E-14
  0.212300003       1.42593863E-14
  0.213400006       5.24107735E-15
  0.214499995      -1.07515383E-14
  0.215599999      -2.12026509E-14
  0.216700003      -1.53766007E-14
  0.217799991       5.64219827E-15
  0.218899995       2.69836050E-14
  0.219999999       2.98284482E-14
  0.221100003       7.12403837E-15
  0.222200006      -2.73885241E-14
  0.223299995      -4.63913847E-14
  0.224399999      -2.98082143E-14
  0.225500003       1.60338543E-14
  0.226599991       5.80869513E-14
  0.227699995       5.94954316E-14
  0.228799999       1.07080787E-14
  0.229900002      -5.65896071E-14
  0.231000006      -8.84024096E-14
  0.232099995      -5.05108278E-14
  0.233199999       3.80615610E-14
  0.234300002       1.10856691E-13
  0.235399991       1.01815149E-13
  0.236499995       2.16585308E-15
  0.237599999      -1.20745739E-13
  0.238700002      -1.66124073E-13
  0.239800006      -7.91074021E-14
  0.240899995       9.38311454E-14
  0.241999999       2.24885513E-13
  0.243100002       1.97107115E-13
  0.244199991       4.02223421E-15
  0.245299995      -2.25619301E-13
  0.246399999      -3.11481553E-13
  0.247500002      -1.62061581E-13
  0.248600006       1.35682806E-13
  0.249699995       3.60228259E-13
  0.250800014       3.17763448E-13
  0.251899987       6.86568315E-15
  0.252999991      -3.50704546E-13
  0.254099995      -4.59683344E-13
  0.255199999      -1.85767675E-13
  0.256300002       3.05960281E-13
  0.257400006       6.38351188E-13
  0.258500010       4.99037443E-13
  0.259599984      -9.08823797E-14
  0.260699987      -7.37797356E-13
  0.261799991      -9.33724344E-13
  0.262899995      -4.47179267E-13
  0.263999999       4.49916553E-13
  0.265100002       1.12632820E-12
  0.266200006       1.04315211E-12
  0.267300010       1.92163830E-13
  0.268400013      -8.33698507E-13
  0.269499987      -1.24369850E-12
  0.270599991      -6.63742878E-13
  0.271699995       5.07759199E-13
  0.272799999       1.32722772E-12
  0.273900002       1.01270164E-12
  0.275000006      -3.77862943E-13
  0.276100010      -1.85434784E-12
  0.277199984      -2.15133467E-12
  0.278299987      -7.15220472E-13
  0.279399991       1.72359653E-12
  0.280499995       3.51197847E-12
  0.281599998       3.21468525E-12
  0.282700002       7.40997975E-13
  0.283800006      -2.42699610E-12
  0.284900010      -4.18886670E-12
  0.286000013      -3.34884399E-12
  0.287099987      -5.75413415E-13
  0.288199991       2.01282372E-12
  0.289299995       2.44156279E-12
  0.290399998       4.97903476E-13
  0.291500002      -1.93551663E-12
  0.292600006      -2.25159713E-12
  0.293700010       7.12440415E-13
  0.294799984       5.37925347E-12
  0.295899987       8.19493605E-12
  0.296999991       6.14077105E-12
  0.298099995      -7.58045753E-13
  0.299199998      -8.90853277E-12
  0.300300002      -1.32863338E-11
  0.301400006      -1.09148844E-11
  0.302500010      -3.17848417E-12
  0.303600013       4.90758172E-12
  0.304699987       8.19071200E-12
  0.305799991       5.20377708E-12
  0.306899995      -5.91734019E-13
  0.307999998      -3.30875041E-12
  0.309100002       7.62957406E-13
  0.310200006       9.89067855E-12
  0.311300009       1.76702871E-11
  0.312399983       1.76096186E-11
  0.313499987       8.25991012E-12
  0.314599991      -5.14039419E-12
  0.315699995      -1.42113587E-11
  0.316799998      -1.39369037E-11
  0.317900002      -7.28480904E-12
  0.319000006      -3.98542397E-12
  0.320100009      -1.35928846E-11
  0.321200013      -3.73957323E-11
  0.322299987      -6.51611889E-11
  0.323399991      -7.97037714E-11
  0.324499995      -6.67458935E-11
  0.325599998      -2.34858279E-11
  0.326700002       4.00811224E-11
  0.327800006       1.07860040E-10
  0.328900009       1.67084402E-10
  0.329999983       2.12919057E-10
  0.331099987       2.44315540E-10
  0.332199991       2.54387150E-10
  0.333299994       2.23917246E-10
  0.334399998       1.25613603E-10
  0.335500002      -6.06439898E-11
  0.336600006      -3.30047545E-10
  0.337700009      -6.44551856E-10
  0.338800013      -9.40938216E-10
  0.339899987      -1.15149590E-09
  0.340999991      -1.22469235E-09
  0.342099994      -1.13280052E-09
  0.343199998      -8.62285576E-10
  0.344300002      -3.94770050E-10
  0.345400006       3.07365300E-10
  0.346500009       1.30120825E-09
  0.347599983       2.65180877E-09
  0.348699987       4.42205650E-09
  0.349799991       6.67755717E-09
  0.350899994       9.50899182E-09
  0.351999998       1.30604265E-08
  0.353100002       1.75449379E-08
  0.354200006       2.32367174E-08
  0.355300009       3.04458183E-08
  0.356400013       3.94971309E-08
  0.357499987       5.07349220E-08
  0.358599991       6.45605240E-08
  0.359699994       8.14893752E-08
  0.360799998       1.02200886E-07
  0.361900002       1.27564419E-07
  0.363000005       1.58641043E-07
  0.364100009       1.96681739E-07
  0.365199983       2.43147980E-07
  0.366299987       2.99759705E-07
  0.367399991       3.68561899E-07
  0.368499994       4.51985812E-07
  0.369599998       5.52887968E-07
  0.370700002       6.74563807E-07
  0.371800005       8.20767241E-07
  0.372900009       9.95768687E-07
  0.374000013       1.20447260E-06
  0.375099987       1.45256354E-06
  0.376199991       1.74665615E-06
  0.377299994       2.09440259E-06
  0.378399998       2.50456969E-06
  0.379500002       2.98707164E-06
  0.380600005       3.55301950E-06
  0.381700009       4.21482309E-06
  0.382799983       4.98631653E-06
  0.383899987       5.88288640E-06
  0.384999990       6.92159392E-06
  0.386099994       8.12122380E-06
  0.387199998       9.50228423E-06
  0.388300002       1.10870724E-05
  0.389400005       1.28997881E-05
  0.390500009       1.49666585E-05
  0.391600013       1.73159697E-05
  0.392699987       1.99780425E-05
  0.393799990       2.29849993E-05
  0.394899994       2.63704733E-05
  0.395999998       3.01693490E-05
  0.397100002       3.44174950E-05
  0.398200005       3.91515932E-05
  0.399300009       4.44087964E-05
  0.400399983       5.02263283E-05
  0.401499987       5.66409217E-05
  0.402599990       6.36882469E-05
  0.403699994       7.14021662E-05
  0.404799998       7.98139372E-05
  0.405900002       8.89516959E-05
  0.407000005       9.88395041E-05
  0.408100009       1.09496432E-04
  0.409200013       1.20935263E-04
  0.410299987       1.33161273E-04
  0.411399990       1.46171384E-04
  0.412499994       1.59953139E-04
  0.413599998       1.74483881E-04
  0.414700001       1.89729632E-04
  0.415800005       2.05644566E-04
  0.416900009       2.22169634E-04
  0.417999983       2.39232279E-04
  0.419099987       2.56745407E-04
  0.420199990       2.74607446E-04
  0.421299994       2.92701909E-04
  0.422399998       3.10897332E-04
  0.423500001       3.29047500E-04
  0.424600005       3.46992369E-04
  0.425700009       3.64558451E-04
  0.426800013       3.81559570E-04
  0.427899987       3.97797878E-04
  0.428999990       4.13066038E-04
  0.430099994       4.27150080E-04
  0.431199998       4.39832336E-04
  0.432300001       4.50893043E-04
  0.433400005       4.60112118E-04
  0.434500009       4.67273145E-04
  0.435599983       4.72166401E-04
  0.436699986       4.74592176E-04
  0.437799990       4.74364409E-04
  0.438899994       4.71314153E-04
  0.439999998       4.65292775E-04
  0.441100001       4.56175447E-04
  0.442200005       4.43863886E-04
  0.443300009       4.28288855E-04
  0.444400012       4.09412227E-04
  0.445499986       3.87230801E-04
  0.446599990       3.61778337E-04
  0.447699994       3.33126372E-04
  0.448799998       3.01385357E-04
  0.449900001       2.66703690E-04
  0.451000005       2.29265832E-04
  0.452100009       1.89292201E-04
  0.453199983       1.47038081E-04
  0.454299986       1.02792656E-04
  0.455399990       5.68758478E-05
  0.456499994       9.63392631E-06
  0.457599998      -3.85650055E-05
  0.458700001      -8.73355239E-05
  0.459800005      -1.36279064E-04
  0.460900009      -1.84988443E-04
  0.462000012      -2.33052211E-04
  0.463099986      -2.80061184E-04
  0.464199990      -3.25613684E-04
  0.465299994      -3.69322632E-04
  0.466399997      -4.10820503E-04
  0.467500001      -4.49762651E-04
  0.468600005      -4.85831231E-04
  0.469700009      -5.18738700E-04
  0.470799983      -5.48231474E-04
  0.471899986      -5.74096164E-04
  0.472999990      -5.96162514E-04
  0.474099994      -6.14302000E-04
  0.475199997      -6.28429698E-04
  0.476300001      -6.38503232E-04
  0.477400005      -6.44524582E-04
  0.478500009      -6.46540604E-04
  0.479600012      -6.44641113E-04
  0.480699986      -6.38954341E-04
  0.481799990      -6.29642280E-04
  0.482899994      -6.16898644E-04
  0.483999997      -6.00947533E-04
  0.485100001      -5.82040753E-04
  0.486200005      -5.60453336E-04
  0.487300009      -5.36477193E-04
  0.488399982      -5.10415179E-04
  0.489499986      -4.82577132E-04
  0.490599990      -4.53276531E-04
  0.491699994      -4.22828540E-04
  0.492799997      -3.91546171E-04
  0.493900001      -3.59734520E-04
  0.495000005      -3.27684742E-04
  0.496100008      -2.95671111E-04
  0.497200012      -2.63950875E-04
  0.498299986      -2.32764476E-04
  0.499399990      -2.02333234E-04
  0.500500023      -1.72855405E-04
  0.501600027      -1.44503487E-04
  0.502699971      -1.17423668E-04
  0.503799975      -9.17380457E-05
  0.504899979      -6.75466727E-05
  0.505999982      -4.49282707E-05
  0.507099986      -2.39392357E-05
  0.508199990      -4.61315994E-06
  0.509299994       1.30373865E-05
  0.510399997       2.90180014E-05
  0.511500001       4.33493187E-05
  0.512600005       5.60661065E-05
  0.513700008       6.72173410E-05
  0.514800012       7.68652462E-05
  0.515900016       8.50827200E-05
  0.517000020       9.19494851E-05
  0.518100023       9.75493240E-05
  0.519199967       1.01969432E-04
  0.520299971       1.05300271E-04
  0.521399975       1.07634543E-04
  0.522499979       1.09064691E-04
  0.523599982       1.09680463E-04
  0.524699986       1.09568362E-04
  0.525799990       1.08812572E-04
  0.526899993       1.07496118E-04
  0.527999997       1.05699713E-04
  0.529100001       1.03499202E-04
  0.530200005       1.00963116E-04
  0.531300008       9.81528501E-05
  0.532400012       9.51248730E-05
  0.533500016       9.19323356E-05
  0.534600019       8.86245762E-05
  0.535700023       8.52447556E-05
  0.536800027       8.18283661E-05
  0.537899971       7.84043805E-05
  0.538999975       7.49985411E-05
  0.540099978       7.16358336E-05
  0.541199982       6.83397448E-05
  0.542299986       6.51296432E-05
  0.543399990       6.20188803E-05
  0.544499993       5.90157397E-05
  0.545599997       5.61260240E-05
  0.546700001       5.33552338E-05
  0.547800004       5.07082586E-05
  0.548900008       4.81873612E-05
