   0.00000000       0.00000000
   1.09999999E-03   0.00000000
   2.19999999E-03   0.00000000
   3.29999998E-03   0.00000000
   4.39999998E-03   0.00000000
   5.49999997E-03   0.00000000
   6.59999996E-03   0.00000000
   7.69999996E-03   0.00000000
   8.79999995E-03   0.00000000
   9.89999995E-03   0.00000000
   1.09999999E-02   0.00000000
   1.20999999E-02   0.00000000
   1.31999999E-02   0.00000000
   1.42999999E-02   0.00000000
   1.53999999E-02   0.00000000
   1.64999999E-02   0.00000000
   1.75999999E-02   0.00000000
   1.86999999E-02   0.00000000
   1.97999999E-02   0.00000000
   2.08999999E-02   0.00000000
   2.19999999E-02   0.00000000
   2.30999999E-02   0.00000000
   2.41999999E-02   0.00000000
   2.52999999E-02   0.00000000
   2.63999999E-02   0.00000000
   2.74999999E-02   0.00000000
   2.85999998E-02   0.00000000
   2.96999998E-02   0.00000000
   3.07999998E-02   0.00000000
   3.18999998E-02   0.00000000
   3.29999998E-02   0.00000000
   3.40999998E-02   0.00000000
   3.51999998E-02   0.00000000
   3.62999998E-02   0.00000000
   3.73999998E-02   0.00000000
   3.84999998E-02   0.00000000
   3.95999998E-02   0.00000000
   4.06999998E-02   0.00000000
   4.17999998E-02   0.00000000
   4.28999998E-02   0.00000000
   4.39999998E-02   0.00000000
   4.50999998E-02   0.00000000
   4.61999997E-02   0.00000000
   4.72999997E-02   0.00000000
   4.83999997E-02   0.00000000
   4.94999997E-02   0.00000000
   5.05999997E-02   0.00000000
   5.16999997E-02   0.00000000
   5.27999997E-02   0.00000000
   5.38999997E-02   0.00000000
   5.49999997E-02   0.00000000
   5.60999997E-02   0.00000000
   5.71999997E-02   0.00000000
   5.82999997E-02   0.00000000
   5.93999997E-02   0.00000000
   6.04999997E-02   0.00000000
   6.15999997E-02   0.00000000
   6.27000034E-02   0.00000000
   6.37999997E-02   0.00000000
   6.48999959E-02   0.00000000
   6.59999996E-02   0.00000000
   6.71000034E-02   0.00000000
   6.81999996E-02   0.00000000
   6.92999959E-02   0.00000000
   7.03999996E-02   0.00000000
   7.15000033E-02   0.00000000
   7.25999996E-02   0.00000000
   7.36999959E-02   0.00000000
   7.47999996E-02   0.00000000
   7.59000033E-02   0.00000000
   7.69999996E-02   0.00000000
   7.80999959E-02  -0.00000000
   7.91999996E-02  -0.00000000
   8.03000033E-02   1.40129846E-45
   8.13999996E-02   5.60519386E-45
   8.24999958E-02   8.40779079E-45
   8.35999995E-02  -2.80259693E-45
   8.47000033E-02  -5.18480432E-44
   8.57999995E-02  -1.09301280E-43
   8.68999958E-02  -4.06376555E-44
   8.79999995E-02   3.41916825E-43
   8.91000032E-02   9.57086851E-43
   9.01999995E-02   9.40271270E-43
   9.12999958E-02  -1.37187120E-42
   9.23999995E-02  -6.51463656E-42
   9.35000032E-02  -9.86934508E-42
   9.45999995E-02   3.89560973E-43
   9.56999958E-02   3.40725722E-41
   9.67999995E-02   7.32024305E-41
   9.79000032E-02   4.85732087E-41
   9.89999995E-02  -1.26708210E-40
  0.100099996      -4.17261841E-40
  0.101199999      -4.88049834E-40
  0.102300003       2.28478912E-40
  0.103399999       1.88009132E-39
  0.104499996       3.12513380E-39
  0.105599999       9.38741052E-40
  0.106700003      -6.74918029E-39
  0.107799999      -1.55494047E-38
  0.108899996      -1.15791534E-38
  0.109999999       1.92066774E-38
  0.111100003       6.57230672E-38
  0.112199999       7.05563418E-38
  0.113299996      -4.13941156E-38
  0.114399999      -2.55423169E-37
  0.115500003      -3.49187233E-37
  0.116599999       3.74189065E-38
  0.117699996       9.70778142E-37
  0.118799999       1.63463363E-36
  0.119900003       3.94053558E-37
  0.120999999      -3.57467158E-36
  0.122099996      -7.53605812E-36
  0.123199999      -4.43690895E-36
  0.124300003       1.14867265E-35
  0.125400007       3.27623420E-35
  0.126499996       3.13051939E-35
  0.127599999      -2.51568103E-35
  0.128700003      -1.25575777E-34
  0.129799992      -1.70771342E-34
  0.130899996      -8.26037329E-36
  0.131999999       3.98622532E-34
  0.133100003       7.53299208E-34
  0.134200007       4.38324395E-34
  0.135299996      -9.57596636E-34
  0.136399999      -2.74307172E-33
  0.137500003      -2.75840145E-33
  0.138599992       1.23505757E-33
  0.139699996       8.32708296E-33
  0.140799999       1.19722909E-32
  0.141900003       2.82834961E-33
  0.143000007      -2.09486083E-32
  0.144099995      -4.23122659E-32
  0.145199999      -2.81778162E-32
  0.146300003       4.13474584E-32
  0.147399992       1.29747846E-31
  0.148499995       1.33354803E-31
  0.149599999      -4.56392500E-32
  0.150700003      -3.54627321E-31
  0.151800007      -5.01804526E-31
  0.152899995      -1.08459643E-31
  0.153999999       8.54699309E-31
  0.155100003       1.65739945E-30
  0.156199992       1.02416544E-30
  0.157299995      -1.67565742E-30
  0.158399999      -4.89876607E-30
  0.159500003      -4.80997167E-30
  0.160600007       1.84033477E-30
  0.161699995       1.27519899E-29
  0.162799999       1.76516700E-29
  0.163900003       4.14312068E-30
  0.164999992      -2.79561762E-29
  0.166099995      -5.46602872E-29
  0.167199999      -3.62464830E-29
  0.168300003       4.58804480E-29
  0.169400007       1.45591721E-28
  0.170499995       1.52049304E-28
  0.171599999      -2.71739206E-29
  0.172700003      -3.32049245E-28
  0.173799992      -4.91155710E-28
  0.174899995      -1.78658578E-28
  0.175999999       6.24001302E-28
  0.177100003       1.34150747E-27
  0.178200006       1.01659249E-27
  0.179299995      -8.24409142E-28
  0.180399999      -3.18424706E-27
  0.181500003      -3.60875360E-27
  0.182599992      -4.28057189E-30
  0.183699995       6.51432861E-27
  0.184799999       1.04062432E-26
  0.185900003       4.90101369E-27
  0.187000006      -1.07958650E-26
  0.188099995      -2.58810811E-26
  0.189199999      -2.19238574E-26
  0.190300003       1.09821641E-26
  0.191399992       5.59600731E-26
  0.192499995       6.91730681E-26
  0.193599999       1.14400300E-26
  0.194700003      -1.02260452E-25
  0.195800006      -1.80662213E-25
  0.196899995      -1.07337444E-25
  0.197999999       1.42057086E-25
  0.199100003       4.06008170E-25
  0.200199991       3.92387796E-25
  0.201299995      -7.69702925E-26
  0.202399999      -7.83249442E-25
  0.203500003      -1.08814813E-24
  0.204600006      -3.75003027E-25
  0.205699995       1.23743690E-24
  0.206799999       2.53860291E-24
  0.207900003       1.86792934E-24
  0.208999991      -1.31557929E-24
  0.210099995      -5.10127396E-24
  0.211199999      -5.68146223E-24
  0.212300003      -3.76712439E-25
  0.213400006       8.68082577E-24
  0.214499995       1.38915502E-23
  0.215599999       7.16996781E-24
  0.216700003      -1.14709653E-23
  0.217799991      -2.89966936E-23
  0.218899995      -2.57180078E-23
  0.219999999       7.25374011E-24
  0.221100003       5.19414072E-23
  0.222200006       6.71520685E-23
  0.223299995       1.94031794E-23
  0.224399999      -7.65717367E-23
  0.225500003      -1.45992203E-22
  0.226599991      -9.99504501E-23
  0.227699995       7.76414384E-23
  0.228799999       2.72253518E-22
  0.229900002       2.88001176E-22
  0.231000006       1.03676392E-23
  0.232099995      -4.28632685E-22
  0.233199999      -6.56518116E-22
  0.234300002      -3.22943549E-22
  0.235399991       5.21669450E-22
  0.236499995       1.26835202E-21
  0.237599999       1.09328175E-21
  0.238700002      -2.97032157E-22
  0.239800006      -2.09034518E-21
  0.240899995      -2.64788168E-21
  0.241999999      -7.79012084E-22
  0.243100002       2.81068581E-21
  0.244199991       5.30715244E-21
  0.245299995       3.63652104E-21
  0.246399999      -2.52173482E-21
  0.247500002      -9.08365643E-21
  0.248600006      -9.61116421E-21
  0.249699995      -7.27340559E-22
  0.250800014       1.30324737E-20
  0.251899987       2.01214867E-20
  0.252999991       1.03786481E-20
  0.254099995      -1.41302708E-20
  0.255199999      -3.56478429E-20
  0.256300002      -3.14411415E-20
  0.257400006       5.72854886E-21
  0.258500010       5.35649756E-20
  0.259599984       6.94715909E-20
  0.260699987       2.39736684E-20
  0.261799991      -6.44920153E-20
  0.262899995      -1.27362847E-19
  0.263999999      -9.22997467E-20
  0.265100002       4.73106113E-20
  0.266200006       1.98594575E-19
  0.267300010       2.19135292E-19
  0.268400013       3.58229887E-20
  0.269499987      -2.55890003E-19
  0.270599991      -4.17242412E-19
  0.271699995      -2.40897768E-19
  0.272799999       2.35918528E-19
  0.273900002       6.71919225E-19
  0.275000006       6.33210068E-19
  0.276100010      -2.46601411E-20
  0.277199984      -9.07914371E-19
  0.278299987      -1.25915615E-18
  0.279399991      -5.46095748E-19
  0.280499995       9.46866823E-19
  0.281599998       2.08986706E-18
  0.282700002       1.67454526E-18
  0.283800006      -4.67182408E-19
  0.284900010      -2.93185421E-18
  0.286000013      -3.51457875E-18
  0.287099987      -1.00859828E-18
  0.288199991       3.31002485E-18
  0.289299995       6.02480349E-18
  0.290399998       4.05261342E-18
  0.291500002      -2.35483679E-18
  0.292600006      -8.72436408E-18
  0.293700010      -9.12826893E-18
  0.294799984      -1.22547800E-18
  0.295899987       1.03865397E-17
  0.296999991       1.61854298E-17
  0.298099995       8.96029750E-18
  0.299199998      -8.78279364E-18
  0.300300002      -2.40614267E-17
  0.301400006      -2.20954715E-17
  0.302500010       6.56709442E-19
  0.303600013       2.97850897E-17
  0.304699987       4.06552091E-17
  0.305799991       1.78540103E-17
  0.306899995      -2.79647530E-17
  0.307999998      -6.20406238E-17
  0.309100002      -5.00372471E-17
  0.310200006       1.06343713E-17
  0.311300009       7.92666799E-17
  0.312399983       9.62758956E-17
  0.313499987       3.16823773E-17
  0.314599991      -7.94833748E-17
  0.315699995      -1.50546210E-16
  0.316799998      -1.06802318E-16
  0.317900002       4.41322926E-17
  0.319000006       1.96720821E-16
  0.320100009       2.15484202E-16
  0.321200013       4.80001329E-17
  0.322299987      -2.06299162E-16
  0.323399991      -3.44691482E-16
  0.324499995      -2.14422314E-16
  0.325599998       1.38777256E-16
  0.326700002       4.60254992E-16
  0.327800006       4.58538533E-16
  0.328900009       5.34966951E-17
  0.329999983      -5.00058182E-16
  0.331099987      -7.53503040E-16
  0.332199991      -4.10969322E-16
  0.333299994       3.73743335E-16
  0.334399998       1.02302014E-15
  0.335500002       9.38856719E-16
  0.336600006       2.01492197E-17
  0.337700009      -1.13195027E-15
  0.338800013      -1.57305369E-15
  0.339899987      -7.56755064E-16
  0.340999991       8.99581918E-16
  0.342099994       2.15661407E-15
  0.343199998       1.83955820E-15
  0.344300002      -1.31878795E-16
  0.345400006      -2.43000073E-15
  0.346500009      -3.15168402E-15
  0.347599983      -1.32994665E-15
  0.348699987       2.03054359E-15
  0.349799991       4.38839723E-15
  0.350899994       3.51273457E-15
  0.351999998      -5.41768520E-16
  0.353100002      -4.99761297E-15
  0.354200006      -6.15182538E-15
  0.355300009      -2.33728683E-15
  0.356400013       4.23849103E-15
  0.357499987       8.57429176E-15
  0.358599991       6.55014898E-15
  0.359699994      -1.40314290E-15
  0.360799998      -9.75616784E-15
  0.361900002      -1.15412017E-14
  0.363000005      -3.95382232E-15
  0.364100009       8.46062586E-15
  0.365199983       1.61997287E-14
  0.366299987       1.18401450E-14
  0.367399991      -3.31682432E-15
  0.368499994      -1.86588026E-14
  0.369599998      -2.13820339E-14
  0.370700002      -6.79762829E-15
  0.371800005       1.62183855E-14
  0.372900009       3.01008032E-14
  0.374000013       2.16308769E-14
  0.375099987      -6.25772525E-15
  0.376199991      -3.39779915E-14
  0.377299994      -3.85592166E-14
  0.378399998      -1.21144736E-14
  0.379500002       2.89298004E-14
  0.380600005       5.31556847E-14
  0.381700009       3.75607985E-14
  0.382799983      -1.19025375E-14
  0.383899987      -6.01910489E-14
  0.384999990      -6.71003509E-14
  0.386099994      -1.96172881E-14
  0.387199998       5.26120624E-14
  0.388300002       9.43737615E-14
  0.389400005       6.59826333E-14
  0.390500009      -2.14247599E-14
  0.391600013      -1.06435849E-13
  0.392699987      -1.19287054E-13
  0.393799990      -3.75932500E-14
  0.394899994       8.75744450E-14
  0.395999998       1.61482169E-13
  0.397100002       1.16050832E-13
  0.398200005      -3.03331680E-14
  0.399300009      -1.74117109E-13
  0.400399983      -1.97646614E-13
  0.401499987      -6.29686800E-14
  0.402599990       1.44649334E-13
  0.403699994       2.66896558E-13
  0.404799998       1.90017083E-13
  0.405900002      -5.55037109E-14
  0.407000005      -2.97100127E-13
  0.408100009      -3.38082698E-13
  0.409200013      -1.13321841E-13
  0.410299987       2.37904694E-13
  0.411399990       4.53422591E-13
  0.412499994       3.41131854E-13
  0.413599998      -5.60920803E-14
  0.414700001      -4.60928116E-13
  0.415800005      -5.51225244E-13
  0.416900009      -2.12952038E-13
  0.417999983       3.38607560E-13
  0.419099987       6.86119889E-13
  0.420199990       5.18715496E-13
  0.421299994      -1.01378649E-13
  0.422399998      -7.35236524E-13
  0.423500001      -8.67152487E-13
  0.424600005      -3.09748700E-13
  0.425700009       5.96789274E-13
  0.426800013       1.18065161E-12
  0.427899987       9.27972868E-13
  0.428999990      -8.50874005E-14
  0.430099994      -1.17112711E-12
  0.431199998      -1.49398733E-12
  0.432300001      -7.11082885E-13
  0.433400005       6.92402841E-13
  0.434500009       1.68397371E-12
  0.435599983       1.43524363E-12
  0.436699986       6.28181318E-15
  0.437799990      -1.59125707E-12
  0.438899994      -2.08221179E-12
  0.439999998      -9.14634687E-13
  0.441100001       1.20377861E-12
  0.442200005       2.70541510E-12
  0.443300009       2.30038883E-12
  0.444400012       4.05049258E-14
  0.445499986      -2.54694031E-12
  0.446599990      -3.48082175E-12
  0.447699994      -1.83857530E-12
  0.448799998       1.37898091E-12
  0.449900001       3.79763018E-12
  0.451000005       3.37615352E-12
  0.452100009       6.35223211E-14
  0.453199983      -3.90729549E-12
  0.454299986      -5.48560329E-12
  0.455399990      -3.08534817E-12
  0.456499994       2.01431059E-12
  0.457599998       6.35020942E-12
  0.458700001       6.73521352E-12
  0.459800005       2.75687654E-12
  0.460900009      -2.65361214E-12
  0.462000012      -5.24903905E-12
  0.463099986      -2.77725304E-12
  0.464199990       2.91037203E-12
  0.465299994       6.78552874E-12
  0.466399997       4.26071158E-12
  0.467500001      -5.00722987E-12
  0.468600005      -1.60792352E-11
  0.469700009      -2.16021107E-11
  0.470799983      -1.68231679E-11
  0.471899986      -3.15396364E-12
  0.472999990       1.25421722E-11
  0.474099994       2.27152117E-11
  0.475199997       2.45502490E-11
  0.476300001       2.18313527E-11
  0.477400005       2.14553635E-11
  0.478500009       2.69023692E-11
  0.479600012       3.36915253E-11
  0.480699986       3.08983707E-11
  0.481799990       8.52027390E-12
  0.482899994      -3.41598728E-11
  0.483999997      -8.54602361E-11
  0.485100001      -1.26410465E-10
  0.486200005      -1.41163650E-10
  0.487300009      -1.25569194E-10
  0.488399982      -8.76492837E-11
  0.489499986      -3.94984150E-11
  0.490599990       1.32395830E-11
  0.491699994       7.57599955E-11
  0.492799997       1.57913987E-10
  0.493900001       2.61082489E-10
  0.495000005       3.67839176E-10
  0.496100008       4.43301951E-10
  0.497200012       4.49246584E-10
  0.498299986       3.62578439E-10
  0.499399990       1.85794824E-10
  0.500500023      -5.78422067E-11
  0.501600027      -3.40664719E-10
  0.502699971      -6.45751508E-10
  0.503799975      -9.68357727E-10
  0.504899979      -1.30112854E-09
  0.505999982      -1.61358171E-09
  0.507099986      -1.84226734E-09
  0.508199990      -1.90167371E-09
  0.509299994      -1.71090686E-09
  0.510399997      -1.21835675E-09
  0.511500001      -4.05957629E-10
  0.512600005       7.32048422E-10
  0.513700008       2.22302954E-09
  0.514800012       4.14000256E-09
  0.515900016       6.60053345E-09
  0.517000020       9.74486714E-09
  0.518100023       1.37150540E-08
  0.519199967       1.86584437E-08
  0.520299971       2.47636525E-08
  0.521399975       3.23117675E-08
  0.522499979       4.17134807E-08
  0.523599982       5.35107922E-08
  0.524699986       6.83470631E-08
  0.525799990       8.69343779E-08
  0.526899993       1.10055232E-07
  0.527999997       1.38612194E-07
  0.529100001       1.73709722E-07
  0.530200005       2.16730271E-07
  0.531300008       2.69374539E-07
  0.532400012       3.33665298E-07
  0.533500016       4.11949259E-07
  0.534600019       5.06935521E-07
  0.535700023       6.21797653E-07
  0.536800027       7.60312673E-07
  0.537899971       9.26992072E-07
  0.538999975       1.12716202E-06
  0.540099978       1.36697906E-06
  0.541199982       1.65343749E-06
  0.542299986       1.99444162E-06
  0.543399990       2.39895871E-06
  0.544499993       2.87724765E-06
  0.545599997       3.44107502E-06
  0.546700001       4.10386156E-06
  0.547800004       4.88074602E-06
  0.548900008       5.78859499E-06
