   0.00000000       0.00000000
   1.09999999E-03   0.00000000
   2.19999999E-03   0.00000000
   3.29999998E-03   0.00000000
   4.39999998E-03   0.00000000
   5.49999997E-03   0.00000000
   6.59999996E-03   0.00000000
   7.69999996E-03   0.00000000
   8.79999995E-03   0.00000000
   9.89999995E-03   0.00000000
   1.09999999E-02   0.00000000
   1.20999999E-02   0.00000000
   1.31999999E-02   0.00000000
   1.42999999E-02   0.00000000
   1.53999999E-02   0.00000000
   1.64999999E-02   0.00000000
   1.75999999E-02   0.00000000
   1.86999999E-02   0.00000000
   1.97999999E-02   0.00000000
   2.08999999E-02   0.00000000
   2.19999999E-02  -5.46506401E-44
   2.30999999E-02  -4.24593435E-43
   2.41999999E-02   3.84095909E-42
   2.52999999E-02   7.51866691E-41
   2.63999999E-02   4.84909524E-40
   2.74999999E-02   1.23109115E-39
   2.85999998E-02  -3.45010892E-39
   2.96999998E-02  -4.27024631E-38
   3.07999998E-02  -1.68666101E-37
   3.18999998E-02  -2.41206895E-37
   3.29999998E-02   8.98800996E-37
   3.40999998E-02   6.40407730E-36
   3.51999998E-02   1.76557716E-35
   3.62999998E-02   1.36844087E-35
   3.73999998E-02  -8.87438140E-35
   3.84999998E-02  -4.21602804E-34
   3.95999998E-02  -8.68932036E-34
   4.06999998E-02  -2.53395348E-34
   4.17999998E-02   4.38145977E-33
   4.28999998E-02   1.54887118E-32
   4.39999998E-02   2.49512782E-32
   4.50999998E-02  -2.67540494E-33
   4.61999997E-02  -1.29130206E-31
   4.72999997E-02  -3.65742748E-31
   4.83999997E-02  -4.77043255E-31
   4.94999997E-02   2.13223814E-31
   5.05999997E-02   2.54532105E-30
   5.16999997E-02   6.09781055E-30
   5.27999997E-02   6.67573511E-30
   5.38999997E-02  -4.78339083E-30
   5.49999997E-02  -3.62561879E-29
   5.60999997E-02  -7.68139043E-29
   5.71999997E-02  -7.37791803E-29
   5.82999997E-02   6.47822166E-29
   5.93999997E-02   3.94631110E-28
   6.04999997E-02   7.69838880E-28
   6.15999997E-02   6.85221030E-28
   6.27000034E-02  -6.10331485E-28
   6.37999997E-02  -3.42367713E-27
   6.48999959E-02  -6.38918246E-27
   6.59999996E-02  -5.58637820E-27
   6.71000034E-02   4.19949525E-27
   6.81999996E-02   2.44640481E-26
   6.92999959E-02   4.52471448E-26
   7.03999996E-02   4.07872303E-26
   7.15000033E-02  -2.09903515E-26
   7.25999996E-02  -1.47668685E-25
   7.36999959E-02  -2.78998162E-25
   7.47999996E-02  -2.66751639E-25
   7.59000033E-02   6.77954396E-26
   7.69999996E-02   7.66703084E-25
   7.80999959E-02   1.51442124E-24
   7.91999996E-02   1.54950869E-24
   8.03000033E-02  -3.18353477E-26
   8.13999996E-02  -3.45814927E-24
   8.24999958E-02  -7.26093688E-24
   8.35999995E-02  -7.93123200E-24
   8.47000033E-02  -1.36368925E-24
   8.57999995E-02   1.35446644E-23
   8.68999958E-02   3.06830920E-23
   8.79999995E-02   3.56353872E-23
   8.91000032E-02   1.18407249E-23
   9.01999995E-02  -4.53689968E-23
   9.12999958E-02  -1.13568127E-22
   9.23999995E-02  -1.40581476E-22
   9.35000032E-02  -6.73850223E-23
   9.45999995E-02   1.24314722E-22
   9.56999958E-02   3.64356121E-22
   9.67999995E-02   4.88724701E-22
   9.79000032E-02   3.10540232E-22
   9.89999995E-02  -2.42472240E-22
  0.100099996      -9.95630209E-22
  0.101199999      -1.50796550E-21
  0.102300003      -1.24248597E-21
  0.103399999       1.00736256E-22
  0.104499996       2.24051138E-21
  0.105599999       4.17944637E-21
  0.106700003       4.45627803E-21
  0.107799999       1.82154057E-21
  0.108899996      -3.82388432E-21
  0.109999999      -1.06032825E-20
  0.111100003      -1.45357993E-20
  0.112199999      -1.07694142E-20
  0.113299996       3.50877980E-21
  0.114399999       2.52570617E-20
  0.115500003       4.32741153E-20
  0.116599999       4.08528704E-20
  0.117699996       5.40863393E-21
  0.118799999      -5.77904436E-20
  0.119900003      -1.17057999E-19
  0.120999999      -1.22671867E-19
  0.122099996      -3.68571809E-20
  0.123199999       1.26892983E-19
  0.124300003       2.84252733E-19
  0.125400007       3.09500276E-19
  0.126499996       1.16057628E-19
  0.127599999      -2.54280723E-19
  0.128700003      -6.05147655E-19
  0.129799992      -6.72954442E-19
  0.130899996      -3.02200200E-19
  0.131999999       4.01873241E-19
  0.133100003       1.07318826E-18
  0.134200007       1.27855612E-18
  0.135299996       7.95293265E-19
  0.136399999      -2.28673796E-19
  0.137500003      -1.36134263E-18
  0.138599992      -2.14189672E-18
  0.139699996      -2.26601579E-18
  0.140799999      -1.54056123E-18
  0.141900003       2.48221806E-19
  0.143000007       3.17410852E-18
  0.144099995       6.54093979E-18
  0.145199999       8.26666933E-18
  0.146300003       5.32484988E-18
  0.147399992      -4.07373920E-18
  0.148499995      -1.74222203E-17
  0.149599999      -2.66159805E-17
  0.150700003      -2.11832534E-17
  0.151800007       3.91201050E-18
  0.152899995       4.03936678E-17
  0.153999999       6.60031035E-17
  0.155100003       5.56141981E-17
  0.156199992       3.12350249E-19
  0.157299995      -7.82881451E-17
  0.158399999      -1.32582481E-16
  0.159500003      -1.15895230E-16
  0.160600007      -1.76873979E-17
  0.161699995       1.18547555E-16
  0.162799999       2.13501682E-16
  0.163900003       2.00520598E-16
  0.164999992       7.26255578E-17
  0.166099995      -1.08163586E-16
  0.167199999      -2.49805580E-16
  0.168300003      -2.89001792E-16
  0.169400007      -2.22086798E-16
  0.170499995      -8.34479257E-17
  0.171599999       1.01893802E-16
  0.172700003       3.32150232E-16
  0.173799992       5.76623132E-16
  0.174899995       7.02417159E-16
  0.175999999       4.84324069E-16
  0.177100003      -2.33440269E-16
  0.178200006      -1.29340713E-15
  0.179299995      -2.11080060E-15
  0.180399999      -1.89801533E-15
  0.181500003      -2.19374492E-16
  0.182599992       2.45021411E-15
  0.183699995       4.65080507E-15
  0.184799999       4.62692171E-15
  0.185900003       1.52659795E-15
  0.187000006      -3.65424159E-15
  0.188099995      -8.18982265E-15
  0.189199999      -9.01696557E-15
  0.190300003      -4.69781117E-15
  0.191399992       3.32512440E-15
  0.192499995       1.11664557E-14
  0.193599999       1.45352988E-14
  0.194700003       1.11493066E-14
  0.195800006       1.99325508E-15
  0.196899995      -9.29582745E-15
  0.197999999      -1.82991677E-14
  0.199100003      -2.15548506E-14
  0.200199991      -1.72336866E-14
  0.201299995      -5.07740814E-15
  0.202399999       1.32793235E-14
  0.203500003       3.31286139E-14
  0.204600006       4.59009797E-14
  0.205699995       4.11166699E-14
  0.206799999       1.22115995E-14
  0.207900003      -3.60580570E-14
  0.208999991      -8.41461571E-14
  0.210099995      -1.03433450E-13
  0.211199999      -7.13155595E-14
  0.212300003       1.15488961E-14
  0.213400006       1.13444186E-13
  0.214499995       1.81793111E-13
  0.215599999       1.69582366E-13
  0.216700003       6.46769761E-14
  0.217799991      -9.60182116E-14
  0.218899995      -2.38861963E-13
  0.219999999      -2.88427404E-13
  0.221100003      -2.07086369E-13
  0.222200006      -1.74148382E-14
  0.223299995       2.05010393E-13
  0.224399999       3.64377311E-13
  0.225500003       3.86009231E-13
  0.226599991       2.47466273E-13
  0.227699995      -1.13572041E-14
  0.228799999      -2.99390639E-13
  0.229900002      -5.01590739E-13
  0.231000006      -5.17121827E-13
  0.232099995      -3.03071912E-13
  0.233199999       8.82914957E-14
  0.234300002       5.00692044E-13
  0.235399991       7.16827422E-13
  0.236499995       5.57617104E-13
  0.237599999       4.56569224E-15
  0.238700002      -7.23286502E-13
  0.239800006      -1.20928213E-12
  0.240899995      -1.02016778E-12
  0.241999999       3.10019581E-14
  0.243100002       1.67347408E-12
  0.244199991       3.16419590E-12
  0.245299995       3.53991142E-12
  0.246399999       2.06962095E-12
  0.247500002      -1.28604375E-12
  0.248600006      -5.64442026E-12
  0.249699995      -9.35812799E-12
  0.250800014      -1.05522041E-11
  0.251899987      -7.85764682E-12
  0.252999991      -1.05948431E-12
  0.254099995       8.60021082E-12
  0.255199999       1.85979773E-11
  0.256300002       2.57488961E-11
  0.257400006       2.70926892E-11
  0.258500010       2.07893407E-11
  0.259599984       6.76443016E-12
  0.260699987      -1.30896292E-11
  0.261799991      -3.52243373E-11
  0.262899995      -5.51593701E-11
  0.263999999      -6.83635856E-11
  0.265100002      -7.09666978E-11
  0.266200006      -6.00727454E-11
  0.267300010      -3.37186494E-11
  0.268400013       9.14643795E-12
  0.269499987       6.81038073E-11
  0.270599991       1.39750850E-10
  0.271699995       2.15433657E-10
  0.272799999       2.79215484E-10
  0.273900002       3.07643133E-10
  0.275000006       2.72807527E-10
  0.276100010       1.49297283E-10
  0.277199984      -7.58798718E-11
  0.278299987      -3.92920974E-10
  0.279399991      -7.61874952E-10
  0.280499995      -1.11164666E-09
  0.281599998      -1.34738343E-09
  0.282700002      -1.36619505E-09
  0.283800006      -1.07897835E-09
  0.284900010      -4.34481118E-10
  0.286000013       5.58976254E-10
  0.287099987       1.81845095E-09
  0.288199991       3.18132964E-09
  0.289299995       4.41224168E-09
  0.290399998       5.22249399E-09
  0.291500002       5.30142419E-09
  0.292600006       4.35818404E-09
  0.293700010       2.17182450E-09
  0.294799984      -1.35326805E-09
  0.295899987      -6.13072570E-09
  0.296999991      -1.18402257E-08
  0.298099995      -1.78879240E-08
  0.299199998      -2.33880151E-08
  0.300300002      -2.71728879E-08
  0.301400006      -2.78349734E-08
  0.302500010      -2.37957565E-08
  0.303600013      -1.33881803E-08
  0.304699987       5.06949860E-09
  0.305799991       3.32342083E-08
  0.306899995       7.27561229E-08
  0.307999998       1.25368558E-07
  0.309100002       1.93050866E-07
  0.310200006       2.78252656E-07
  0.311300009       3.84158596E-07
  0.312399983       5.14972328E-07
  0.313499987       6.76201751E-07
  0.314599991       8.74941463E-07
  0.315699995       1.12015573E-06
  0.316799998       1.42297802E-06
  0.317900002       1.79704375E-06
  0.319000006       2.25887402E-06
  0.320100009       2.82832684E-06
  0.321200013       3.52912002E-06
  0.322299987       4.38944653E-06
  0.323399991       5.44268596E-06
  0.324499995       6.72823944E-06
  0.325599998       8.29250894E-06
  0.326700002       1.01900378E-05
  0.327800006       1.24848339E-05
  0.328900009       1.52518760E-05
  0.329999983       1.85787740E-05
  0.331099987       2.25675667E-05
  0.332199991       2.73366313E-05
  0.333299994       3.30226685E-05
  0.334399998       3.97827862E-05
  0.335500002       4.77966860E-05
  0.336600006       5.72689460E-05
  0.337700009       6.84315164E-05
  0.338800013       8.15463573E-05
  0.339899987       9.69082321E-05
  0.340999991       1.14847579E-04
  0.342099994       1.35733397E-04
  0.343199998       1.59975927E-04
  0.344300002       1.88029211E-04
  0.345400006       2.20393034E-04
  0.346500009       2.57614680E-04
  0.347599983       3.00290005E-04
  0.348699987       3.49064096E-04
  0.349799991       4.04631166E-04
  0.350899994       4.67733742E-04
  0.351999998       5.39160916E-04
  0.353100002       6.19745580E-04
  0.354200006       7.10360706E-04
  0.355300009       8.11913458E-04
  0.356400013       9.25338420E-04
  0.357499987       1.05158833E-03
  0.358599991       1.19162432E-03
  0.359699994       1.34640257E-03
  0.360799998       1.51686114E-03
  0.361900002       1.70390331E-03
  0.363000005       1.90837961E-03
  0.364100009       2.13106745E-03
  0.365199983       2.37264857E-03
  0.366299987       2.63368688E-03
  0.367399991       2.91460217E-03
  0.368499994       3.21564381E-03
  0.369599998       3.53686442E-03
  0.370700002       3.87809239E-03
  0.371800005       4.23890632E-03
  0.372900009       4.61860700E-03
  0.374000013       5.01619419E-03
  0.375099987       5.43034170E-03
  0.376199991       5.85937873E-03
  0.377299994       6.30126847E-03
  0.378399998       6.75359741E-03
  0.379500002       7.21356366E-03
  0.380600005       7.67797371E-03
  0.381700009       8.14324338E-03
  0.382799983       8.60540755E-03
  0.383899987       9.06013325E-03
  0.384999990       9.50275362E-03
  0.386099994       9.92828608E-03
  0.387199998       1.03314826E-02
  0.388300002       1.07068708E-02
  0.389400005       1.10488087E-02
  0.390500009       1.13515528E-02
  0.391600013       1.16093243E-02
  0.392699987       1.18163843E-02
  0.393799990       1.19671170E-02
  0.394899994       1.20561142E-02
  0.395999998       1.20782675E-02
  0.397100002       1.20288543E-02
  0.398200005       1.19036278E-02
  0.399300009       1.16989100E-02
  0.400399983       1.14116743E-02
  0.401499987       1.10396286E-02
  0.402599990       1.05812829E-02
  0.403699994       1.00360205E-02
  0.404799998       9.40414984E-03
  0.405900002       8.68694484E-03
  0.407000005       7.88667612E-03
  0.408100009       7.00662658E-03
  0.409200013       6.05108496E-03
  0.410299987       5.02533512E-03
  0.411399990       3.93561600E-03
  0.412499994       2.78907805E-03
  0.413599998       1.59371155E-03
  0.414700001       3.58269317E-04
  0.415800005      -9.07828915E-04
  0.416900009      -2.19460344E-03
  0.417999983      -3.49163357E-03
  0.419099987      -4.78818780E-03
  0.420199990      -6.07336219E-03
  0.421299994      -7.33621838E-03
  0.422399998      -8.56593251E-03
  0.423500001      -9.75193456E-03
  0.424600005      -1.08840521E-02
  0.425700009      -1.19526451E-02
  0.426800013      -1.29487393E-02
  0.427899987      -1.38641363E-02
  0.428999990      -1.46915205E-02
  0.430099994      -1.54245542E-02
  0.431199998      -1.60579570E-02
  0.432300001      -1.65875647E-02
  0.433400005      -1.70103721E-02
  0.434500009      -1.73245501E-02
  0.435599983      -1.75294597E-02
  0.436699986      -1.76256280E-02
  0.437799990      -1.76147297E-02
  0.438899994      -1.74995344E-02
  0.439999998      -1.72838457E-02
  0.441100001      -1.69724245E-02
  0.442200005      -1.65708940E-02
  0.443300009      -1.60856396E-02
  0.444400012      -1.55237131E-02
  0.445499986      -1.48927001E-02
  0.446599990      -1.42006176E-02
  0.447699994      -1.34557830E-02
  0.448799998      -1.26667013E-02
  0.449900001      -1.18419407E-02
  0.451000005      -1.09900273E-02
  0.452100009      -1.01193339E-02
  0.453199983      -9.23798420E-03
  0.454299986      -8.35376512E-03
  0.455399990      -7.47403875E-03
  0.456499994      -6.60567963E-03
  0.457599998      -5.75501565E-03
  0.458700001      -4.92778374E-03
  0.459800005      -4.12909454E-03
  0.460900009      -3.36341257E-03
  0.462000012      -2.63454276E-03
  0.463099986      -1.94563158E-03
  0.464199990      -1.29917474E-03
  0.465299994      -6.97036216E-04
  0.466399997      -1.40474032E-04
  0.467500001       3.69825371E-04
  0.468600005       8.33707745E-04
  0.469700009       1.25150848E-03
  0.470799983       1.62400585E-03
  0.471899986       1.95237296E-03
  0.472999990       2.23812787E-03
  0.474099994       2.48307991E-03
  0.475199997       2.68927845E-03
  0.476300001       2.85896286E-03
  0.477400005       2.99451733E-03
  0.478500009       3.09842755E-03
  0.479600012       3.17323976E-03
  0.480699986       3.22152255E-03
  0.481799990       3.24583193E-03
  0.482899994       3.24868015E-03
  0.483999997       3.23250936E-03
  0.485100001       3.19967186E-03
  0.486200005       3.15241166E-03
  0.487300009       3.09284939E-03
  0.488399982       3.02297063E-03
  0.489499986       2.94461614E-03
  0.490599990       2.85947928E-03
  0.491699994       2.76910397E-03
  0.492799997       2.67488649E-03
  0.493900001       2.57807854E-03
  0.495000005       2.47978931E-03
  0.496100008       2.38099112E-03
  0.497200012       2.28252541E-03
  0.498299986       2.18511210E-03
  0.499399990       2.08935817E-03
  0.500500023       1.99576677E-03
  0.501600027       1.90474768E-03
  0.502699971       1.81662443E-03
  0.503799975       1.73164508E-03
  0.504899979       1.64998975E-03
  0.505999982       1.57177763E-03
  0.507099986       1.49707356E-03
  0.508199990       1.42589607E-03
  0.509299994       1.35822478E-03
  0.510399997       1.29400962E-03
  0.511500001       1.23317726E-03
  0.512600005       1.17563491E-03
  0.513700008       1.12127431E-03
  0.514800012       1.06997206E-03
  0.515900016       1.02159416E-03
  0.517000020       9.76000389E-04
  0.518100023       9.33048374E-04
  0.519199967       8.92596145E-04
  0.520299971       8.54503189E-04
  0.521399975       8.18630971E-04
  0.522499979       7.84844393E-04
  0.523599982       7.53013126E-04
  0.524699986       7.23012665E-04
  0.525799990       6.94724615E-04
  0.526899993       6.68035704E-04
  0.527999997       6.42838015E-04
  0.529100001       6.19029044E-04
  0.530200005       5.96512575E-04
  0.531300008       5.75199374E-04
  0.532400012       5.55007311E-04
  0.533500016       5.35860367E-04
  0.534600019       5.17688692E-04
  0.535700023       5.00428490E-04
  0.536800027       4.84021613E-04
  0.537899971       4.68414248E-04
  0.538999975       4.53555404E-04
  0.540099978       4.39395924E-04
  0.541199982       4.25888720E-04
  0.542299986       4.12990659E-04
  0.543399990       4.00663965E-04
  0.544499993       3.88876419E-04
  0.545599997       3.77599354E-04
  0.546700001       3.66805500E-04
  0.547800004       3.56467383E-04
  0.548900008       3.46557499E-04
