   0.00000000       0.00000000
   1.09999999E-03   0.00000000
   2.19999999E-03   0.00000000
   3.29999998E-03   0.00000000
   4.39999998E-03   0.00000000
   5.49999997E-03   0.00000000
   6.59999996E-03   0.00000000
   7.69999996E-03   0.00000000
   8.79999995E-03   0.00000000
   9.89999995E-03   0.00000000
   1.09999999E-02   0.00000000
   1.20999999E-02  -2.53636456E-25
   1.31999999E-02  -2.67486443E-24
   1.42999999E-02  -1.06211057E-23
   1.53999999E-02  -4.20152367E-24
   1.64999999E-02   1.49041485E-22
   1.75999999E-02   7.63784166E-22
   1.86999999E-02   1.85728806E-21
   1.97999999E-02   1.25033822E-21
   2.08999999E-02  -7.99716601E-21
   2.19999999E-02  -3.45408652E-20
   2.30999999E-02  -6.84718204E-20
   2.41999999E-02  -4.32163354E-20
   2.52999999E-02   1.75835321E-19
   2.63999999E-02   6.74044924E-19
   2.74999999E-02   1.17254124E-18
   2.85999998E-02   7.00975650E-19
   2.96999998E-02  -2.13549269E-18
   3.07999998E-02  -7.58334536E-18
   3.18999998E-02  -1.21185078E-17
   3.29999998E-02  -7.21090315E-18
   3.40999998E-02   1.63596291E-17
   3.51999998E-02   5.65484556E-17
   3.62999998E-02   8.63709239E-17
   3.73999998E-02   5.45467447E-17
   3.84999998E-02  -8.25666276E-17
   3.95999998E-02  -3.00583670E-16
   4.06999998E-02  -4.58357003E-16
   4.17999998E-02  -3.27648729E-16
   4.28999998E-02   2.56740874E-16
   4.39999998E-02   1.17581334E-15
   4.50999998E-02   1.89521928E-15
   4.61999997E-02   1.61625279E-15
   4.72999997E-02  -2.30402703E-16
   4.83999997E-02  -3.35161366E-15
   4.94999997E-02  -6.25187861E-15
   5.05999997E-02  -6.60742323E-15
   5.16999997E-02  -2.44670125E-15
   5.27999997E-02   6.27359018E-15
   5.38999997E-02   1.65134088E-14
   5.49999997E-02   2.23226013E-14
   5.60999997E-02   1.69515721E-14
   5.71999997E-02  -3.20555723E-15
   5.82999997E-02  -3.41093324E-14
   5.93999997E-02  -6.17028604E-14
   6.04999997E-02  -6.50857135E-14
   6.15999997E-02  -2.71043157E-14
   6.27000034E-02   5.05395828E-14
   6.37999997E-02   1.36813100E-13
   6.48999959E-02   1.77317728E-13
   6.59999996E-02   1.22048191E-13
   6.71000034E-02  -3.53984894E-14
   6.81999996E-02  -2.33187655E-13
   6.92999959E-02  -3.57945309E-13
   7.03999996E-02  -3.06831383E-13
   7.15000033E-02  -6.28112945E-14
   7.25999996E-02   2.71322949E-13
   7.36999959E-02   5.17425458E-13
   7.47999996E-02   5.27790539E-13
   7.59000033E-02   2.81680061E-13
   7.69999996E-02  -1.01453771E-13
   7.80999959E-02  -4.44829205E-13
   7.91999996E-02  -6.24587133E-13
   8.03000033E-02  -6.12700537E-13
   8.13999996E-02  -4.24394515E-13
   8.24999958E-02  -4.92191737E-14
   8.35999995E-02   5.18829662E-13
   8.47000033E-02   1.13825735E-12
   8.57999995E-02   1.41937590E-12
   8.68999958E-02   8.78685254E-13
   8.79999995E-02  -6.21338267E-13
   8.91000032E-02  -2.44839934E-12
   9.01999995E-02  -3.27259986E-12
   9.12999958E-02  -1.86677236E-12
   9.23999995E-02   1.74881669E-12
   9.35000032E-02   5.72021163E-12
   9.45999995E-02   7.10483408E-12
   9.56999958E-02   3.81967895E-12
   9.67999995E-02  -3.43536614E-12
   9.79000032E-02  -1.08671050E-11
   9.89999995E-02  -1.35691475E-11
  0.100099996      -8.76422806E-12
  0.101199999       1.93077824E-12
  0.102300003       1.30511314E-11
  0.103399999       1.85321012E-11
  0.104499996       1.54811632E-11
  0.105599999       5.80641568E-12
  0.106700003      -5.35743498E-12
  0.107799999      -1.30219438E-11
  0.108899996      -1.48714444E-11
  0.109999999      -1.13649984E-11
  0.111100003      -4.22767984E-12
  0.112199999       4.44111978E-12
  0.113299996       1.12918563E-11
  0.114399999       1.06120850E-11
  0.115500003      -3.96868953E-12
  0.116599999      -3.36945263E-11
  0.117699996      -6.78899020E-11
  0.118799999      -8.24875029E-11
  0.119900003      -4.87705570E-11
  0.120999999       4.91552667E-11
  0.122099996       1.96948388E-10
  0.123199999       3.44119455E-10
  0.124300003       4.16321699E-10
  0.125400007       3.42907869E-10
  0.126499996       8.83895110E-11
  0.127599999      -3.25596800E-10
  0.128700003      -8.16274826E-10
  0.129799992      -1.25419397E-09
  0.130899996      -1.49077328E-09
  0.131999999      -1.39181433E-09
  0.133100003      -8.70941597E-10
  0.134200007       8.19229962E-11
  0.135299996       1.38173450E-09
  0.136399999       2.84324142E-09
  0.137500003       4.19129664E-09
  0.138599992       5.08478415E-09
  0.139699996       5.15098320E-09
  0.140799999       4.03017353E-09
  0.141900003       1.43594736E-09
  0.143000007      -2.76044432E-09
  0.144099995      -8.41893577E-09
  0.145199999      -1.50043196E-08
  0.146300003      -2.14734044E-08
  0.147399992      -2.62136357E-08
  0.148499995      -2.70643401E-08
  0.149599999      -2.14278870E-08
  0.150700003      -6.44567644E-09
  0.151800007       2.08145856E-08
  0.152899995       6.32254142E-08
  0.153999999       1.23574353E-07
  0.155100003       2.04673668E-07
  0.156199992       3.09598732E-07
  0.157299995       4.42025822E-07
  0.158399999       6.06633989E-07
  0.159500003       8.09547146E-07
  0.160600007       1.05880247E-06
  0.161699995       1.36483754E-06
  0.162799999       1.74098409E-06
  0.163900003       2.20395100E-06
  0.164999992       2.77429285E-06
  0.166099995       3.47689524E-06
  0.167199999       4.34153571E-06
  0.168300003       5.40360134E-06
  0.169400007       6.70500867E-06
  0.170499995       8.29533747E-06
  0.171599999       1.02331242E-05
  0.172700003       1.25872903E-05
  0.173799992       1.54386889E-05
  0.174899995       1.88818503E-05
  0.175999999       2.30270070E-05
  0.177100003       2.80024742E-05
  0.178200006       3.39573926E-05
  0.179299995       4.10646899E-05
  0.180399999       4.95241584E-05
  0.181500003       5.95655147E-05
  0.182599992       7.14514754E-05
  0.183699995       8.54809041E-05
  0.184799999       1.01992176E-04
  0.185900003       1.21366902E-04
  0.187000006       1.44033882E-04
  0.188099995       1.70473300E-04
  0.189199999       2.01220813E-04
  0.190300003       2.36871449E-04
  0.191399992       2.78083113E-04
  0.192499995       3.25579400E-04
  0.193599999       3.80152080E-04
  0.194700003       4.42663062E-04
  0.195800006       5.14045183E-04
  0.196899995       5.95302496E-04
  0.197999999       6.87508611E-04
  0.199100003       7.91804516E-04
  0.200199991       9.09394468E-04
  0.201299995       1.04154029E-03
  0.202399999       1.18955388E-03
  0.203500003       1.35478785E-03
  0.204600006       1.53862312E-03
  0.205699995       1.74245436E-03
  0.206799999       1.96767179E-03
  0.207900003       2.21564015E-03
  0.208999991       2.48767622E-03
  0.210099995       2.78502330E-03
  0.211199999       3.10882367E-03
  0.212300003       3.46008781E-03
  0.213400006       3.83966044E-03
  0.214499995       4.24818648E-03
  0.215599999       4.68607247E-03
  0.216700003       5.15344972E-03
  0.217799991       5.65013383E-03
  0.218899995       6.17558789E-03
  0.219999999       6.72888476E-03
  0.221100003       7.30866939E-03
  0.222200006       7.91312847E-03
  0.223299995       8.53995793E-03
  0.224399999       9.18633770E-03
  0.225500003       9.84891132E-03
  0.226599991       1.05237709E-02
  0.227699995       1.12064462E-02
  0.228799999       1.18919127E-02
  0.229900002       1.25745982E-02
  0.231000006       1.32484082E-02
  0.232099995       1.39067611E-02
  0.233199999       1.45426225E-02
  0.234300002       1.51485596E-02
  0.235399991       1.57168116E-02
  0.236499995       1.62393618E-02
  0.237599999       1.67080238E-02
  0.238700002       1.71145480E-02
  0.239800006       1.74507201E-02
  0.240899995       1.77084710E-02
  0.241999999       1.78800076E-02
  0.243100002       1.79579258E-02
  0.244199991       1.79353505E-02
  0.245299995       1.78060625E-02
  0.246399999       1.75646190E-02
  0.247500002       1.72064677E-02
  0.248600006       1.67280734E-02
  0.249699995       1.61270276E-02
  0.250800014       1.54021438E-02
  0.251899987       1.45535152E-02
  0.252999991       1.35825910E-02
  0.254099995       1.24922190E-02
  0.255199999       1.12866750E-02
  0.256300002       9.97167081E-03
  0.257400006       8.55433103E-03
  0.258500010       7.04314047E-03
  0.259599984       5.44787664E-03
  0.260699987       3.77952680E-03
  0.261799991       2.05018697E-03
  0.262899995       2.72932695E-04
  0.263999999      -1.53833523E-03
  0.265100002      -3.36906314E-03
  0.266200006      -5.20422729E-03
  0.267300010      -7.02851592E-03
  0.268400013      -8.82652029E-03
  0.269499987      -1.05829369E-02
  0.270599991      -1.22827739E-02
  0.271699995      -1.39115611E-02
  0.272799999      -1.54555384E-02
  0.273900002      -1.69018377E-02
  0.275000006      -1.82386432E-02
  0.276100010      -1.94553472E-02
  0.277199984      -2.05426905E-02
  0.278299987      -2.14928761E-02
  0.279399991      -2.22996566E-02
  0.280499995      -2.29583886E-02
  0.281599998      -2.34660786E-02
  0.282700002      -2.38213893E-02
  0.283800006      -2.40246449E-02
  0.284900010      -2.40777824E-02
  0.286000013      -2.39842962E-02
  0.287099987      -2.37491354E-02
  0.288199991      -2.33786087E-02
  0.289299995      -2.28802599E-02
  0.290399998      -2.22627353E-02
  0.291500002      -2.15356424E-02
  0.292600006      -2.07093824E-02
  0.293700010      -1.97949894E-02
  0.294799984      -1.88039560E-02
  0.295899987      -1.77480616E-02
  0.296999991      -1.66392140E-02
  0.298099995      -1.54893044E-02
  0.299199998      -1.43100489E-02
  0.300300002      -1.31128449E-02
  0.301400006      -1.19086336E-02
  0.302500010      -1.07077854E-02
  0.303600013      -9.52001847E-03
  0.304699987      -8.35431926E-03
  0.305799991      -7.21887778E-03
  0.306899995      -6.12103101E-03
  0.307999998      -5.06721810E-03
  0.309100002      -4.06296784E-03
  0.310200006      -3.11289844E-03
  0.311300009      -2.22073891E-03
  0.312399983      -1.38934911E-03
  0.313499987      -6.20749255E-04
  0.314599991       8.38397391E-05
  0.315699995       7.23938982E-04
  0.316799998       1.29974238E-03
  0.317900002       1.81204756E-03
  0.319000006       2.26219068E-03
  0.320100009       2.65198410E-03
  0.321200013       2.98365206E-03
  0.322299987       3.25975590E-03
  0.323399991       3.48311896E-03
  0.324499995       3.65675683E-03
  0.325599998       3.78382043E-03
  0.326700002       3.86754586E-03
  0.327800006       3.91120417E-03
  0.328900009       3.91804986E-03
  0.329999983       3.89127200E-03
  0.331099987       3.83395981E-03
  0.332199991       3.74908047E-03
  0.333299994       3.63946590E-03
  0.334399998       3.50779435E-03
  0.335500002       3.35657108E-03
  0.336600006       3.18811252E-03
  0.337700009       3.00454604E-03
  0.338800013       2.80781928E-03
  0.339899987       2.59971502E-03
  0.340999991       2.38185562E-03
  0.342099994       2.15570489E-03
  0.343199998       1.92257192E-03
  0.344300002       1.68362889E-03
  0.345400006       1.43993832E-03
  0.346500009       1.19247939E-03
  0.347599983       9.42161249E-04
  0.348699987       6.89827721E-04
  0.349799991       4.36263828E-04
  0.350899994       1.82213262E-04
  0.351999998      -7.15952410E-05
  0.353100002      -3.24426830E-04
  0.354200006      -5.75532322E-04
  0.355300009      -8.24151211E-04
  0.356400013      -1.06951350E-03
  0.357499987      -1.31083187E-03
  0.358599991      -1.54728664E-03
  0.359699994      -1.77801563E-03
  0.360799998      -2.00211816E-03
  0.361900002      -2.21866881E-03
  0.363000005      -2.42673000E-03
  0.364100009      -2.62535573E-03
  0.365199983      -2.81358743E-03
  0.366299987      -2.99045653E-03
  0.367399991      -3.15499865E-03
  0.368499994      -3.30627523E-03
  0.369599998      -3.44339130E-03
  0.370700002      -3.56550375E-03
  0.371800005      -3.67182377E-03
  0.372900009      -3.76162538E-03
  0.374000013      -3.83426133E-03
  0.375099987      -3.88918351E-03
  0.376199991      -3.92595585E-03
  0.377299994      -3.94425914E-03
  0.378399998      -3.94389359E-03
  0.379500002      -3.92477866E-03
  0.380600005      -3.88696813E-03
  0.381700009      -3.83065874E-03
  0.382799983      -3.75619554E-03
  0.383899987      -3.66406469E-03
  0.384999990      -3.55488271E-03
  0.386099994      -3.42939142E-03
  0.387199998      -3.28845647E-03
  0.388300002      -3.13306833E-03
  0.389400005      -2.96433433E-03
  0.390500009      -2.78346147E-03
  0.391600013      -2.59173941E-03
  0.392699987      -2.39052530E-03
  0.393799990      -2.18123500E-03
  0.394899994      -1.96533417E-03
  0.395999998      -1.74432143E-03
  0.397100002      -1.51970610E-03
  0.398200005      -1.29298598E-03
  0.399300009      -1.06563349E-03
  0.400399983      -8.39088869E-04
  0.401499987      -6.14751945E-04
  0.402599990      -3.93967639E-04
  0.403699994      -1.78007496E-04
  0.404799998       3.19470491E-05
  0.405900002       2.34813386E-04
  0.407000005       4.29609645E-04
  0.408100009       6.15457073E-04
  0.409200013       7.91587518E-04
  0.410299987       9.57352691E-04
  0.411399990       1.11222884E-03
  0.412499994       1.25581375E-03
  0.413599998       1.38781674E-03
  0.414700001       1.50805234E-03
  0.415800005       1.61644001E-03
  0.416900009       1.71300618E-03
  0.417999983       1.79788098E-03
  0.419099987       1.87128817E-03
  0.420199990       1.93353009E-03
  0.421299994       1.98497646E-03
  0.422399998       2.02605780E-03
  0.423500001       2.05726107E-03
  0.424600005       2.07912549E-03
  0.425700009       2.09222944E-03
  0.426800013       2.09717685E-03
  0.427899987       2.09458452E-03
  0.428999990       2.08507665E-03
  0.430099994       2.06928048E-03
  0.431199998       2.04782235E-03
  0.432300001       2.02132203E-03
  0.433400005       1.99038396E-03
  0.434500009       1.95558975E-03
  0.435599983       1.91749469E-03
  0.436699986       1.87662640E-03
  0.437799990       1.83348346E-03
  0.438899994       1.78853213E-03
  0.439999998       1.74220360E-03
  0.441100001       1.69489230E-03
  0.442200005       1.64695666E-03
  0.443300009       1.59872184E-03
  0.444400012       1.55048096E-03
  0.445499986       1.50249631E-03
  0.446599990       1.45499851E-03
  0.447699994       1.40818791E-03
  0.448799998       1.36223610E-03
  0.449900001       1.31728849E-03
  0.451000005       1.27346697E-03
  0.452100009       1.23087107E-03
  0.453199983       1.18957926E-03
  0.454299986       1.14965008E-03
  0.455399990       1.11112569E-03
  0.456499994       1.07403414E-03
  0.457599998       1.03839103E-03
  0.458700001       1.00420113E-03
  0.459800005       9.71458445E-04
  0.460900009       9.40146390E-04
  0.462000012       9.10239178E-04
  0.463099986       8.81704444E-04
  0.464199990       8.54505633E-04
  0.465299994       8.28602642E-04
  0.466399997       8.03950999E-04
  0.467500001       7.80501054E-04
  0.468600005       7.58197624E-04
  0.469700009       7.36981747E-04
  0.470799983       7.16793467E-04
  0.471899986       6.97573705E-04
  0.472999990       6.79264718E-04
  0.474099994       6.61809638E-04
  0.475199997       6.45152351E-04
  0.476300001       6.29237853E-04
  0.477400005       6.14013232E-04
  0.478500009       5.99427323E-04
  0.479600012       5.85430011E-04
  0.480699986       5.71971701E-04
  0.481799990       5.59004548E-04
  0.482899994       5.46484836E-04
  0.483999997       5.34375024E-04
  0.485100001       5.22643037E-04
  0.486200005       5.11260412E-04
  0.487300009       5.00201189E-04
  0.488399982       4.89443075E-04
  0.489499986       4.78969945E-04
  0.490599990       4.68772167E-04
  0.491699994       4.58843249E-04
  0.492799997       4.49174928E-04
  0.493900001       4.39755793E-04
  0.495000005       4.30575019E-04
  0.496100008       4.21628822E-04
  0.497200012       4.12923371E-04
  0.498299986       4.04470775E-04
  0.499399990       3.96281306E-04
  0.500500023       3.88358691E-04
  0.501600027       3.80702200E-04
  0.502699971       3.73313000E-04
  0.503799975       3.66197550E-04
  0.504899979       3.59363912E-04
  0.505999982       3.52814037E-04
  0.507099986       3.46540008E-04
  0.508199990       3.40528437E-04
  0.509299994       3.34769458E-04
  0.510399997       3.29261442E-04
  0.511500001       3.24006978E-04
  0.512600005       3.19003506E-04
  0.513700008       3.14237230E-04
  0.514800012       3.09685536E-04
  0.515900016       3.05325171E-04
  0.517000020       3.01137799E-04
  0.518100023       2.97108520E-04
  0.519199967       2.93219869E-04
  0.520299971       2.89448421E-04
  0.521399975       2.85768299E-04
  0.522499979       2.82157620E-04
  0.523599982       2.78601394E-04
  0.524699986       2.75088532E-04
  0.525799990       2.71606143E-04
  0.526899993       2.68137665E-04
  0.527999997       2.64666567E-04
  0.529100001       2.61180860E-04
  0.530200005       2.57673877E-04
  0.531300008       2.54140468E-04
  0.532400012       2.50574492E-04
  0.533500016       2.46971031E-04
  0.534600019       2.43331946E-04
  0.535700023       2.39667628E-04
  0.536800027       2.35992193E-04
  0.537899971       2.32315360E-04
  0.538999975       2.28639838E-04
  0.540099978       2.24967429E-04
  0.541199982       2.21308481E-04
  0.542299986       2.17684545E-04
  0.543399990       2.14120388E-04
  0.544499993       2.10632192E-04
  0.545599997       2.07223842E-04
  0.546700001       2.03895252E-04
  0.547800004       2.00654904E-04
  0.548900008       1.97523652E-04
