   0.00000000       0.00000000
   1.09999999E-03   0.00000000
   2.19999999E-03   0.00000000
   3.29999998E-03   0.00000000
   4.39999998E-03   0.00000000
   5.49999997E-03   0.00000000
   6.59999996E-03   0.00000000
   7.69999996E-03   0.00000000
   8.79999995E-03   0.00000000
   9.89999995E-03   0.00000000
   1.09999999E-02   0.00000000
   1.20999999E-02   0.00000000
   1.31999999E-02   0.00000000
   1.42999999E-02   0.00000000
   1.53999999E-02   0.00000000
   1.64999999E-02   0.00000000
   1.75999999E-02   0.00000000
   1.86999999E-02   0.00000000
   1.97999999E-02   0.00000000
   2.08999999E-02   0.00000000
   2.19999999E-02   0.00000000
   2.30999999E-02   0.00000000
   2.41999999E-02  -0.00000000
   2.52999999E-02  -0.00000000
   2.63999999E-02  -0.00000000
   2.74999999E-02   9.80908925E-45
   2.85999998E-02   1.54142831E-43
   2.96999998E-02   8.42180377E-43
   3.07999998E-02   2.04029056E-42
   3.18999998E-02  -3.79471624E-42
   3.29999998E-02  -5.28737937E-41
   3.40999998E-02  -2.10774907E-40
   3.51999998E-02  -3.40103545E-40
   3.62999998E-02   7.87599802E-40
   3.73999998E-02   6.59995322E-39
   3.84999998E-02   1.91768536E-38
   3.95999998E-02   1.87723169E-38
   4.06999998E-02  -7.74250528E-38
   4.17999998E-02  -4.08205955E-37
   4.28999998E-02  -8.86239263E-37
   4.39999998E-02  -3.93398154E-37
   4.50999998E-02   3.98749473E-36
   4.61999997E-02   1.48614786E-35
   4.72999997E-02   2.46510406E-35
   4.83999997E-02  -1.34720090E-36
   4.94999997E-02  -1.24726746E-34
   5.05999997E-02  -3.57170790E-34
   5.16999997E-02  -4.59610210E-34
   5.27999997E-02   2.57913907E-34
   5.38999997E-02   2.63949432E-33
   5.49999997E-02   6.15651795E-33
   5.60999997E-02   6.22226776E-33
   5.71999997E-02  -6.84389782E-33
   5.82999997E-02  -4.08179452E-32
   5.93999997E-02  -8.11332725E-32
   6.04999997E-02  -6.55736476E-32
   6.15999997E-02   1.08786289E-31
   6.27000034E-02   4.88639460E-31
   6.37999997E-02   8.60608096E-31
   6.48999959E-02   5.75770722E-31
   6.59999996E-02  -1.24557206E-30
   6.71000034E-02  -4.73630033E-30
   6.81999996E-02  -7.65737182E-30
   6.92999959E-02  -4.48779556E-30
   7.03999996E-02   1.11315591E-29
   7.15000033E-02   3.85032396E-29
   7.25999996E-02   5.89353521E-29
   7.36999959E-02   3.23999195E-29
   7.47999996E-02  -8.15161405E-29
   7.59000033E-02  -2.69512855E-28
   7.69999996E-02  -4.00085681E-28
   7.80999959E-02  -2.18665030E-28
   7.91999996E-02   5.05198436E-28
   8.03000033E-02   1.65274892E-27
   8.13999996E-02   2.41819783E-27
   8.24999958E-02   1.36130150E-27
   8.35999995E-02  -2.70026799E-27
   8.47000033E-02  -8.95816885E-27
   8.57999995E-02  -1.30505235E-26
   8.68999958E-02  -7.71013312E-27
   8.79999995E-02   1.24961807E-26
   8.91000032E-02   4.29985677E-26
   9.01999995E-02   6.29220973E-26
   9.12999958E-02   3.96364025E-26
   9.23999995E-02  -4.92862729E-26
   9.35000032E-02  -1.82238677E-25
   9.45999995E-02  -2.71470062E-25
   9.56999958E-02  -1.86629502E-25
   9.67999995E-02   1.57442770E-25
   9.79000032E-02   6.77739049E-25
   9.89999995E-02   1.05303928E-24
  0.100099996       8.16452992E-25
  0.101199999      -3.44799022E-25
  0.102300003      -2.19101502E-24
  0.103399999      -3.70562362E-24
  0.104499996      -3.35730642E-24
  0.105599999       2.91053189E-26
  0.106700003       6.06982121E-24
  0.107799999       1.19872258E-23
  0.108899996       1.30118891E-23
  0.109999999       4.57211790E-24
  0.111100003      -1.40527082E-23
  0.112199999      -3.62023542E-23
  0.113299996      -4.71842793E-23
  0.114399999      -2.94205107E-23
  0.115500003       2.57132005E-23
  0.116599999       1.03322212E-22
  0.117699996       1.57887632E-22
  0.118799999       1.26642303E-22
  0.119900003      -3.05921269E-23
  0.120999999      -2.78750728E-22
  0.122099996      -4.79691751E-22
  0.123199999      -4.34525943E-22
  0.124300003      -1.10972030E-23
  0.125400007       6.96973478E-22
  0.126499996       1.30088873E-21
  0.127599999       1.25754152E-21
  0.128700003       2.26885383E-22
  0.129799992      -1.53840397E-21
  0.130899996      -3.08595459E-21
  0.131999999      -3.16969330E-21
  0.133100003      -1.06766762E-21
  0.134200007       2.67802207E-21
  0.135299996       6.20417569E-21
  0.136399999       7.19235158E-21
  0.137500003       4.22750281E-21
  0.138599992      -2.22641074E-21
  0.139699996      -9.86530091E-21
  0.140799999      -1.54173493E-20
  0.141900003      -1.55733908E-20
  0.143000007      -7.59242427E-21
  0.144099995       9.66794806E-21
  0.145199999       3.31780367E-20
  0.146300003       5.23668723E-20
  0.147399992       4.90919221E-20
  0.148499995       6.30643307E-21
  0.149599999      -7.42733227E-20
  0.150700003      -1.56036649E-19
  0.151800007      -1.71828135E-19
  0.152899995      -6.17596956E-20
  0.153999999       1.67362135E-19
  0.155100003       4.03287229E-19
  0.156199992       4.60445280E-19
  0.157299995       1.96206569E-19
  0.158399999      -3.46718260E-19
  0.159500003      -8.84483136E-19
  0.160600007      -1.01269851E-18
  0.161699995      -4.76988841E-19
  0.162799999       5.75158946E-19
  0.163900003       1.57694756E-18
  0.164999992       1.84662674E-18
  0.166099995       1.05313348E-18
  0.167199999      -4.95791897E-19
  0.168300003      -2.00377845E-18
  0.169400007      -2.70176916E-18
  0.170499995      -2.32121438E-18
  0.171599999      -1.11047002E-18
  0.172700003       5.98765595E-19
  0.173799992       2.74975929E-18
  0.174899995       5.26122687E-18
  0.175999999       7.15334461E-18
  0.177100003       6.11245072E-18
  0.178200006      -2.97531490E-19
  0.179299995      -1.17819322E-17
  0.180399999      -2.28719261E-17
  0.181500003      -2.39952258E-17
  0.182599992      -7.48222501E-18
  0.183699995       2.42523847E-17
  0.184799999       5.48529272E-17
  0.185900003       6.03556569E-17
  0.187000006       2.50998990E-17
  0.188099995      -4.22054084E-17
  0.189199999      -1.05679854E-16
  0.190300003      -1.19880044E-16
  0.191399992      -6.03568017E-17
  0.192499995       5.31485646E-17
  0.193599999       1.60611913E-16
  0.194700003       1.95385368E-16
  0.195800006       1.27279525E-16
  0.196899995      -1.57084411E-17
  0.197999999      -1.64336912E-16
  0.199100003      -2.51388791E-16
  0.200199991      -2.47051797E-16
  0.201299995      -1.59404771E-16
  0.202399999      -6.79569570E-18
  0.203500003       2.00254576E-16
  0.204600006       4.35870290E-16
  0.205699995       6.09645664E-16
  0.206799999       5.56119164E-16
  0.207900003       1.22998131E-16
  0.208999991      -6.61097516E-16
  0.210099995      -1.46294999E-15
  0.211199999      -1.72061117E-15
  0.212300003      -9.67402470E-16
  0.213400006       7.51818291E-16
  0.214499995       2.68045418E-15
  0.215599999       3.61784797E-15
  0.216700003       2.61678632E-15
  0.217799991      -2.79777206E-16
  0.218899995      -3.79518575E-15
  0.219999999      -5.96332371E-15
  0.221100003      -5.24061741E-15
  0.222200006      -1.52200513E-15
  0.223299995       3.62312541E-15
  0.224399999       7.70589071E-15
  0.225500003       8.61925226E-15
  0.226599991       5.68759415E-15
  0.227699995      -1.10558023E-16
  0.228799999      -6.70426197E-15
  0.229900002      -1.17393964E-14
  0.231000006      -1.31440252E-14
  0.232099995      -9.46545427E-15
  0.233199999      -4.07241794E-16
  0.234300002       1.22310965E-14
  0.235399991       2.38252377E-14
  0.236499995       2.76655360E-14
  0.237599999       1.79831532E-14
  0.238700002      -5.60451250E-15
  0.239800006      -3.49909446E-14
  0.240899995      -5.49906054E-14
  0.241999999      -5.03300743E-14
  0.243100002      -1.54558678E-14
  0.244199991       3.86842522E-14
  0.245299995       8.64359379E-14
  0.246399999       9.89958983E-14
  0.247500002       6.06918487E-14
  0.248600006      -1.91400782E-14
  0.249699995      -1.06598636E-13
  0.250800014      -1.57503052E-13
  0.251899987      -1.39093245E-13
  0.252999991      -4.81105431E-14
  0.254099995       8.41800926E-14
  0.255199999       2.02789811E-13
  0.256300002       2.50823098E-13
  0.257400006       1.93239156E-13
  0.258500010       3.38650616E-14
  0.259599984      -1.79851359E-13
  0.260699987      -3.66642670E-13
  0.261799991      -4.35678024E-13
  0.262899995      -3.21918382E-13
  0.263999999      -2.33040516E-14
  0.265100002       3.76505359E-13
  0.266200006       7.18406237E-13
  0.267300010       8.20791081E-13
  0.268400013       5.63877937E-13
  0.269499987      -2.99011440E-14
  0.270599991      -7.66179709E-13
  0.271699995      -1.33210196E-12
  0.272799999      -1.42620768E-12
  0.273900002      -9.11850023E-13
  0.275000006       8.44072804E-14
  0.276100010       1.19263020E-12
  0.277199984       1.94603014E-12
  0.278299987       1.99459785E-12
  0.279399991       1.28282194E-12
  0.280499995       9.67791385E-14
  0.281599998      -1.05450653E-12
  0.282700002      -1.67679835E-12
  0.283800006      -1.53869571E-12
  0.284900010      -8.09684730E-13
  0.286000013      -1.16698033E-14
  0.287099987       2.14427868E-13
  0.288199991      -5.54299228E-13
  0.289299995      -2.21631849E-12
  0.290399998      -4.01396147E-12
  0.291500002      -4.68186254E-12
  0.292600006      -2.89538836E-12
  0.293700010       2.08082163E-12
  0.294799984       9.76615663E-12
  0.295899987       1.81518134E-11
  0.296999991       2.39567862E-11
  0.298099995       2.35302246E-11
  0.299199998       1.42054164E-11
  0.300300002      -4.34900857E-12
  0.301400006      -2.93417547E-11
  0.302500010      -5.50584127E-11
  0.303600013      -7.41108078E-11
  0.304699987      -7.93672766E-11
  0.305799991      -6.59028873E-11
  0.306899995      -3.23164863E-11
  0.307999998       1.89211043E-11
  0.309100002       8.19562126E-11
  0.310200006       1.48383777E-10
  0.311300009       2.07877160E-10
  0.312399983       2.48384785E-10
  0.313499987       2.56186072E-10
  0.314599991       2.16555676E-10
  0.315699995       1.15899762E-10
  0.316799998      -5.41421907E-11
  0.317900002      -2.90933444E-10
  0.319000006      -5.74702785E-10
  0.320100009      -8.64151695E-10
  0.321200013      -1.09624643E-09
  0.322299987      -1.19220311E-09
  0.323399991      -1.07042997E-09
  0.324499995      -6.65325295E-10
  0.325599998       5.11839043E-11
  0.326700002       1.05002673E-09
  0.327800006       2.23242136E-09
  0.328900009       3.42856521E-09
  0.329999983       4.40963666E-09
  0.331099987       4.91245267E-09
  0.332199991       4.67374051E-09
  0.333299994       3.46972673E-09
  0.334399998       1.15682430E-09
  0.335500002      -2.28973862E-09
  0.336600006      -6.74134126E-09
  0.337700009      -1.18869341E-08
  0.338800013      -1.72115460E-08
  0.339899987      -2.19852385E-08
  0.340999991      -2.52658854E-08
  0.342099994      -2.59178972E-08
  0.343199998      -2.26458301E-08
  0.344300002      -1.40366394E-08
  0.345400006       1.40070266E-09
  0.346500009       2.52133159E-08
  0.347599983       5.90159601E-08
  0.348699987       1.04548853E-07
  0.349799991       1.63788215E-07
  0.350899994       2.39108289E-07
  0.351999998       3.33486696E-07
  0.353100002       4.50740629E-07
  0.354200006       5.95781330E-07
  0.355300009       7.74879311E-07
  0.356400013       9.95938876E-07
  0.357499987       1.26879195E-06
  0.358599991       1.60552361E-06
  0.359699994       2.02084925E-06
  0.360799998       2.53255553E-06
  0.361900002       3.16201522E-06
  0.363000005       3.93478012E-06
  0.364100009       4.88126170E-06
  0.365199983       6.03750004E-06
  0.366299987       7.44603949E-06
  0.367399991       9.15692272E-06
  0.368499994       1.12288308E-05
  0.369599998       1.37303850E-05
  0.370700002       1.67416110E-05
  0.371800005       2.03555701E-05
  0.372900009       2.46801537E-05
  0.374000013       2.98400009E-05
  0.375099987       3.59785445E-05
  0.376199991       4.32601482E-05
  0.377299994       5.18723755E-05
  0.378399998       6.20282954E-05
  0.379500002       7.39690076E-05
  0.380600005       8.79661093E-05
  0.381700009       1.04324361E-04
  0.382799983       1.23384219E-04
  0.383899987       1.45524362E-04
  0.384999990       1.71164036E-04
  0.386099994       2.00765047E-04
  0.387199998       2.34833555E-04
  0.388300002       2.73921149E-04
  0.389400005       3.18625534E-04
  0.390500009       3.69590678E-04
  0.391600013       4.27506107E-04
  0.392699987       4.93105443E-04
  0.393799990       5.67164097E-04
  0.394899994       6.50495174E-04
  0.395999998       7.43945187E-04
  0.397100002       8.48387368E-04
  0.398200005       9.64713865E-04
  0.399300009       1.09382579E-03
  0.400399983       1.23662211E-03
  0.401499987       1.39398570E-03
  0.402599990       1.56676921E-03
  0.403699994       1.75577728E-03
  0.404799998       1.96174881E-03
  0.405900002       2.18533631E-03
  0.407000005       2.42708297E-03
  0.408100009       2.68740044E-03
  0.409200013       2.96654459E-03
  0.410299987       3.26458924E-03
  0.411399990       3.58140236E-03
  0.412499994       3.91662028E-03
  0.413599998       4.26961994E-03
  0.414700001       4.63949982E-03
  0.415800005       5.02505386E-03
  0.416900009       5.42475283E-03
  0.417999983       5.83672849E-03
  0.419099987       6.25875685E-03
  0.420199990       6.68825163E-03
  0.421299994       7.12225726E-03
  0.422399998       7.55745405E-03
  0.423500001       7.99016189E-03
  0.424600005       8.41635559E-03
  0.425700009       8.83168634E-03
  0.426800013       9.23151150E-03
  0.427899987       9.61092953E-03
  0.428999990       9.96482372E-03
  0.430099994       1.02879135E-02
  0.431199998       1.05748149E-02
  0.432300001       1.08201029E-02
  0.433400005       1.10183824E-02
  0.434500009       1.11643607E-02
  0.435599983       1.12529341E-02
  0.436699986       1.12792710E-02
  0.437799990       1.12388935E-02
  0.438899994       1.11277644E-02
  0.439999998       1.09423678E-02
  0.441100001       1.06797898E-02
  0.442200005       1.03377998E-02
  0.443300009       9.91491601E-03
  0.444400012       9.41047631E-03
  0.445499986       8.82467814E-03
  0.446599990       8.15862045E-03
  0.447699994       7.41433399E-03
  0.448799998       6.59480039E-03
  0.449900001       5.70395542E-03
  0.451000005       4.74666990E-03
  0.452100009       3.72871943E-03
  0.453199983       2.65673292E-03
  0.454299986       1.53813872E-03
  0.455399990       3.81091202E-04
  0.456499994      -8.05614225E-04
  0.457599998      -2.01264420E-03
  0.458700001      -3.23024159E-03
  0.459800005      -4.44834726E-03
  0.460900009      -5.65672666E-03
  0.462000012      -6.84509706E-03
  0.463099986      -8.00326467E-03
  0.464199990      -9.12126433E-03
  0.465299994      -1.01894932E-02
  0.466399997      -1.11988373E-02
  0.467500001      -1.21407928E-02
  0.468600005      -1.30075775E-02
  0.469700009      -1.37922280E-02
  0.470799983      -1.44886943E-02
  0.471899986      -1.50919147E-02
  0.472999990      -1.55978696E-02
  0.474099994      -1.60036217E-02
  0.475199997      -1.63073409E-02
  0.476300001      -1.65083129E-02
  0.477400005      -1.66069288E-02
  0.478500009      -1.66046601E-02
  0.479600012      -1.65040176E-02
  0.480699986      -1.63084846E-02
  0.481799990      -1.60224475E-02
  0.482899994      -1.56511161E-02
  0.483999997      -1.52004324E-02
  0.485100001      -1.46769676E-02
  0.486200005      -1.40878148E-02
  0.487300009      -1.34404749E-02
  0.488399982      -1.27427448E-02
  0.489499986      -1.20026059E-02
  0.490599990      -1.12281153E-02
  0.491699994      -1.04272999E-02
  0.492799997      -9.60805360E-03
  0.493900001      -8.77804589E-03
  0.495000005      -7.94463046E-03
  0.496100008      -7.11477455E-03
  0.497200012      -6.29499182E-03
  0.498299986      -5.49129024E-03
  0.499399990      -4.70912689E-03
  0.500500023      -3.95337632E-03
  0.501600027      -3.22830258E-03
  0.502699971      -2.53754877E-03
  0.503799975      -1.88413623E-03
  0.504899979      -1.27047603E-03
  0.505999982      -6.98386750E-04
  0.507099986      -1.69117018E-04
  0.508199990       3.16626014E-04
  0.509299994       7.58642389E-04
  0.510399997       1.15719880E-03
  0.511500001       1.51298300E-03
  0.512600005       1.82705675E-03
  0.513700008       2.10080924E-03
  0.514800012       2.33590952E-03
  0.515900016       2.53426074E-03
  0.517000020       2.69795302E-03
  0.518100023       2.82921712E-03
  0.519199967       2.93038227E-03
  0.520299971       3.00383801E-03
  0.521399975       3.05199809E-03
  0.522499979       3.07727000E-03
  0.523599982       3.08202603E-03
  0.524699986       3.06857703E-03
  0.525799990       3.03914957E-03
  0.526899993       2.99587008E-03
  0.527999997       2.94075068E-03
  0.529100001       2.87567708E-03
  0.530200005       2.80240085E-03
  0.531300008       2.72253505E-03
  0.532400012       2.63755210E-03
  0.533500016       2.54878658E-03
  0.534600019       2.45743757E-03
  0.535700023       2.36456958E-03
  0.536800027       2.27111578E-03
  0.537899971       2.17788341E-03
  0.538999975       2.08556419E-03
  0.540099978       1.99474487E-03
  0.541199982       1.90591463E-03
  0.542299986       1.81947206E-03
  0.543399990       1.73573114E-03
  0.544499993       1.65492995E-03
  0.545599997       1.57724193E-03
  0.546700001       1.50278548E-03
  0.547800004       1.43163151E-03
  0.548900008       1.36380701E-03
