   0.00000000       0.00000000
   1.09999999E-03   0.00000000
   2.19999999E-03   0.00000000
   3.29999998E-03   0.00000000
   4.39999998E-03   0.00000000
   5.49999997E-03   0.00000000
   6.59999996E-03   0.00000000
   7.69999996E-03   0.00000000
   8.79999995E-03   0.00000000
   9.89999995E-03   0.00000000
   1.09999999E-02   0.00000000
   1.20999999E-02   0.00000000
   1.31999999E-02   0.00000000
   1.42999999E-02   0.00000000
   1.53999999E-02   0.00000000
   1.64999999E-02   0.00000000
   1.75999999E-02   0.00000000
   1.86999999E-02   0.00000000
   1.97999999E-02   0.00000000
   2.08999999E-02   0.00000000
   2.19999999E-02   0.00000000
   2.30999999E-02   0.00000000
   2.41999999E-02   0.00000000
   2.52999999E-02   0.00000000
   2.63999999E-02   0.00000000
   2.74999999E-02   0.00000000
   2.85999998E-02   0.00000000
   2.96999998E-02   0.00000000
   3.07999998E-02   0.00000000
   3.18999998E-02   0.00000000
   3.29999998E-02   0.00000000
   3.40999998E-02   0.00000000
   3.51999998E-02   0.00000000
   3.62999998E-02   0.00000000
   3.73999998E-02   0.00000000
   3.84999998E-02   0.00000000
   3.95999998E-02   0.00000000
   4.06999998E-02   0.00000000
   4.17999998E-02   0.00000000
   4.28999998E-02   0.00000000
   4.39999998E-02   0.00000000
   4.50999998E-02   0.00000000
   4.61999997E-02   0.00000000
   4.72999997E-02   0.00000000
   4.83999997E-02   0.00000000
   4.94999997E-02   0.00000000
   5.05999997E-02   0.00000000
   5.16999997E-02   0.00000000
   5.27999997E-02   0.00000000
   5.38999997E-02   0.00000000
   5.49999997E-02   0.00000000
   5.60999997E-02   0.00000000
   5.71999997E-02   0.00000000
   5.82999997E-02   0.00000000
   5.93999997E-02   0.00000000
   6.04999997E-02   0.00000000
   6.15999997E-02   0.00000000
   6.27000034E-02   0.00000000
   6.37999997E-02   0.00000000
   6.48999959E-02   0.00000000
   6.59999996E-02   0.00000000
   6.71000034E-02   0.00000000
   6.81999996E-02   0.00000000
   6.92999959E-02   0.00000000
   7.03999996E-02   0.00000000
   7.15000033E-02  -0.00000000
   7.25999996E-02  -0.00000000
   7.36999959E-02  -0.00000000
   7.47999996E-02   0.00000000
   7.59000033E-02   0.00000000
   7.69999996E-02  -2.80259693E-45
   7.80999959E-02  -1.40129846E-45
   7.91999996E-02  -2.80259693E-45
   8.03000033E-02  -8.40779079E-45
   8.13999996E-02  -0.00000000
   8.24999958E-02   3.92363570E-44
   8.35999995E-02   9.80908925E-44
   8.47000033E-02   1.13505176E-43
   8.57999995E-02  -7.56701171E-44
   8.68999958E-02  -6.02558340E-43
   8.79999995E-02  -1.28779329E-42
   8.91000032E-02  -1.18549850E-42
   9.01999995E-02   1.42231794E-42
   9.12999958E-02   7.59223508E-42
   9.23999995E-02   1.42638171E-41
   9.35000032E-02   1.06260463E-41
   9.45999995E-02  -1.96377967E-41
   9.56999958E-02  -8.17251277E-41
   9.67999995E-02  -1.37683179E-40
   9.79000032E-02  -8.20165978E-41
   9.89999995E-02   2.19327032E-40
  0.100099996       7.67680344E-40
  0.101199999       1.17595846E-39
  0.102300003       5.48161335E-40
  0.103399999      -2.07309496E-39
  0.104499996      -6.36784354E-39
  0.105599999      -8.97686230E-39
  0.106700003      -3.20748671E-39
  0.107799999       1.69233989E-38
  0.108899996       4.70479289E-38
  0.109999999       6.18918779E-38
  0.111100003       1.70258352E-38
  0.112199999      -1.20707715E-37
  0.113299996      -3.12164367E-37
  0.114399999      -3.90183374E-37
  0.115500003      -8.91688364E-38
  0.116599999       7.58450798E-37
  0.117699996       1.87707700E-36
  0.118799999       2.28128484E-36
  0.119900003       5.15774782E-37
  0.120999999      -4.23026509E-36
  0.122099996      -1.03383917E-35
  0.123199999      -1.25434000E-35
  0.124300003      -3.37715315E-36
  0.125400007       2.11305039E-35
  0.126499996       5.27634816E-35
  0.127599999       6.55041702E-35
  0.128700003       2.27397029E-35
  0.129799992      -9.56050678E-35
  0.130899996      -2.52199466E-34
  0.131999999      -3.25684072E-34
  0.133100003      -1.42931205E-34
  0.134200007       3.97220250E-34
  0.135299996       1.13660101E-33
  0.136399999       1.53348418E-33
  0.137500003       8.02833989E-34
  0.138599992      -1.53530215E-33
  0.139699996      -4.83092913E-33
  0.140799999      -6.77004225E-33
  0.141900003      -3.99744193E-33
  0.143000007       5.54556211E-33
  0.144099995       1.92322954E-32
  0.145199999       2.77394303E-32
  0.146300003       1.78124437E-32
  0.147399992      -1.84227413E-32
  0.148499995      -7.08239813E-32
  0.149599999      -1.04757788E-31
  0.150700003      -7.25045386E-32
  0.151800007       5.32467555E-32
  0.152899995       2.37397761E-31
  0.153999999       3.64236775E-31
  0.155100003       2.77662956E-31
  0.156199992      -1.13437521E-31
  0.157299995      -7.10675296E-31
  0.158399999      -1.17455537E-30
  0.159500003      -1.03378493E-30
  0.160600007       3.31980293E-32
  0.161699995       1.85591280E-30
  0.162799999       3.57838461E-30
  0.163900003       3.82676750E-30
  0.164999992       1.33392033E-30
  0.166099995      -4.08956967E-30
  0.167199999      -1.06056591E-29
  0.168300003      -1.40626048E-29
  0.169400007      -9.18812652E-30
  0.170499995       7.18578305E-30
  0.171599999       3.14861439E-29
  0.172700003       5.00957068E-29
  0.173799992       4.20084983E-29
  0.174899995      -8.88537109E-30
  0.175999999      -9.43347329E-29
  0.177100003      -1.67564476E-28
  0.178200006      -1.53571319E-28
  0.179299995       4.44146529E-30
  0.180399999       2.77476744E-28
  0.181500003       5.11015659E-28
  0.182599992       4.73462625E-28
  0.183699995       1.16429447E-29
  0.184799999      -7.58884335E-28
  0.185900003      -1.38400388E-27
  0.187000006      -1.26224582E-27
  0.188099995      -7.65717968E-29
  0.189199999       1.78970083E-27
  0.190300003       3.22994572E-27
  0.191399992       2.98566134E-27
  0.192499995       5.65189372E-28
  0.193599999      -3.14464878E-27
  0.194700003      -6.17186823E-27
  0.195800006      -6.60515855E-27
  0.196899995      -3.74640444E-27
  0.197999999       1.70297582E-27
  0.199100003       8.45214617E-27
  0.200199991       1.51615461E-26
  0.201299995       1.93853708E-26
  0.202399999       1.56956172E-26
  0.203500003      -3.38588884E-27
  0.204600006      -4.01064711E-26
  0.205699995      -8.00752305E-26
  0.206799999      -8.77959108E-26
  0.207900003      -2.31411453E-26
  0.208999991       1.19414670E-25
  0.210099995       2.72517670E-25
  0.211199999       3.01973908E-25
  0.212300003       8.69366256E-26
  0.213400006      -3.52570510E-25
  0.214499995      -7.76442065E-25
  0.215599999      -8.04934538E-25
  0.216700003      -1.81483664E-25
  0.217799991       9.25501278E-25
  0.218899995       1.84528272E-24
  0.219999999       1.74189599E-24
  0.221100003       2.58215720E-25
  0.222200006      -1.98143794E-24
  0.223299995      -3.52646896E-24
  0.224399999      -3.02876597E-24
  0.225500003      -3.79007334E-25
  0.226599991       2.91957145E-24
  0.227699995       4.71116804E-24
  0.228799999       3.92673304E-24
  0.229900002       1.57188631E-24
  0.231000006      -2.85534762E-25
  0.232099995      -9.92643990E-25
  0.233199999      -2.74239704E-24
  0.234300002      -8.46763848E-24
  0.235399991      -1.67748905E-23
  0.236499995      -1.87168767E-23
  0.237599999      -2.27249291E-24
  0.238700002       3.48939179E-23
  0.239800006       7.33506409E-23
  0.240899995       7.50371624E-23
  0.241999999       9.15348756E-24
  0.243100002      -1.11285365E-22
  0.244199991      -2.13051565E-22
  0.245299995      -1.95068742E-22
  0.246399999      -5.75232954E-24
  0.247500002       2.84292318E-22
  0.248600006       4.84433247E-22
  0.249699995       3.94253091E-22
  0.250800014      -3.03057262E-23
  0.251899987      -5.80343536E-22
  0.252999991      -8.78747327E-22
  0.254099995      -6.35477517E-22
  0.255199999       9.48865626E-23
  0.256300002       8.77961041E-22
  0.257400006       1.17726916E-21
  0.258500010       7.73737697E-22
  0.259599984      -2.33745923E-23
  0.260699987      -6.18104250E-22
  0.261799991      -6.83667048E-22
  0.262899995      -5.28992503E-22
  0.263999999      -8.09339482E-22
  0.265100002      -1.66994235E-21
  0.266200006      -2.10338277E-21
  0.267300010      -4.39816940E-22
  0.268400013       3.93011402E-21
  0.269499987       8.85002638E-21
  0.270599991       9.65655898E-21
  0.271699995       2.33559252E-21
  0.272799999      -1.19987282E-20
  0.273900002      -2.50505299E-20
  0.275000006      -2.49795750E-20
  0.276100010      -5.12459554E-21
  0.277199984       2.78100804E-20
  0.278299987       5.36343134E-20
  0.279399991       4.99373847E-20
  0.280499995       9.28117650E-21
  0.281599998      -5.01554631E-20
  0.282700002      -9.13286043E-20
  0.283800006      -8.17512939E-20
  0.284900010      -1.86370222E-20
  0.286000013       6.42092747E-20
  0.287099987       1.16665321E-19
  0.288199991       1.07340010E-19
  0.289299995       4.61968029E-20
  0.290399998      -2.57162019E-20
  0.291500002      -7.29043452E-20
  0.292600006      -9.55778699E-20
  0.293700010      -1.20752627E-19
  0.294799984      -1.55772288E-19
  0.295899987      -1.48928467E-19
  0.296999991      -1.21786771E-20
  0.298099995       2.84892299E-19
  0.299199998       6.17325305E-19
  0.300300002       7.11503178E-19
  0.301400006       3.12544611E-19
  0.302500010      -5.64244091E-19
  0.303600013      -1.49298015E-18
  0.304699987      -1.78896336E-18
  0.305799991      -9.48469485E-19
  0.306899995       8.79867261E-19
  0.307999998       2.76809395E-18
  0.309100002       3.44233383E-18
  0.310200006       2.10442647E-18
  0.311300009      -8.84257833E-19
  0.312399983      -4.00096798E-18
  0.313499987      -5.37534305E-18
  0.314599991      -3.95822756E-18
  0.315699995      -2.54579206E-19
  0.316799998       3.92716569E-18
  0.317900002       6.55845203E-18
  0.319000006       6.52456782E-18
  0.320100009       4.00141301E-18
  0.321200013      -7.27713178E-20
  0.322299987      -4.76389279E-18
  0.323399991      -9.27192870E-18
  0.324499995      -1.22618152E-17
  0.325599998      -1.13213547E-17
  0.326700002      -3.85125450E-18
  0.327800006       1.03390521E-17
  0.328900009       2.63854072E-17
  0.329999983       3.45241927E-17
  0.331099987       2.48091847E-17
  0.332199991      -5.19169158E-18
  0.333299994      -4.47422357E-17
  0.334399998      -7.18545924E-17
  0.335500002      -6.43623147E-17
  0.336600006      -1.51291351E-17
  0.337700009       5.83686169E-17
  0.338800013       1.18470594E-16
  0.339899987       1.26200789E-16
  0.340999991       6.50213328E-17
  0.342099994      -4.51122932E-17
  0.343199998      -1.53633857E-16
  0.344300002      -2.03644363E-16
  0.345400006      -1.61433918E-16
  0.346500009      -3.47249726E-17
  0.347599983       1.29623993E-16
  0.348699987       2.65246170E-16
  0.349799991       3.11524768E-16
  0.350899994       2.33806584E-16
  0.351999998       3.55561469E-17
  0.353100002      -2.35101538E-16
  0.354200006      -4.85192860E-16
  0.355300009      -5.92390650E-16
  0.356400013      -4.47623878E-16
  0.357499987      -2.17763568E-17
  0.358599991       5.73674822E-16
  0.359699994       1.08165419E-15
  0.360799998       1.18733722E-15
  0.361900002       6.85346110E-16
  0.363000005      -3.52294873E-16
  0.364100009      -1.51964625E-15
  0.365199983      -2.20870681E-15
  0.366299987      -1.90552492E-15
  0.367399991      -5.12419993E-16
  0.368499994       1.49342052E-15
  0.369599998       3.19541930E-15
  0.370700002       3.64549132E-15
  0.371800005       2.36011564E-15
  0.372900009      -3.53296489E-16
  0.374000013      -3.43067550E-15
  0.375099987      -5.46179126E-15
  0.376199991      -5.30587664E-15
  0.377299994      -2.64316928E-15
  0.378399998       1.77575439E-15
  0.379500002       6.29533606E-15
  0.380600005       8.90001828E-15
  0.381700009       7.98734959E-15
  0.382799983       3.13938807E-15
  0.383899987      -4.38984481E-15
  0.384999990      -1.17601521E-14
  0.386099994      -1.53876850E-14
  0.387199998      -1.24494675E-14
  0.388300002      -2.54920812E-15
  0.389400005       1.12898650E-14
  0.390500009       2.31191358E-14
  0.391600013       2.63142288E-14
  0.392699987       1.69083141E-14
  0.393799990      -3.53362791E-15
  0.394899994      -2.72565140E-14
  0.395999998      -4.28479545E-14
  0.397100002      -4.03676760E-14
  0.398200005      -1.68798369E-14
  0.399300009       2.04960848E-14
  0.400399983       5.61144555E-14
  0.401499987       7.19547441E-14
  0.402599990       5.60613567E-14
  0.403699994       9.46533738E-15
  0.404799998      -5.19614191E-14
  0.405900002      -1.02293791E-13
  0.407000005      -1.15708699E-13
  0.408100009      -7.82377770E-14
  0.409200013       3.75820387E-15
  0.410299987       1.02524251E-13
  0.411399990       1.76973779E-13
  0.412499994       1.88187654E-13
  0.413599998       1.17258782E-13
  0.414700001      -2.17794566E-14
  0.415800005      -1.80916886E-13
  0.416900009      -2.92514602E-13
  0.417999983      -2.96287598E-13
  0.419099987      -1.69262133E-13
  0.420199990       5.51636746E-14
  0.421299994       2.91239987E-13
  0.422399998       4.31563991E-13
  0.423500001       3.95196625E-13
  0.424600005       1.72682073E-13
  0.425700009      -1.55631191E-13
  0.426800013      -4.42868127E-13
  0.427899987      -5.37054342E-13
  0.428999990      -3.57076402E-13
  0.430099994       5.21965555E-14
  0.431199998       5.16927647E-13
  0.432300001       7.94525470E-13
  0.433400005       6.79476332E-13
  0.434500009       1.12832974E-13
  0.435599983      -7.54884761E-13
  0.436699986      -1.58434778E-12
  0.437799990      -1.95738846E-12
  0.438899994      -1.54431828E-12
  0.439999998      -2.67344388E-13
  0.441100001       1.60918273E-12
  0.442200005       3.51174992E-12
  0.443300009       4.72128803E-12
  0.444400012       4.62217938E-12
  0.445499986       2.94890718E-12
  0.446599990      -6.98158436E-14
  0.447699994      -3.74037216E-12
  0.448799998      -7.11199329E-12
  0.449900001      -9.28889257E-12
  0.451000005      -9.71640997E-12
  0.452100009      -8.31006878E-12
  0.453199983      -5.36273760E-12
  0.454299986      -1.27713649E-12
  0.455399990       3.72212851E-12
  0.456499994       9.70015821E-12
  0.457599998       1.68095954E-11
  0.458700001       2.47903729E-11
  0.459800005       3.23741832E-11
  0.460900009       3.69283874E-11
  0.462000012       3.46715955E-11
  0.463099986       2.16268479E-11
  0.464199990      -4.80917216E-12
  0.465299994      -4.41089318E-11
  0.466399997      -9.12956447E-11
  0.467500001      -1.36684969E-10
  0.468600005      -1.67070094E-10
  0.469700009      -1.68322939E-10
  0.470799983      -1.28929131E-10
  0.471899986      -4.36301342E-11
  0.472999990       8.37623443E-11
  0.474099994       2.39141734E-10
  0.475199997       3.98835659E-10
  0.476300001       5.32177247E-10
  0.477400005       6.05432038E-10
  0.478500009       5.86462046E-10
  0.479600012       4.49639881E-10
  0.480699986       1.80805135E-10
  0.481799990      -2.17741131E-10
  0.482899994      -7.22306381E-10
  0.483999997      -1.28353450E-09
  0.485100001      -1.82414328E-09
  0.486200005      -2.24069829E-09
  0.487300009      -2.41159470E-09
  0.488399982      -2.21267316E-09
  0.489499986      -1.54022484E-09
  0.490599990      -3.38853445E-10
  0.491699994       1.37053591E-09
  0.492799997       3.46875839E-09
  0.493900001       5.72847636E-09
  0.495000005       7.82094567E-09
  0.496100008       9.34109412E-09
  0.497200012       9.84940129E-09
  0.498299986       8.92620733E-09
  0.499399990       6.23237328E-09
  0.500500023       1.56988678E-09
  0.501600027      -5.06312769E-09
  0.502699971      -1.34271474E-08
  0.503799975      -2.30084876E-08
  0.504899979      -3.30009087E-08
  0.505999982      -4.23031032E-08
  0.507099986      -4.95329786E-08
  0.508199990      -5.30584252E-08
  0.509299994      -5.10414324E-08
  0.510399997      -4.14879260E-08
  0.511500001      -2.22908518E-08
  0.512600005       8.75034711E-09
  0.513700008       5.39525118E-08
  0.514800012       1.15830048E-07
  0.515900016       1.97244631E-07
  0.517000020       3.01624709E-07
  0.518100023       4.33247351E-07
  0.519199967       5.97569624E-07
  0.520299971       8.01596343E-07
  0.521399975       1.05427534E-06
  0.522499979       1.36692188E-06
  0.523599982       1.75368098E-06
  0.524699986       2.23204529E-06
  0.525799990       2.82344899E-06
  0.526899993       3.55395605E-06
  0.527999997       4.45506157E-06
  0.529100001       5.56461055E-06
  0.530200005       6.92784806E-06
  0.531300008       8.59860938E-06
  0.532400012       1.06406696E-05
  0.533500016       1.31292836E-05
  0.534600019       1.61529406E-05
  0.535700023       1.98153721E-05
  0.536800027       2.42378355E-05
  0.537899971       2.95616701E-05
  0.538999975       3.59511359E-05
  0.540099978       4.35964794E-05
  0.541199982       5.27172888E-05
  0.542299986       6.35659744E-05
  0.543399990       7.64315118E-05
  0.544499993       9.16432982E-05
  0.545599997       1.09575260E-04
  0.546700001       1.30649962E-04
  0.547800004       1.55342976E-04
  0.548900008       1.84187098E-04
