984
11885 1
11886 1
11887 1
11888 1
11889 1
11890 1
11891 1
11892 1
11893 1
11894 1
11895 1
11896 1
11897 1
11898 1
11899 1
11900 1
11901 1
11902 1
11903 1
11904 1
11905 1
11906 1
11907 1
11908 1
11909 1
11910 1
11911 1
11912 1
11913 1
11914 1
11915 1
11916 1
11917 1
11918 1
11919 1
11920 1
11921 1
11922 1
11923 1
11924 1
11925 1
11926 1
11927 1
11928 1
11929 1
11930 1
11931 1
11932 1
11933 1
11934 1
11935 1
11936 1
11937 1
11938 1
11939 1
11940 1
11941 1
11942 1
11943 1
11944 1
11945 1
11946 1
11947 1
11948 1
11949 1
11950 1
11951 1
11952 1
11953 1
11954 1
11955 1
11956 1
11957 1
11958 1
11959 1
11960 1
11961 1
11962 1
11963 1
11964 1
11965 1
11966 1
11967 1
11968 1
11969 1
11970 1
11971 1
11972 1
11973 1
11974 1
11975 1
11976 1
11977 1
11978 1
11979 1
11980 1
11981 1
11982 1
11983 1
11984 1
11985 1
11986 1
11987 1
11988 1
11989 1
11990 1
11991 1
11992 1
11993 1
11994 1
11995 1
11996 1
11997 1
11998 1
11999 1
12000 1
12001 1
12002 1
12003 1
12004 1
12005 1
12006 1
12007 1
12008 1
12009 1
12010 1
12011 1
12012 1
12013 1
12014 1
12015 1
12016 1
12017 1
12018 1
12019 1
12020 1
12021 1
12022 1
12023 1
12024 1
12025 1
12026 1
12027 1
12028 1
12029 1
12030 1
12031 1
12032 1
12033 1
12034 1
12035 1
12036 1
12037 1
12038 1
12039 1
12040 1
12041 1
12042 1
12043 1
12044 1
12045 1
12046 1
12047 1
12048 1
12049 1
12050 1
12051 1
12052 1
12053 1
12054 1
12055 1
12056 1
12057 1
12058 1
12059 1
12060 1
12061 1
12062 1
12063 1
12064 1
12065 1
12066 1
12067 1
12068 1
12069 1
12070 1
12071 1
12072 1
12073 1
12074 1
12075 1
12076 1
12077 1
12078 1
12079 1
12080 1
12081 1
12082 1
12083 1
12084 1
12085 1
12086 1
12087 1
12088 1
12089 1
12090 1
12091 1
12092 1
12093 1
12094 1
12095 1
12096 1
12097 1
12098 1
12099 1
12100 1
12101 1
12102 1
12103 1
12104 1
12105 1
12106 1
12107 1
12108 1
12109 1
12110 1
12111 1
12112 1
12113 1
12114 1
12115 1
12116 1
12117 1
12118 1
12119 1
12120 1
12121 1
12122 1
12123 1
12124 1
12125 1
12126 1
12127 1
12128 1
12129 1
12130 1
12131 1
12132 1
12133 1
12134 1
12135 1
12136 1
12137 1
12138 1
12139 1
12140 1
12141 1
12142 1
12143 1
12144 1
12145 1
12146 1
12147 1
12148 1
12149 1
12150 1
12151 1
12152 1
12153 1
12154 1
12155 1
12156 1
12157 1
12158 1
12159 1
12160 1
12161 1
12162 1
12163 1
12164 1
12165 1
12166 1
12167 1
12168 1
12169 1
12170 1
12171 1
12172 1
12173 1
12174 1
12175 1
12176 1
12177 1
12178 1
12179 1
12180 1
12181 1
12182 1
12183 1
12184 1
12185 1
12186 1
12187 1
12188 1
12189 1
12190 1
12191 1
12192 1
12193 1
12194 1
12195 1
12196 1
12197 1
12198 1
12199 1
12200 1
12201 1
12202 1
12203 1
12204 1
12205 1
12206 1
12207 1
12208 1
12209 1
12210 1
12211 1
12212 1
12213 1
12214 1
12215 1
12216 1
12217 1
12218 1
12219 1
12220 1
12221 1
12222 1
12223 1
12224 1
12225 1
12226 1
12227 1
12228 1
12229 1
12230 1
12231 1
12232 1
12233 1
12234 1
12235 1
12236 1
12237 1
12238 1
12239 1
12240 1
12241 1
12242 1
12243 1
12244 1
12245 1
12246 1
12247 1
12248 1
12249 1
12250 1
12251 1
12252 1
12253 1
12254 1
12255 1
12256 1
12257 1
12258 1
12259 1
12260 1
12261 1
12262 1
12263 1
12264 1
12265 1
12266 1
12267 1
12268 1
12269 1
12270 1
12271 1
12272 1
12273 1
12274 1
12275 1
12276 1
12277 1
12278 1
12279 1
12280 1
12281 1
12282 1
12283 1
12284 1
12285 1
12286 1
12287 1
12288 1
12289 1
12290 1
12291 1
12292 1
12293 1
12294 1
12295 1
12296 1
12297 1
12298 1
12299 1
12300 1
12301 1
12302 1
12303 1
12304 1
12305 1
12306 1
12307 1
12308 1
12309 1
12310 1
12311 1
12312 1
12313 1
12314 1
12315 1
12316 1
12317 1
12318 1
12319 1
12320 1
12321 1
12322 1
12323 1
12324 1
12325 1
12326 1
12327 1
12328 1
12329 1
12330 1
12331 1
12332 1
12333 1
12334 1
12335 1
12336 1
12337 1
12338 1
12339 1
12340 1
12341 1
12342 1
12343 1
12344 1
12345 1
12346 1
12347 1
12348 1
12349 1
12350 1
12351 1
12352 1
12353 1
12354 1
12355 1
12356 1
12357 1
12358 1
12359 1
12360 1
12361 1
12362 1
12363 1
12364 1
12365 1
12366 1
12367 1
12368 1
12369 1
12370 1
12371 1
12372 1
12373 1
12374 1
12375 1
12376 1
12377 1
12378 1
12379 1
12380 1
12381 1
12382 1
12383 1
12384 1
12385 1
12386 1
12387 1
12388 1
12389 1
12390 1
12391 1
12392 1
12393 1
12394 1
12395 1
12396 1
12397 1
12398 1
12399 1
12400 1
12401 1
12402 1
12403 1
12404 1
12405 1
12406 1
12407 1
12408 1
12409 1
12410 1
12411 1
12412 1
12413 1
12414 1
12415 1
12416 1
12417 1
12418 1
12419 1
12420 1
12421 1
12422 1
12423 1
12424 1
12425 1
12426 1
12427 1
12428 1
12429 1
12430 1
12431 1
12432 1
12433 1
12434 1
12435 1
12436 1
12437 1
12438 1
12439 1
12440 1
12441 1
12442 1
12443 1
12444 1
12445 1
12446 1
12447 1
12448 1
12449 1
12450 1
12451 1
12452 1
12453 1
12454 1
12455 1
12456 1
12457 1
12458 1
12459 1
12460 1
12461 1
12462 1
12463 1
12464 1
12465 1
12466 1
12467 1
12468 1
12469 1
12470 1
12471 1
12472 1
12473 1
12474 1
12475 1
12476 1
12477 1
12478 1
12479 1
12480 1
12481 1
12482 1
12483 1
12484 1
12485 1
12486 1
12487 1
12488 3
12489 3
12490 3
12491 2
12492 2
12493 2
12494 2
12495 2
12496 2
12497 2
12498 2
12499 2
12500 2
12501 2
12502 2
12503 2
12504 2
12505 2
12506 2
12507 2
12508 2
12509 2
12510 2
12511 2
12512 2
12513 2
12514 2
12515 2
12516 2
12517 2
12518 2
12519 2
12520 2
12521 2
12522 2
12523 2
12524 2
12525 2
12526 2
12527 2
12528 2
12529 2
12530 2
12531 2
12532 2
12533 2
12534 2
12535 2
12536 2
12537 2
12538 2
12539 2
12540 2
12541 2
12542 2
12543 2
12544 2
12545 2
12546 2
12547 2
12548 2
12549 2
12550 2
12551 2
12552 2
12553 2
12554 2
12555 2
12556 2
12557 2
12558 2
12559 2
12560 2
12561 2
12562 2
12563 2
12564 2
12565 2
12566 2
12567 2
12568 2
12569 2
12570 2
12571 2
12572 2
12573 2
12574 2
12575 2
12576 2
12577 2
12578 2
12579 2
12580 2
12581 2
12582 2
12583 2
12584 2
12585 2
12586 2
12587 2
12588 2
12589 2
12590 2
12591 2
12592 2
12593 2
12594 2
12595 2
12596 2
12597 2
12598 2
12599 2
12600 2
12601 2
12602 2
12603 2
12604 2
12605 2
12606 2
12607 2
12608 2
12609 2
12610 2
12611 2
12612 3
12613 3
12614 3
12615 3
12616 3
12617 3
12618 2
12619 2
12620 2
12621 2
12622 2
12623 2
12624 2
12625 2
12626 2
12627 2
12628 2
12629 2
12630 2
12631 2
12632 2
12633 2
12634 2
12635 2
12636 2
12637 2
12638 2
12639 2
12640 2
12641 2
12642 2
12643 2
12644 2
12645 2
12646 2
12647 2
12648 2
12649 2
12650 2
12651 2
12652 2
12653 2
12654 2
12655 2
12656 2
12657 2
12658 2
12659 2
12660 2
12661 2
12662 2
12663 2
12664 2
12665 2
12666 2
12667 2
12668 2
12669 2
12670 2
12671 2
12672 2
12673 2
12674 2
12675 2
12676 2
12677 2
12678 2
12679 2
12680 2
12681 2
12682 2
12683 2
12684 2
12685 2
12686 2
12687 2
12688 2
12689 2
12690 2
12691 2
12692 2
12693 2
12694 2
12695 2
12696 2
12697 2
12698 2
12699 2
12700 2
12701 2
12702 2
12703 2
12704 2
12705 2
12706 2
12707 2
12708 2
12709 2
12710 2
12711 2
12712 2
12713 2
12714 2
12715 2
12716 2
12717 2
12718 2
12719 2
12720 2
12721 2
12722 2
12723 2
12724 2
12725 2
12726 2
12727 2
12728 2
12729 2
12730 2
12731 2
12732 2
12733 2
12734 2
12735 2
12736 2
12737 2
12738 2
12739 3
12740 3
12741 3
12742 3
12743 3
12744 3
12745 2
12746 2
12747 2
12748 2
12749 2
12750 2
12751 2
12752 2
12753 2
12754 2
12755 2
12756 2
12757 2
12758 2
12759 2
12760 2
12761 2
12762 2
12763 2
12764 2
12765 2
12766 2
12767 2
12768 2
12769 2
12770 2
12771 2
12772 2
12773 2
12774 2
12775 2
12776 2
12777 2
12778 2
12779 2
12780 2
12781 2
12782 2
12783 2
12784 2
12785 2
12786 2
12787 2
12788 2
12789 2
12790 2
12791 2
12792 2
12793 2
12794 2
12795 2
12796 2
12797 2
12798 2
12799 2
12800 2
12801 2
12802 2
12803 2
12804 2
12805 2
12806 2
12807 2
12808 2
12809 2
12810 2
12811 2
12812 2
12813 2
12814 2
12815 2
12816 2
12817 2
12818 2
12819 2
12820 2
12821 2
12822 2
12823 2
12824 2
12825 2
12826 2
12827 2
12828 2
12829 2
12830 2
12831 2
12832 2
12833 2
12834 2
12835 2
12836 2
12837 2
12838 2
12839 2
12840 2
12841 2
12842 2
12843 2
12844 2
12845 2
12846 2
12847 2
12848 2
12849 2
12850 2
12851 2
12852 2
12853 2
12854 2
12855 2
12856 2
12857 2
12858 2
12859 2
12860 2
12861 2
12862 2
12863 2
12864 2
12865 2
12866 3
12867 3
12868 3
