 0.0E+0 0.0E+0 0.0E+0
 2.1E-3 0.0E+0 0.0E+0
 4.2E-3 0.0E+0 0.0E+0
 6.3E-3 0.0E+0 0.0E+0
 8.4E-3 0.0E+0 0.0E+0
 0.0105 0.0E+0 0.0E+0
 0.0126 0.0E+0 0.0E+0
 0.0147 0.0E+0 0.0E+0
 0.0168 0.0E+0 0.0E+0
 0.0189 0.0E+0 0.0E+0
 0.021 0.0E+0 0.0E+0
 0.0231 0.0E+0 0.0E+0
 0.0252 0.0E+0 0.0E+0
 0.0273 0.0E+0 0.0E+0
 0.0294 0.0E+0 0.0E+0
 0.0315 0.0E+0 0.0E+0
 0.0336 0.0E+0 0.0E+0
 0.0357 0.0E+0 0.0E+0
 0.0378 0.0E+0 0.0E+0
 0.0399 0.0E+0 0.0E+0
 0.042 0.0E+0 0.0E+0
 0.0441 0.0E+0 0.0E+0
 0.0462 0.0E+0 0.0E+0
 0.0483 0.0E+0 0.0E+0
 0.0504 0.0E+0 0.0E+0
 0.0525 0.0E+0 0.0E+0
 0.0546 0.0E+0 0.0E+0
 0.0567 0.0E+0 0.0E+0
 0.0588 0.0E+0 0.0E+0
 0.0609 0.0E+0 0.0E+0
 0.063 0.0E+0 0.0E+0
 0.0651 0.0E+0 0.0E+0
 0.0672 0.0E+0 0.0E+0
 0.0693 0.0E+0 0.0E+0
 0.0714 0.0E+0 0.0E+0
 0.0735 0.0E+0 0.0E+0
 0.0756 0.0E+0 0.0E+0
 0.0777 0.0E+0 0.0E+0
 0.0798 0.0E+0 0.0E+0
 0.0819 0.0E+0 0.0E+0
 0.084 0.0E+0 0.0E+0
 0.0861 0.0E+0 0.0E+0
 0.0882 0.0E+0 0.0E+0
 0.0903 0.0E+0 0.0E+0
 0.0924 0.0E+0 0.0E+0
 0.0945 0.0E+0 0.0E+0
 0.0966 0.0E+0 0.0E+0
 0.0987 0.0E+0 0.0E+0
 0.1008 0.0E+0 0.0E+0
 0.1029 0.0E+0 0.0E+0
 0.105 0.0E+0 0.0E+0
 0.1071 0.0E+0 0.0E+0
 0.1092 0.0E+0 0.0E+0
 0.1113 0.0E+0 0.0E+0
 0.1134 0.0E+0 0.0E+0
 0.1155 0.0E+0 0.0E+0
 0.1176 0.0E+0 0.0E+0
 0.1197 0.0E+0 0.0E+0
 0.1218 0.0E+0 0.0E+0
 0.1239 0.0E+0 0.0E+0
 0.126 0.0E+0 0.0E+0
 0.1281 0.0E+0 0.0E+0
 0.1302 0.0E+0 0.0E+0
 0.1323 0.0E+0 0.0E+0
 0.1344 0.0E+0 0.0E+0
 0.1365 0.0E+0 0.0E+0
 0.1386 0.0E+0 0.0E+0
 0.1407 0.0E+0 0.0E+0
 0.1428 0.0E+0 0.0E+0
 0.1449 0.0E+0 0.0E+0
 0.147 0.0E+0 0.0E+0
 0.1491 0.0E+0 0.0E+0
 0.1512 0.0E+0 0.0E+0
 0.1533 0.0E+0 0.0E+0
 0.1554 0.0E+0 0.0E+0
 0.1575 0.0E+0 0.0E+0
 0.1596 0.0E+0 0.0E+0
 0.1617 0.0E+0 0.0E+0
 0.1638 0.0E+0 0.0E+0
 0.1659 0.0E+0 0.0E+0
 0.168 0.0E+0 0.0E+0
 0.1701 0.0E+0 0.0E+0
 0.1722 0.0E+0 0.0E+0
 0.1743 0.0E+0 0.0E+0
 0.1764 0.0E+0 0.0E+0
 0.1785 0.0E+0 0.0E+0
 0.1806 0.0E+0 0.0E+0
 0.1827 0.0E+0 0.0E+0
 0.1848 0.0E+0 0.0E+0
 0.1869 0.0E+0 0.0E+0
 0.189 0.0E+0 0.0E+0
 0.1911 0.0E+0 0.0E+0
 0.1932 0.0E+0 0.0E+0
 0.1953 0.0E+0 0.0E+0
 0.1974 0.0E+0 0.0E+0
 0.1995 0.0E+0 0.0E+0
 0.2016 0.0E+0 0.0E+0
 0.2037 0.0E+0 0.0E+0
 0.2058 0.0E+0 0.0E+0
 0.2079 0.0E+0 0.0E+0
 0.21 0.0E+0 0.0E+0
 0.2121 0.0E+0 0.0E+0
 0.2142 0.0E+0 0.0E+0
 0.2163 0.0E+0 0.0E+0
 0.2184 0.0E+0 0.0E+0
 0.2205 0.0E+0 0.0E+0
 0.2226 0.0E+0 0.0E+0
 0.2247 0.0E+0 0.0E+0
 0.2268 0.0E+0 0.0E+0
 0.2289 0.0E+0 0.0E+0
 0.231 0.0E+0 0.0E+0
 0.2331 0.0E+0 0.0E+0
 0.2352 0.0E+0 0.0E+0
 0.2373 0.0E+0 0.0E+0
 0.2394 0.0E+0 0.0E+0
 0.2415 0.0E+0 0.0E+0
 0.2436 0.0E+0 0.0E+0
 0.2457 0.0E+0 0.0E+0
 0.2478 0.0E+0 0.0E+0
 0.2499 0.0E+0 0.0E+0
 0.252 0.0E+0 0.0E+0
 0.2541 0.0E+0 0.0E+0
 0.2562 0.0E+0 0.0E+0
 0.2583 0.0E+0 0.0E+0
 0.2604 0.0E+0 0.0E+0
 0.2625 0.0E+0 0.0E+0
 0.2646 0.0E+0 0.0E+0
 0.2667 0.0E+0 0.0E+0
 0.2688 0.0E+0 0.0E+0
 0.2709 0.0E+0 0.0E+0
 0.273 0.0E+0 0.0E+0
 0.2751 0.0E+0 0.0E+0
 0.2772 0.0E+0 0.0E+0
 0.2793 0.0E+0 0.0E+0
 0.2814 0.0E+0 0.0E+0
 0.2835 0.0E+0 0.0E+0
 0.2856 0.0E+0 0.0E+0
 0.2877 0.0E+0 0.0E+0
 0.2898 0.0E+0 0.0E+0
 0.2919 0.0E+0 0.0E+0
 0.294 0.0E+0 0.0E+0
 0.2961 0.0E+0 0.0E+0
 0.2982 0.0E+0 0.0E+0
 0.3003 0.0E+0 0.0E+0
 0.3024 0.0E+0 0.0E+0
 0.3045 0.0E+0 0.0E+0
 0.3066 0.0E+0 0.0E+0
 0.3087 0.0E+0 0.0E+0
 0.3108 0.0E+0 0.0E+0
 0.3129 0.0E+0 0.0E+0
 0.315 0.0E+0 0.0E+0
 0.3171 0.0E+0 0.0E+0
 0.3192 0.0E+0 0.0E+0
 0.3213 0.0E+0 0.0E+0
 0.3234 0.0E+0 0.0E+0
 0.3255 0.0E+0 0.0E+0
 0.3276 0.0E+0 0.0E+0
 0.3297 0.0E+0 0.0E+0
 0.3318 0.0E+0 0.0E+0
 0.3339 0.0E+0 0.0E+0
 0.336 0.0E+0 0.0E+0
 0.3381 0.0E+0 0.0E+0
 0.3402 0.0E+0 0.0E+0
 0.3423 0.0E+0 0.0E+0
 0.3444 0.0E+0 0.0E+0
 0.3465 0.0E+0 0.0E+0
 0.3486 0.0E+0 0.0E+0
 0.3507 0.0E+0 0.0E+0
 0.3528 0.0E+0 0.0E+0
 0.3549 0.0E+0 0.0E+0
 0.357 0.0E+0 0.0E+0
 0.3591 0.0E+0 0.0E+0
 0.3612 0.0E+0 0.0E+0
 0.3633 0.0E+0 0.0E+0
 0.3654 0.0E+0 0.0E+0
 0.3675 0.0E+0 0.0E+0
 0.3696 0.0E+0 0.0E+0
 0.3717 0.0E+0 0.0E+0
 0.3738 0.0E+0 0.0E+0
 0.3759 0.0E+0 0.0E+0
 0.378 0.0E+0 0.0E+0
 0.3801 0.0E+0 0.0E+0
 0.3822 0.0E+0 0.0E+0
 0.3843 0.0E+0 0.0E+0
 0.3864 0.0E+0 0.0E+0
 0.3885 0.0E+0 0.0E+0
 0.3906 0.0E+0 0.0E+0
 0.3927 0.0E+0 0.0E+0
 0.3948 0.0E+0 0.0E+0
 0.3969 0.0E+0 0.0E+0
 0.399 0.0E+0 0.0E+0
 0.4011 0.0E+0 0.0E+0
 0.4032 0.0E+0 0.0E+0
 0.4053 0.0E+0 0.0E+0
 0.4074 0.0E+0 0.0E+0
 0.4095 0.0E+0 0.0E+0
 0.4116 0.0E+0 0.0E+0
 0.4137 0.0E+0 0.0E+0
 0.4158 0.0E+0 0.0E+0
 0.4179 0.0E+0 0.0E+0
 0.42 0.0E+0 0.0E+0
 0.4221 0.0E+0 0.0E+0
 0.4242 0.0E+0 0.0E+0
 0.4263 0.0E+0 0.0E+0
 0.4284 0.0E+0 0.0E+0
 0.4305 0.0E+0 0.0E+0
 0.4326 0.0E+0 0.0E+0
 0.4347 0.0E+0 0.0E+0
 0.4368 0.0E+0 0.0E+0
 0.4389 0.0E+0 0.0E+0
 0.441 0.0E+0 0.0E+0
 0.4431 0.0E+0 0.0E+0
 0.4452 0.0E+0 0.0E+0
 0.4473 0.0E+0 0.0E+0
 0.4494 0.0E+0 0.0E+0
 0.4515 0.0E+0 0.0E+0
 0.4536 0.0E+0 0.0E+0
 0.4557 0.0E+0 0.0E+0
 0.4578 0.0E+0 0.0E+0
 0.4599 0.0E+0 0.0E+0
 0.462 0.0E+0 0.0E+0
 0.4641 0.0E+0 0.0E+0
 0.4662 0.0E+0 0.0E+0
 0.4683 0.0E+0 0.0E+0
 0.4704 0.0E+0 0.0E+0
 0.4725 0.0E+0 0.0E+0
 0.4746 0.0E+0 0.0E+0
 0.4767 0.0E+0 0.0E+0
 0.4788 0.0E+0 0.0E+0
 0.4809 0.0E+0 0.0E+0
 0.483 0.0E+0 0.0E+0
 0.4851 0.0E+0 0.0E+0
 0.4872 0.0E+0 0.0E+0
 0.4893 0.0E+0 0.0E+0
 0.4914 0.0E+0 0.0E+0
 0.4935 0.0E+0 0.0E+0
 0.4956 0.0E+0 0.0E+0
 0.4977 0.0E+0 0.0E+0
 0.4998 0.0E+0 0.0E+0
 0.5019 0.0E+0 0.0E+0
 0.504 0.0E+0 0.0E+0
 0.5061 0.0E+0 0.0E+0
 0.5082 0.0E+0 0.0E+0
 0.5103 0.0E+0 0.0E+0
 0.5124 0.0E+0 0.0E+0
 0.5145 0.0E+0 0.0E+0
 0.5166 0.0E+0 0.0E+0
 0.5187 0.0E+0 0.0E+0
 0.5208 0.0E+0 0.0E+0
 0.5229 0.0E+0 0.0E+0
 0.525 0.0E+0 0.0E+0
 0.5271 0.0E+0 0.0E+0
 0.5292 0.0E+0 0.0E+0
 0.5313 0.0E+0 0.0E+0
 0.5334 0.0E+0 0.0E+0
 0.5355 0.0E+0 0.0E+0
 0.5376 0.0E+0 0.0E+0
 0.5397 0.0E+0 0.0E+0
 0.5418 0.0E+0 0.0E+0
 0.5439 0.0E+0 0.0E+0
 0.546 0.0E+0 0.0E+0
 0.5481 0.0E+0 0.0E+0
 0.5502 0.0E+0 0.0E+0
 0.5523 0.0E+0 0.0E+0
 0.5544 0.0E+0 0.0E+0
 0.5565 0.0E+0 0.0E+0
 0.5586 0.0E+0 0.0E+0
 0.5607 0.0E+0 0.0E+0
 0.5628 0.0E+0 0.0E+0
 0.5649 0.0E+0 0.0E+0
 0.567 0.0E+0 0.0E+0
 0.5691 0.0E+0 0.0E+0
 0.5712 0.0E+0 0.0E+0
 0.5733 0.0E+0 0.0E+0
 0.5754 0.0E+0 0.0E+0
 0.5775 0.0E+0 0.0E+0
 0.5796 0.0E+0 0.0E+0
 0.5817 0.0E+0 0.0E+0
 0.5838 0.0E+0 0.0E+0
 0.5859 0.0E+0 0.0E+0
 0.588 0.0E+0 0.0E+0
 0.5901 0.0E+0 0.0E+0
 0.5922 0.0E+0 0.0E+0
 0.5943 0.0E+0 0.0E+0
 0.5964 0.0E+0 0.0E+0
 0.5985 0.0E+0 0.0E+0
 0.6006 0.0E+0 0.0E+0
 0.6027 0.0E+0 0.0E+0
 0.6048 0.0E+0 0.0E+0
 0.6069 0.0E+0 0.0E+0
 0.609 0.0E+0 0.0E+0
 0.6111 0.0E+0 0.0E+0
 0.6132 0.0E+0 0.0E+0
 0.6153 0.0E+0 0.0E+0
 0.6174 0.0E+0 0.0E+0
 0.6195 0.0E+0 0.0E+0
 0.6216 0.0E+0 0.0E+0
 0.6237 0.0E+0 0.0E+0
 0.6258 0.0E+0 0.0E+0
 0.6279 0.0E+0 0.0E+0
 0.63 0.0E+0 0.0E+0
 0.6321 0.0E+0 0.0E+0
 0.6342 0.0E+0 0.0E+0
 0.6363 0.0E+0 0.0E+0
 0.6384 0.0E+0 0.0E+0
 0.6405 0.0E+0 0.0E+0
 0.6426 0.0E+0 0.0E+0
 0.6447 0.0E+0 0.0E+0
 0.6468 0.0E+0 0.0E+0
 0.6489 0.0E+0 0.0E+0
 0.651 0.0E+0 0.0E+0
 0.6531 0.0E+0 0.0E+0
 0.6552 0.0E+0 0.0E+0
 0.6573 0.0E+0 0.0E+0
 0.6594 0.0E+0 0.0E+0
 0.6615 0.0E+0 0.0E+0
 0.6636 0.0E+0 0.0E+0
 0.6657 0.0E+0 0.0E+0
 0.6678 0.0E+0 0.0E+0
 0.6699 0.0E+0 0.0E+0
 0.672 0.0E+0 0.0E+0
 0.6741 0.0E+0 0.0E+0
 0.6762 0.0E+0 0.0E+0
 0.6783 0.0E+0 0.0E+0
 0.6804 0.0E+0 0.0E+0
 0.6825 0.0E+0 0.0E+0
 0.6846 0.0E+0 0.0E+0
 0.6867 0.0E+0 0.0E+0
 0.6888 0.0E+0 0.0E+0
 0.6909 0.0E+0 0.0E+0
 0.693 0.0E+0 0.0E+0
 0.6951 0.0E+0 0.0E+0
 0.6972 0.0E+0 0.0E+0
 0.6993 0.0E+0 0.0E+0
 0.7014 0.0E+0 0.0E+0
 0.7035 0.0E+0 0.0E+0
 0.7056 0.0E+0 0.0E+0
 0.7077 0.0E+0 0.0E+0
 0.7098 0.0E+0 0.0E+0
 0.7119 0.0E+0 0.0E+0
 0.714 0.0E+0 0.0E+0
 0.7161 0.0E+0 0.0E+0
 0.7182 0.0E+0 0.0E+0
 0.7203 0.0E+0 0.0E+0
 0.7224 0.0E+0 0.0E+0
 0.7245 0.0E+0 0.0E+0
 0.7266 0.0E+0 0.0E+0
 0.7287 0.0E+0 0.0E+0
 0.7308 0.0E+0 0.0E+0
 0.7329 0.0E+0 0.0E+0
 0.735 0.0E+0 0.0E+0
 0.7371 0.0E+0 0.0E+0
 0.7392 0.0E+0 0.0E+0
 0.7413 0.0E+0 0.0E+0
 0.7434 0.0E+0 0.0E+0
 0.7455 0.0E+0 0.0E+0
 0.7476 0.0E+0 0.0E+0
 0.7497 0.0E+0 0.0E+0
 0.7518 0.0E+0 0.0E+0
 0.7539 0.0E+0 0.0E+0
 0.756 0.0E+0 0.0E+0
 0.7581 0.0E+0 0.0E+0
 0.7602 0.0E+0 0.0E+0
 0.7623 0.0E+0 0.0E+0
 0.7644 0.0E+0 0.0E+0
 0.7665 0.0E+0 0.0E+0
 0.7686 0.0E+0 0.0E+0
 0.7707 0.0E+0 0.0E+0
 0.7728 0.0E+0 0.0E+0
 0.7749 0.0E+0 0.0E+0
 0.777 0.0E+0 0.0E+0
 0.7791 0.0E+0 0.0E+0
 0.7812 0.0E+0 0.0E+0
 0.7833 0.0E+0 0.0E+0
 0.7854 0.0E+0 0.0E+0
 0.7875 0.0E+0 0.0E+0
 0.7896 0.0E+0 0.0E+0
 0.7917 0.0E+0 0.0E+0
 0.7938 0.0E+0 0.0E+0
 0.7959 0.0E+0 0.0E+0
 0.798 0.0E+0 0.0E+0
 0.8001 0.0E+0 0.0E+0
 0.8022 0.0E+0 0.0E+0
 0.8043 0.0E+0 0.0E+0
 0.8064 0.0E+0 0.0E+0
 0.8085 0.0E+0 0.0E+0
 0.8106 0.0E+0 0.0E+0
 0.8127 0.0E+0 0.0E+0
 0.8148 0.0E+0 0.0E+0
 0.8169 0.0E+0 0.0E+0
 0.819 0.0E+0 0.0E+0
 0.8211 0.0E+0 0.0E+0
 0.8232 0.0E+0 0.0E+0
 0.8253 0.0E+0 0.0E+0
 0.8274 0.0E+0 0.0E+0
 0.8295 0.0E+0 0.0E+0
 0.8316 0.0E+0 0.0E+0
 0.8337 0.0E+0 0.0E+0
 0.8358 0.0E+0 0.0E+0
 0.8379 0.0E+0 0.0E+0
 0.84 0.0E+0 0.0E+0
 0.8421 0.0E+0 0.0E+0
 0.8442 0.0E+0 0.0E+0
 0.8463 0.0E+0 0.0E+0
 0.8484 0.0E+0 0.0E+0
 0.8505 0.0E+0 0.0E+0
 0.8526 0.0E+0 0.0E+0
 0.8547 0.0E+0 0.0E+0
 0.8568 0.0E+0 0.0E+0
 0.8589 0.0E+0 0.0E+0
 0.861 0.0E+0 0.0E+0
 0.8631 0.0E+0 0.0E+0
 0.8652 0.0E+0 0.0E+0
 0.8673 0.0E+0 0.0E+0
 0.8694 0.0E+0 0.0E+0
 0.8715 0.0E+0 0.0E+0
 0.8736 0.0E+0 0.0E+0
 0.8757 0.0E+0 0.0E+0
 0.8778 0.0E+0 0.0E+0
 0.8799 0.0E+0 0.0E+0
 0.882 0.0E+0 0.0E+0
 0.8841 0.0E+0 0.0E+0
 0.8862 0.0E+0 0.0E+0
 0.8883 0.0E+0 0.0E+0
 0.8904 0.0E+0 0.0E+0
 0.8925 0.0E+0 0.0E+0
 0.8946 0.0E+0 0.0E+0
 0.8967 0.0E+0 0.0E+0
 0.8988 0.0E+0 0.0E+0
 0.9009 0.0E+0 0.0E+0
 0.903 0.0E+0 0.0E+0
 0.9051 0.0E+0 0.0E+0
 0.9072 0.0E+0 0.0E+0
 0.9093 0.0E+0 0.0E+0
 0.9114 0.0E+0 0.0E+0
 0.9135 0.0E+0 0.0E+0
 0.9156 0.0E+0 0.0E+0
 0.9177 0.0E+0 0.0E+0
 0.9198 0.0E+0 0.0E+0
 0.9219 0.0E+0 0.0E+0
 0.924 0.0E+0 0.0E+0
 0.9261 0.0E+0 0.0E+0
 0.9282 0.0E+0 0.0E+0
 0.9303 0.0E+0 0.0E+0
 0.9324 0.0E+0 0.0E+0
 0.9345 0.0E+0 0.0E+0
 0.9366 0.0E+0 0.0E+0
 0.9387 0.0E+0 0.0E+0
 0.9408 0.0E+0 0.0E+0
 0.9429 0.0E+0 0.0E+0
 0.945 0.0E+0 0.0E+0
 0.9471 0.0E+0 0.0E+0
 0.9492 0.0E+0 0.0E+0
 0.9513 0.0E+0 0.0E+0
 0.9534 0.0E+0 0.0E+0
 0.9555 0.0E+0 0.0E+0
 0.9576 0.0E+0 0.0E+0
 0.9597 0.0E+0 0.0E+0
 0.9618 0.0E+0 0.0E+0
 0.9639 0.0E+0 0.0E+0
 0.966 0.0E+0 0.0E+0
 0.9681 0.0E+0 0.0E+0
 0.9702 0.0E+0 0.0E+0
 0.9723 0.0E+0 0.0E+0
 0.9744 0.0E+0 0.0E+0
 0.9765 0.0E+0 0.0E+0
 0.9786 0.0E+0 0.0E+0
 0.9807 0.0E+0 0.0E+0
 0.9828 0.0E+0 0.0E+0
 0.9849 0.0E+0 0.0E+0
 0.987 0.0E+0 0.0E+0
 0.9891 0.0E+0 0.0E+0
 0.9912 0.0E+0 0.0E+0
 0.9933 0.0E+0 0.0E+0
 0.9954 0.0E+0 0.0E+0
 0.9975 0.0E+0 0.0E+0
 0.9996 0.0E+0 0.0E+0
 1.0017 0.0E+0 0.0E+0
 1.0038 0.0E+0 0.0E+0
 1.0059 0.0E+0 0.0E+0
 1.008 0.0E+0 0.0E+0
 1.0101 0.0E+0 0.0E+0
 1.0122 0.0E+0 0.0E+0
 1.0143 0.0E+0 0.0E+0
 1.0164 0.0E+0 0.0E+0
 1.0185 0.0E+0 0.0E+0
 1.0206 0.0E+0 0.0E+0
 1.0227 0.0E+0 0.0E+0
 1.0248 0.0E+0 0.0E+0
 1.0269 0.0E+0 0.0E+0
 1.029 0.0E+0 0.0E+0
 1.0311 0.0E+0 0.0E+0
 1.0332 0.0E+0 0.0E+0
 1.0353 0.0E+0 0.0E+0
 1.0374 0.0E+0 0.0E+0
 1.0395 0.0E+0 0.0E+0
 1.0416 0.0E+0 0.0E+0
 1.0437 0.0E+0 0.0E+0
 1.0458 0.0E+0 0.0E+0
 1.0479 0.0E+0 0.0E+0
 1.05 0.0E+0 0.0E+0
 1.0521 0.0E+0 0.0E+0
 1.0542 0.0E+0 0.0E+0
 1.0563 0.0E+0 0.0E+0
 1.0584 0.0E+0 0.0E+0
 1.0605 0.0E+0 0.0E+0
 1.0626 0.0E+0 0.0E+0
 1.0647 0.0E+0 0.0E+0
 1.0668 0.0E+0 0.0E+0
 1.0689 0.0E+0 0.0E+0
 1.071 0.0E+0 0.0E+0
 1.0731 0.0E+0 0.0E+0
 1.0752 0.0E+0 0.0E+0
 1.0773 0.0E+0 0.0E+0
 1.0794 0.0E+0 0.0E+0
 1.0815 0.0E+0 0.0E+0
 1.0836 0.0E+0 0.0E+0
 1.0857 0.0E+0 0.0E+0
 1.0878 0.0E+0 0.0E+0
 1.0899 0.0E+0 0.0E+0
 1.092 0.0E+0 0.0E+0
 1.0941 0.0E+0 0.0E+0
 1.0962 0.0E+0 0.0E+0
 1.0983 0.0E+0 0.0E+0
 1.1004 0.0E+0 0.0E+0
 1.1025 0.0E+0 0.0E+0
 1.1046 0.0E+0 0.0E+0
 1.1067 0.0E+0 0.0E+0
 1.1088 0.0E+0 0.0E+0
 1.1109 0.0E+0 0.0E+0
 1.113 0.0E+0 0.0E+0
 1.1151 0.0E+0 0.0E+0
 1.1172 0.0E+0 0.0E+0
 1.1193 0.0E+0 0.0E+0
 1.1214 0.0E+0 0.0E+0
 1.1235 0.0E+0 0.0E+0
 1.1256 0.0E+0 0.0E+0
 1.1277 0.0E+0 0.0E+0
 1.1298 0.0E+0 0.0E+0
 1.1319 0.0E+0 0.0E+0
 1.134 0.0E+0 0.0E+0
 1.1361 0.0E+0 0.0E+0
 1.1382 0.0E+0 0.0E+0
 1.1403 0.0E+0 0.0E+0
 1.1424 0.0E+0 0.0E+0
 1.1445 0.0E+0 0.0E+0
 1.1466 0.0E+0 0.0E+0
 1.1487 0.0E+0 0.0E+0
 1.1508 0.0E+0 0.0E+0
 1.1529 0.0E+0 0.0E+0
 1.155 0.0E+0 0.0E+0
 1.1571 0.0E+0 0.0E+0
 1.1592 0.0E+0 0.0E+0
 1.1613 0.0E+0 0.0E+0
 1.1634 0.0E+0 0.0E+0
 1.1655 0.0E+0 0.0E+0
 1.1676 0.0E+0 0.0E+0
 1.1697 0.0E+0 0.0E+0
 1.1718 0.0E+0 0.0E+0
 1.1739 0.0E+0 0.0E+0
 1.176 0.0E+0 0.0E+0
 1.1781 0.0E+0 0.0E+0
 1.1802 0.0E+0 0.0E+0
 1.1823 0.0E+0 0.0E+0
 1.1844 0.0E+0 0.0E+0
 1.1865 0.0E+0 0.0E+0
 1.1886 0.0E+0 0.0E+0
 1.1907 0.0E+0 0.0E+0
 1.1928 0.0E+0 0.0E+0
 1.1949 0.0E+0 0.0E+0
 1.197 0.0E+0 0.0E+0
 1.1991 0.0E+0 0.0E+0
 1.2012 0.0E+0 0.0E+0
 1.2033 0.0E+0 0.0E+0
 1.2054 0.0E+0 0.0E+0
 1.2075 0.0E+0 0.0E+0
 1.2096 0.0E+0 0.0E+0
 1.2117 0.0E+0 0.0E+0
 1.2138 0.0E+0 0.0E+0
 1.2159 0.0E+0 0.0E+0
 1.218 0.0E+0 0.0E+0
 1.2201 0.0E+0 0.0E+0
 1.2222 0.0E+0 0.0E+0
 1.2243 0.0E+0 0.0E+0
 1.2264 0.0E+0 0.0E+0
 1.2285 0.0E+0 0.0E+0
 1.2306 0.0E+0 0.0E+0
 1.2327 0.0E+0 0.0E+0
 1.2348 0.0E+0 0.0E+0
 1.2369 0.0E+0 0.0E+0
 1.239 0.0E+0 0.0E+0
 1.2411 0.0E+0 0.0E+0
 1.2432 0.0E+0 0.0E+0
 1.2453 0.0E+0 0.0E+0
 1.2474 0.0E+0 0.0E+0
 1.2495 0.0E+0 0.0E+0
 1.2516 -267.64877 543.70263
 1.2537 -1551.3389 3142.9277
 1.2558 -3535.3505 7146.632
 1.2579 -6361.2812 12836.1
 1.26 -10323.572 20801.094
 1.2621 -15837.391 31873.295
 1.2642 -23452.133 47152.7
 1.2663 -33875.36 68055.0
 1.2684 -47999.84 96365.18
 1.2705 -66929.89 134289.42
 1.2726 -92003.05 184497.47
 1.2747 -124802.24 250145.48
 1.2768 -167152.28 334867.46
 1.2789 -221093.45 442720.2
 1.281 -288823.75 578064.93
 1.2831 -372600.84 745368.6
 1.2852 -474595.25 948907.5
 1.2873 -596687.6 1192357.9
 1.2894 -740205.5 1478267.5
 1.2915 -905599.9 1807407.0
 1.2936 -1092068.0 2178015.5
 1.2957 -1297138.4 2584970.5
 1.2978 -1516239.6 3018933.7
 1.2999 -1742291.8 3465540.2
 1.302 -1965363.0 3904725.0
 1.3041 -2172447.5 4310295.5
 1.3062 -2347423.7 4649874.0
 1.3083 -2471253.7 4885319.5
 1.3104 -2522492.2 4973779.5
 1.3125 -2478179.0 4869508.5
 1.3146 -2314746.0 4525705.0
 1.3167 -2010192.5 3898908.2
 1.3188 -1545342.6 2951516.2
 1.3209 -906246.3 1656604.9
 1.323 -86294.68 2150.216
 1.3251 911677.25 -2004792.8
 1.3272 2073576.5 -4334511.5
 1.3293 3372747.5 -6932099.5
 1.3314 4769377.5 -9716363.0
 1.3335 6210815.0 -12580567.0
 1.3356 7632922.0 -15395282.0
 1.3377 8962578.0 -18013520.0
 1.3398 10121004.0 -20277562.0
 1.3419 11028629.0 -22028458.0
 1.344 11609830.0 -23116356.0
 1.3461 11798613.0 -23411102.0
 1.3482 11543997.0 -22813410.0
 1.3503 10814888.0 -21264454.0
 1.3524 9603973.0 -18753536.0
 1.3545 7930205.0 -15322877.0
 1.3566 5839591.5 -11068953.0
 1.3587 3404034.7 -6139917.0
 1.3608 718269.9 -729200.5
 1.3629 -2105033.0 4934565.0
 1.365 -4941623.5 10600491.0
 1.3671 -7663077.0 16010494.0
 1.3692 -10144712.0 20915166.0
 1.3713 -12273323.0 25089410.0
 1.3734 -13954234.0 28346386.0
 1.3755 -15116976.0 30548872.0
 1.3776 -15719301.0 31617050.0
 1.3797 -15749161.0 31532156.0
 1.3818 -15224577.0 30335982.0
 1.3839 -14191194.0 28125566.0
 1.386 -12719071.0 25046562.0
 1.3881 -10896073.0 21279628.0
 1.3902 -8822600.0 17029670.0
 1.3923 -6604341.5 12511166.0
 1.3944 -4345867.5 7935214.5
 1.3965 -2144627.2 3497517.0
 1.3986 -86007.585 -631490.1
 1.4007 1760350.3 -4313882.0
 1.4028 3342817.5 -7448628.0
 1.4049 4628626.0 -9973086.0
 1.407 5603397.5 -11861847.0
 1.4091 6269558.0 -13123342.0
 1.4112 6643893.5 -13794745.0
 1.4133 6754548.0 -13935775.0
 1.4154 6637831.0 -13622013.0
 1.4175 6334563.5 -12938290.0
 1.4196 5887744.0 -11972298.0
 1.4217 5339372.5 -10809873.0
 1.4238 4728509.0 -9530273.0
 1.4259 4089733.5 -8203305.5
 1.428 3452174.0 -6887709.5
 1.4301 2839200.5 -5629235.5
 1.4322 2267851.7 -4462331.0
 1.4343 1750039.9 -3409878.2
 1.4364 1292596.5 -2484731.5
 1.4385 898170.8 -1691307.1
 1.4406 460402.75 -1025350.1
 1.4427 -70749.16 -478687.12
 1.4448 -576687.1 -42877.24
 1.4469 -1132936.4 296130.6
 1.449 -1793174.9 552856.9
 1.4511 -2619536.0 741959.4
 1.4532 -3687680.7 877677.0
 1.4553 -5089921.5 973432.4
 1.4574 -6937807.0 1041652.25
 1.4595 -9364060.0 1093679.0
 1.4616 -12523515.0 1139798.5
 1.4637 -16592434.0 1189310.6
 1.4658 -21765486.0 1250608.0
 1.4679 -28249578.0 1331224.6
 1.47 -36253668.0 1437811.1
 1.4721 -45973744.0 1576023.5
 1.4742 -57572408.0 1750297.1
 1.4763 -71152600.0 1963492.9
 1.4784 -86725824.0 2216422.5
 1.4805 -104175560.0 2507265.0
 1.4826 -123217096.0 2829728.7
 1.4847 -143359700.0 3175791.5
 1.4868 -163865950.0 3532318.7
 1.4889 -183728450.0 3880495.5
 1.491 -201649360.0 4196051.0
 1.4931 -216047470.0 4449473.0
 1.4952 -225087140.0 4606569.5
 1.4973 -226737950.0 4629579.0
 1.4994 -218868260.0 4478899.0
 1.5015 -199373280.0 4115460.7
 1.5036 -166335780.0 3503700.0
 1.5057 -118212880.0 2615017.7
 1.5078 -54038300.0 1431521.9
 1.5099 26373510.0 -50190.21
 1.512 122241240.0 -1815586.1
 1.5141 231668080.0 -3829443.5
 1.5162 351552540.0 -6034197.5
 1.5183 477577020.0 -8349725.0
 1.5204 604294330.0 -10674944.0
 1.5225 725316030.0 -12891296.0
 1.5246 833607600.0 -14868206.0
 1.5267 921879800.0 -16470316.0
 1.5288 983057200.0 -17566162.0
 1.5309 1.01079225E+9 -18037664.0
 1.533 999988100.0 -17789802.0
 1.5351 947284100.0 -16759572.0
 1.5372 851459500.0 -14923418.0
 1.5393 713711500.0 -12302323.0
 1.5414 537772500.0 -8963830.0
 1.5435 329843260.0 -5019770.5
 1.5456 98336410.0 -622452.25
 1.5477 -146560270.0 4041416.7
 1.5498 -393481370.0 8764728.0
 1.5519 -630589500.0 13332501.0
 1.554 -846339000.0 17536040.0
 1.5561 -1.03023584E+9 21187132.0
 1.5582 -1.1735187E+9 24130766.0
 1.5603 -1.2697832E+9 26256128.0
 1.5624 -1.3152686E+9 27503530.0
 1.5645 -1.3091633E+9 27914896.0
 1.5666 -1.25353E+9 27399432.0
 1.5687 -1.1530902E+9 26196380.0
 1.5708 -1.0148143E+9 24399402.0
 1.5729 -847368440.0 22179074.0
 1.575 -660471600.0 19722878.0
 1.5771 -464215450.0 17220902.0
 1.5792 -268405870.0 14851408.0
 1.5813 -81973830.0 12767248.0
 1.5834 87502704.0 11083876.0
 1.5855 234136740.0 9872327.0
 1.5876 353939800.0 9137885.0
 1.5897 444832120.0 8843227.0
 1.5918 506584760.0 8877606.0
 1.5939 540611200.0 9066131.0
 1.596 549767160.0 9131224.0
 1.5981 537528760.0 8930875.0
 1.6002 508387800.0 8109021.5
 1.6023 467046970.0 6328293.0
 1.6044 418194330.0 3241816.2
 1.6065 366246240.0 -1492029.9
 1.6086 315141920.0 -8190341.0
 1.6107 268197680.0 -17123932.0
 1.6128 228018660.0 -28493804.0
 1.6149 196460830.0 -42406420.0
 1.617 174634160.0 -58849012.0
 1.6191 162937470.0 -77666800.0
 1.6212 161113760.0 -98542416.0
 1.6233 168319220.0 -120995776.0
 1.6254 183198560.0 -144301120.0
 1.6275 203962670.0 -167636100.0
 1.6296 228466540.0 -189943200.0
 1.6317 254287600.0 -210026100.0
 1.6338 278805150.0 -226568590.0
 1.6359 299283160.0 -238180700.0
 1.638 312958810.0 -243455860.0
 1.6401 317139200.0 -241038940.0
 1.6422 309306330.0 -229700830.0
 1.6443 287231360.0 -208418740.0
 1.6464 249097390.0 -176457860.0
 1.6485 193625740.0 -133449784.0
 1.6506 120203000.0 -79464130.0
 1.6527 29002334.0 -15069835.0
 1.6548 -78913650.0 58623860.0
 1.6569 -201509700.0 139941570.0
 1.659 -335733340.0 226647540.0
 1.6611 -477515320.0 315976030.0
 1.6632 -621825100.0 404695740.0
 1.6653 -762792640.0 489207840.0
 1.6674 -893896700.0 565676900.0
 1.6695 -1.0082272E+9 630193850.0
 1.6716 -1.0986424E+9 681484540.0
 1.6737 -1.1588032E+9 708515000.0
 1.6758 -1.1826313E+9 715922430.0
 1.6779 -1.1654116E+9 699006650.0
 1.68 -1.1039325E+9 656539450.0
 1.6821 -996951500.0 588401100.0
 1.6842 -845446800.0 495690780.0
 1.6863 -652775800.0 380772760.0
 1.6884 -424692920.0 247248620.0
 1.6905 -169193150.0 99837456.0
 1.6926 103737464.0 -55763564.0
 1.6947 382708440.0 -213245300.0
 1.6968 655407360.0 -365911960.0
 1.6989 909358800.0 -507099960.0
 1.701 1.132662E+9 -630553100.0
 1.7031 1.3147346E+9 -730797800.0
 1.7052 1.4469926E+9 -803479800.0
 1.7073 1.5234095E+9 -845632300.0
 1.7094 1.5409196E+9 -855865340.0
 1.7115 1.4995745E+9 -834416440.0
 1.7136 1.4025917E+9 -783182330.0
 1.7157 1.2560412E+9 -705489660.0
 1.7178 1.06844966E+9 -605949950.0
 1.7199 850193800.0 -490077400.0
 1.722 612802500.0 -363956440.0
 1.7241 368192570.0 -233841980.0
 1.7262 127931000.0 -105781760.0
 1.7283 -97449290.0 14728071.0
 1.7304 -299014100.0 123186930.0
 1.7325 -470699400.0 215509070.0
 1.7346 -605275450.0 289720300.0
 1.7367 -703214650.0 344618040.0
 1.7388 -762840960.0 379486430.0
 1.7409 -786760200.0 395858880.0
 1.743 -778269800.0 395298080.0
 1.7451 -742137000.0 380206650.0
 1.7472 -684050900.0 353394600.0
 1.7493 -609489400.0 317856800.0
 1.7514 -524706970.0 276569630.0
 1.7535 -435035800.0 232341660.0
 1.7556 -345190750.0 187571180.0
 1.7577 -259218340.0 144378460.0
 1.7598 -180148290.0 104338496.0
 1.7619 -110110920.0 68582890.0
 1.764 -50362416.0 37801836.0
 1.7661 -1381927.5 12291985.0
 1.7682 36996216.0 -7979586.5
 1.7703 65437256.0 -23303652.0
 1.7724 84962136.0 -34154064.0
 1.7745 96808730.0 -41123072.0
 1.7766 102304790.0 -44852960.0
 1.7787 102776590.0 -45992052.0
 1.7808 99472370.0 -45155904.0
 1.7829 93510490.0 -42899980.0
 1.785 85849344.0 -39703720.0
 1.7871 77275136.0 -35963592.0
 1.7892 68403936.0 -31993230.0
 1.7913 59693952.0 -28028820.0
 1.7934 51464336.0 -24237872.0
 1.7955 43917428.0 -20729776.0
 1.7976 37161860.0 -17566978.0
 1.7997 31234688.0 -14775701.0
 1.8018 26121266.0 -12355709.0
 1.8039 21772232.0 -10288664.0
 1.806 18117266.0 -8544952.0
 1.8081 15075746.0 -7089016.5
 1.8102 12564537.0 -5883289.5
 1.8123 10503332.0 -4890922.5
 1.8144 8817979.0 -4077527.5
 1.8165 7442218.5 -3412131.2
 1.8186 6318164.0 -2867502.2
 1.8207 5395589.0 -2419883.0
 1.8228 4628683.5 -2047500.1
 1.8249 3927016.7 -1707225.0
 1.827 3396325.5 -1449739.3
 1.8291 3027108.2 -1270465.6
 1.8312 2720553.7 -1121995.0
 1.8333 2460095.2 -996238.6
 1.8354 2235944.2 -888394.7
 1.8375 2041301.3 -795118.3
 1.8396 1871096.3 -713911.8
 1.8417 1721397.6 -642836.1
 1.8438 1589078.3 -580347.25
 1.8459 1471605.3 -525193.9
 1.848 1366900.3 -476347.84
 1.8501 1273236.1 -432955.43
 1.8522 1189168.4 -394301.2
 1.8543 1113478.5 -359781.21
 1.8564 1045131.4 -328882.3
 1.8585 983243.3 -301166.0
 1.8606 927056.1 -276255.65
 1.8627 875916.2 -253826.3
 1.8648 829257.5 -233596.45
 1.8669 786588.5 -215321.31
 1.869 747480.75 -198787.22
 1.8711 711559.43 -183807.22
 1.8732 678495.75 -170217.08
 1.8753 648000.6 -157872.27
 1.8774 619819.0 -146645.19
 1.8795 593725.6 -136422.97
 1.8816 569520.6 -127105.48
 1.8837 547026.75 -118603.78
 1.8858 526086.3 -110838.64
 1.8879 506558.46 -103739.4
 1.89 488317.7 -97242.914
 1.8921 471251.5 -91292.63
 1.8942 455259.1 -85837.89
 1.8963 440249.96 -80833.15
 1.8984 426142.75 -76237.49
 1.9005 412864.12 -72014.06
 1.9026 400347.9 -68129.62
 1.9047 388534.25 -64554.17
 1.9068 377369.15 -61260.61
 1.9089 366803.56 -58224.406
 1.911 356793.0 -55423.34
 1.9131 347297.06 -52837.257
 1.9152 338278.9 -50447.886
 1.9173 329705.06 -48238.63
 1.9194 321544.93 -46194.37
 1.9215 313770.62 -44301.382
 1.9236 306356.53 -42547.16
 1.9257 299279.25 -40920.292
 1.9278 292517.34 -39410.394
 1.9299 286051.06 -38007.97
 1.932 279862.3 -36704.355
 1.9341 273934.4 -35491.632
 1.9362 268251.93 -34362.566
 1.9383 262800.75 -33310.527
 1.9404 257567.69 -32329.453
 1.9425 252540.61 -31413.791
 1.9446 247708.34 -30558.451
 1.9467 243060.39 -29758.768
 1.9488 238587.08 -29010.463
 1.9509 234279.45 -28309.61
 1.953 230129.11 -27652.598
 1.9551 226128.22 -27036.123
 1.9572 222269.48 -26457.137
 1.9593 218546.14 -25912.844
 1.9614 214951.8 -25400.674
 1.9635 211480.48 -24918.258
 1.9656 208126.64 -24463.422
 1.9677 204885.0 -24034.16
 1.9698 201750.61 -23628.627
 1.9719 198718.88 -23245.123
 1.974 195785.4 -22882.082
 1.9761 192946.08 -22538.06
 1.9782 190197.05 -22211.727
 1.9803 187534.58 -21901.852
 1.9824 184955.25 -21607.305
 1.9845 182455.75 -21327.04
 1.9866 180032.97 -21060.092
 1.9887 177683.94 -20805.568
 1.9908 175405.86 -20562.646
 1.9929 173196.08 -20330.568
 1.995 171052.06 -20108.627
 1.9971 168971.39 -19896.176
 1.9992 166951.77 -19692.611
 2.0013 164991.02 -19497.38
 2.0034 163087.06 -19309.965
 2.0055 161238.63 -19129.89
 2.0076 159442.44 -18956.717
 2.0097 157697.31 -18790.012
 2.0118 156001.52 -18629.451
 2.0139 154353.34 -18474.646
 2.016 152751.23 -18325.275
 2.0181 151193.63 -18181.037
 2.0202 149679.06 -18041.648
 2.0223 148206.13 -17906.852
 2.0244 146773.44 -17776.404
 2.0265 145379.73 -17650.08
 2.0286 144023.75 -17527.672
 2.0307 142704.27 -17409.021
 2.0328 141420.13 -17293.887
 2.0349 140170.23 -17182.127
 2.037 138953.48 -17073.584
 2.0391 137768.86 -16968.107
 2.0412 136615.36 -16865.566
 2.0433 135492.02 -16765.83
 2.0454 134397.92 -16668.781
 2.0475 133332.16 -16574.305
 2.0496 132293.86 -16482.3
 2.0517 131282.22 -16392.668
 2.0538 130296.4 -16305.316
 2.0559 129335.66 -16220.161
 2.058 128399.2 -16137.119
 2.0601 127486.335 -16056.117
 2.0622 126596.35 -15977.08
 2.0643 125728.56 -15899.944
 2.0664 124882.32 -15824.6455
 2.0685 124056.984 -15751.123
 2.0706 123251.95 -15679.322
 2.0727 122466.62 -15609.1875
 2.0748 121700.414 -15540.671
 2.0769 120952.765 -15473.723
 2.079 120223.164 -15408.299
 2.0811 119511.07 -15344.354
 2.0832 118815.98 -15281.85
 2.0853 118137.4 -15220.747
 2.0874 117474.87 -15161.007
 2.0895 116827.92 -15102.594
 2.0916 116196.12 -15045.476
 2.0937 115579.02 -14989.619
 2.0958 114976.21 -14934.994
 2.0979 114387.29 -14881.569
