 -6.6666670E-02  0.0000000E+00
 -6.6333331E-02  0.0000000E+00
 -6.6000000E-02  0.0000000E+00
 -6.5666668E-02  0.0000000E+00
 -6.5333337E-02  0.0000000E+00
 -6.4999998E-02  0.0000000E+00
 -6.4666666E-02  0.0000000E+00
 -6.4333335E-02  0.0000000E+00
 -6.4000003E-02  0.0000000E+00
 -6.3666664E-02  0.0000000E+00
 -6.3333333E-02  0.0000000E+00
 -6.3000001E-02  0.0000000E+00
 -6.2666669E-02  0.0000000E+00
 -6.2333334E-02  0.0000000E+00
 -6.1999999E-02  0.0000000E+00
 -6.1666667E-02  0.0000000E+00
 -6.1333332E-02  0.0000000E+00
 -6.1000001E-02  0.0000000E+00
 -6.0666665E-02  0.0000000E+00
 -6.0333334E-02  0.0000000E+00
 -5.9999999E-02  0.0000000E+00
 -5.9666667E-02  0.0000000E+00
 -5.9333332E-02  0.0000000E+00
 -5.9000000E-02  0.0000000E+00
 -5.8666665E-02  0.0000000E+00
 -5.8333334E-02  0.0000000E+00
 -5.7999998E-02  0.0000000E+00
 -5.7666667E-02  0.0000000E+00
 -5.7333332E-02  0.0000000E+00
 -5.7000000E-02  0.0000000E+00
 -5.6666669E-02  0.0000000E+00
 -5.6333333E-02  0.0000000E+00
 -5.6000002E-02  0.0000000E+00
 -5.5666666E-02  0.0000000E+00
 -5.5333335E-02  0.0000000E+00
 -5.5000000E-02  0.0000000E+00
 -5.4666668E-02  0.0000000E+00
 -5.4333333E-02  0.0000000E+00
 -5.4000001E-02  0.0000000E+00
 -5.3666666E-02  0.0000000E+00
 -5.3333335E-02  0.0000000E+00
 -5.2999999E-02  0.0000000E+00
 -5.2666668E-02  0.0000000E+00
 -5.2333333E-02  0.0000000E+00
 -5.2000001E-02  0.0000000E+00
 -5.1666666E-02  0.0000000E+00
 -5.1333334E-02  0.0000000E+00
 -5.0999999E-02  0.0000000E+00
 -5.0666668E-02  0.0000000E+00
 -5.0333332E-02  0.0000000E+00
 -5.0000001E-02  0.0000000E+00
 -4.9666665E-02  0.0000000E+00
 -4.9333334E-02  0.0000000E+00
 -4.8999999E-02  0.0000000E+00
 -4.8666667E-02  0.0000000E+00
 -4.8333332E-02  0.0000000E+00
 -4.8000000E-02  0.0000000E+00
 -4.7666665E-02  0.0000000E+00
 -4.7333334E-02  0.0000000E+00
 -4.6999998E-02  0.0000000E+00
 -4.6666667E-02  0.0000000E+00
 -4.6333332E-02  0.0000000E+00
 -4.6000000E-02  0.0000000E+00
 -4.5666665E-02  0.0000000E+00
 -4.5333333E-02  0.0000000E+00
 -4.5000002E-02  0.0000000E+00
 -4.4666667E-02  0.0000000E+00
 -4.4333335E-02  0.0000000E+00
 -4.4000000E-02  0.0000000E+00
 -4.3666668E-02  0.0000000E+00
 -4.3333333E-02  0.0000000E+00
 -4.3000001E-02  0.0000000E+00
 -4.2666666E-02  0.0000000E+00
 -4.2333335E-02  0.0000000E+00
 -4.1999999E-02  0.0000000E+00
 -4.1666668E-02  0.0000000E+00
 -4.1333333E-02  0.0000000E+00
 -4.1000001E-02  0.0000000E+00
 -4.0666666E-02  0.0000000E+00
 -4.0333334E-02  0.0000000E+00
 -3.9999999E-02  0.0000000E+00
 -3.9666668E-02  0.0000000E+00
 -3.9333332E-02  0.0000000E+00
 -3.9000001E-02  0.0000000E+00
 -3.8666666E-02  0.0000000E+00
 -3.8333334E-02  0.0000000E+00
 -3.7999999E-02  0.0000000E+00
 -3.7666667E-02  0.0000000E+00
 -3.7333332E-02  0.0000000E+00
 -3.7000000E-02  0.0000000E+00
 -3.6666665E-02  0.0000000E+00
 -3.6333334E-02  0.0000000E+00
 -3.5999998E-02  0.0000000E+00
 -3.5666667E-02  0.0000000E+00
 -3.5333332E-02  0.0000000E+00
 -3.5000000E-02  0.0000000E+00
 -3.4666665E-02  0.0000000E+00
 -3.4333333E-02  0.0000000E+00
 -3.4000002E-02  0.0000000E+00
 -3.3666667E-02  0.0000000E+00
 -3.3333335E-02  0.0000000E+00
 -3.3000000E-02  0.0000000E+00
 -3.2666668E-02  0.0000000E+00
 -3.2333333E-02  0.0000000E+00
 -3.2000002E-02  0.0000000E+00
 -3.1666666E-02  0.0000000E+00
 -3.1333335E-02  0.0000000E+00
 -3.0999999E-02  0.0000000E+00
 -3.0666666E-02  0.0000000E+00
 -3.0333333E-02  0.0000000E+00
 -2.9999999E-02  0.0000000E+00
 -2.9666666E-02  0.0000000E+00
 -2.9333333E-02  0.0000000E+00
 -2.8999999E-02  0.0000000E+00
 -2.8666666E-02  0.0000000E+00
 -2.8333334E-02  0.0000000E+00
 -2.8000001E-02  0.0000000E+00
 -2.7666667E-02  0.0000000E+00
 -2.7333334E-02  0.0000000E+00
 -2.7000001E-02  0.0000000E+00
 -2.6666667E-02  0.0000000E+00
 -2.6333334E-02  0.0000000E+00
 -2.6000001E-02  0.0000000E+00
 -2.5666667E-02  0.0000000E+00
 -2.5333334E-02  0.0000000E+00
 -2.5000000E-02  0.0000000E+00
 -2.4666667E-02  0.0000000E+00
 -2.4333334E-02  0.0000000E+00
 -2.4000000E-02  0.0000000E+00
 -2.3666667E-02  0.0000000E+00
 -2.3333333E-02  0.0000000E+00
 -2.3000000E-02  0.0000000E+00
 -2.2666667E-02  0.0000000E+00
 -2.2333333E-02  0.0000000E+00
 -2.2000000E-02  0.0000000E+00
 -2.1666666E-02  0.0000000E+00
 -2.1333333E-02  0.0000000E+00
 -2.1000000E-02  0.0000000E+00
 -2.0666666E-02  0.0000000E+00
 -2.0333333E-02  0.0000000E+00
 -2.0000000E-02  0.0000000E+00
 -1.9666666E-02  0.0000000E+00
 -1.9333333E-02  0.0000000E+00
 -1.8999999E-02  0.0000000E+00
 -1.8666666E-02  0.0000000E+00
 -1.8333333E-02  0.0000000E+00
 -1.7999999E-02  0.0000000E+00
 -1.7666666E-02  0.0000000E+00
 -1.7333332E-02  0.0000000E+00
 -1.7000001E-02  0.0000000E+00
 -1.6666668E-02  0.0000000E+00
 -1.6333334E-02  0.0000000E+00
 -1.6000001E-02  0.0000000E+00
 -1.5666667E-02  0.0000000E+00
 -1.5333333E-02  0.0000000E+00
 -1.5000000E-02  0.0000000E+00
 -1.4666666E-02  0.0000000E+00
 -1.4333333E-02  0.0000000E+00
 -1.4000000E-02  0.0000000E+00
 -1.3666667E-02  0.0000000E+00
 -1.3333334E-02  0.0000000E+00
 -1.3000000E-02  0.0000000E+00
 -1.2666667E-02  0.0000000E+00
 -1.2333333E-02  0.0000000E+00
 -1.2000000E-02  0.0000000E+00
 -1.1666667E-02  0.0000000E+00
 -1.1333333E-02  0.0000000E+00
 -1.1000000E-02  0.0000000E+00
 -1.0666667E-02  0.0000000E+00
 -1.0333333E-02  0.0000000E+00
 -9.9999998E-03  0.0000000E+00
 -9.6666664E-03  0.0000000E+00
 -9.3333330E-03  0.0000000E+00
 -8.9999996E-03  0.0000000E+00
 -8.6666662E-03  0.0000000E+00
 -8.3333338E-03  0.0000000E+00
 -8.0000004E-03  0.0000000E+00
 -7.6666665E-03  0.0000000E+00
 -7.3333331E-03  0.0000000E+00
 -7.0000002E-03  0.0000000E+00
 -6.6666668E-03  0.0000000E+00
 -6.3333334E-03  0.0000000E+00
 -6.0000001E-03  0.0000000E+00
 -5.6666667E-03  0.0000000E+00
 -5.3333333E-03  0.0000000E+00
 -4.9999999E-03  0.0000000E+00
 -4.6666665E-03  0.0000000E+00
 -4.3333331E-03  0.0000000E+00
 -4.0000002E-03  0.0000000E+00
 -3.6666666E-03  0.0000000E+00
 -3.3333334E-03  0.0000000E+00
 -3.0000000E-03  0.0000000E+00
 -2.6666666E-03  0.0000000E+00
 -2.3333333E-03  0.0000000E+00
 -2.0000001E-03  0.0000000E+00
 -1.6666667E-03  0.0000000E+00
 -1.3333333E-03  0.0000000E+00
 -1.0000000E-03  0.0000000E+00
 -6.6666666E-04  0.0000000E+00
 -3.3333333E-04  0.0000000E+00
  6.9388939E-17  0.0000000E+00
  3.3333333E-04  0.0000000E+00
  6.6666666E-04  0.0000000E+00
  1.0000000E-03  0.0000000E+00
  1.3333333E-03  0.0000000E+00
  1.6666667E-03  0.0000000E+00
  2.0000001E-03  0.0000000E+00
  2.3333333E-03  0.0000000E+00
  2.6666666E-03  0.0000000E+00
  3.0000000E-03  0.0000000E+00
  3.3333334E-03  0.0000000E+00
  3.6666666E-03  0.0000000E+00
  4.0000002E-03  0.0000000E+00
  4.3333331E-03  0.0000000E+00
  4.6666665E-03  0.0000000E+00
  4.9999999E-03  0.0000000E+00
  5.3333333E-03  0.0000000E+00
  5.6666667E-03  0.0000000E+00
  6.0000001E-03  0.0000000E+00
  6.3333334E-03  0.0000000E+00
  6.6666668E-03  0.0000000E+00
  7.0000002E-03  0.0000000E+00
  7.3333331E-03  0.0000000E+00
  7.6666665E-03  0.0000000E+00
  8.0000004E-03  0.0000000E+00
  8.3333338E-03  0.0000000E+00
  8.6666662E-03  0.0000000E+00
  8.9999996E-03  0.0000000E+00
  9.3333330E-03  0.0000000E+00
  9.6666664E-03  0.0000000E+00
  9.9999998E-03  0.0000000E+00
  1.0333333E-02  0.0000000E+00
  1.0666667E-02  0.0000000E+00
  1.1000000E-02  0.0000000E+00
  1.1333333E-02  0.0000000E+00
  1.1666667E-02  0.0000000E+00
  1.2000000E-02  0.0000000E+00
  1.2333333E-02  0.0000000E+00
  1.2666667E-02  0.0000000E+00
  1.3000000E-02  0.0000000E+00
  1.3333334E-02  0.0000000E+00
  1.3666667E-02  0.0000000E+00
  1.4000000E-02  0.0000000E+00
  1.4333333E-02  0.0000000E+00
  1.4666666E-02  0.0000000E+00
  1.5000000E-02  0.0000000E+00
  1.5333333E-02  0.0000000E+00
  1.5666667E-02  0.0000000E+00
  1.6000001E-02  0.0000000E+00
  1.6333334E-02  0.0000000E+00
  1.6666668E-02  0.0000000E+00
  1.7000001E-02  0.0000000E+00
  1.7333332E-02  0.0000000E+00
  1.7666666E-02  0.0000000E+00
  1.7999999E-02  0.0000000E+00
  1.8333333E-02  0.0000000E+00
  1.8666666E-02  0.0000000E+00
  1.8999999E-02  0.0000000E+00
  1.9333333E-02  0.0000000E+00
  1.9666666E-02  0.0000000E+00
  2.0000000E-02  0.0000000E+00
  2.0333333E-02  0.0000000E+00
  2.0666666E-02  0.0000000E+00
  2.1000000E-02  0.0000000E+00
  2.1333333E-02  0.0000000E+00
  2.1666666E-02  0.0000000E+00
  2.2000000E-02  0.0000000E+00
  2.2333333E-02  0.0000000E+00
  2.2666667E-02  0.0000000E+00
  2.3000000E-02  0.0000000E+00
  2.3333333E-02  0.0000000E+00
  2.3666667E-02  0.0000000E+00
  2.4000000E-02  0.0000000E+00
  2.4333334E-02  0.0000000E+00
  2.4666667E-02  0.0000000E+00
  2.5000000E-02  0.0000000E+00
  2.5333334E-02  0.0000000E+00
  2.5666667E-02  0.0000000E+00
  2.6000001E-02  0.0000000E+00
  2.6333334E-02  0.0000000E+00
  2.6666667E-02  0.0000000E+00
  2.7000001E-02  0.0000000E+00
  2.7333334E-02  0.0000000E+00
  2.7666667E-02  0.0000000E+00
  2.8000001E-02  0.0000000E+00
  2.8333334E-02  0.0000000E+00
  2.8666666E-02  0.0000000E+00
  2.8999999E-02  0.0000000E+00
  2.9333333E-02  0.0000000E+00
  2.9666666E-02  0.0000000E+00
  2.9999999E-02  0.0000000E+00
  3.0333333E-02  0.0000000E+00
  3.0666666E-02  0.0000000E+00
  3.0999999E-02  0.0000000E+00
  3.1333335E-02  0.0000000E+00
  3.1666666E-02  0.0000000E+00
  3.2000002E-02  0.0000000E+00
  3.2333333E-02  0.0000000E+00
  3.2666668E-02  0.0000000E+00
  3.3000000E-02  0.0000000E+00
  3.3333335E-02  0.0000000E+00
  3.3666667E-02  0.0000000E+00
  3.4000002E-02  0.0000000E+00
  3.4333333E-02  0.0000000E+00
  3.4666665E-02  0.0000000E+00
  3.5000000E-02  0.0000000E+00
  3.5333332E-02  0.0000000E+00
  3.5666667E-02  0.0000000E+00
  3.5999998E-02  0.0000000E+00
  3.6333334E-02  0.0000000E+00
  3.6666665E-02  0.0000000E+00
  3.7000000E-02  0.0000000E+00
  3.7333332E-02  0.0000000E+00
  3.7666667E-02  0.0000000E+00
  3.7999999E-02  0.0000000E+00
  3.8333334E-02  0.0000000E+00
  3.8666666E-02  0.0000000E+00
  3.9000001E-02  0.0000000E+00
  3.9333332E-02  0.0000000E+00
  3.9666668E-02  0.0000000E+00
  3.9999999E-02  0.0000000E+00
  4.0333334E-02  0.0000000E+00
  4.0666666E-02  0.0000000E+00
  4.1000001E-02  0.0000000E+00
  4.1333333E-02  0.0000000E+00
  4.1666668E-02  0.0000000E+00
  4.1999999E-02  0.0000000E+00
  4.2333335E-02  0.0000000E+00
  4.2666666E-02  0.0000000E+00
  4.3000001E-02  0.0000000E+00
  4.3333333E-02  0.0000000E+00
  4.3666668E-02  0.0000000E+00
  4.4000000E-02  0.0000000E+00
  4.4333335E-02  0.0000000E+00
  4.4666667E-02  0.0000000E+00
  4.5000002E-02  0.0000000E+00
  4.5333333E-02  0.0000000E+00
  4.5666665E-02  0.0000000E+00
  4.6000000E-02  0.0000000E+00
  4.6333332E-02  0.0000000E+00
  4.6666667E-02  0.0000000E+00
  4.6999998E-02  0.0000000E+00
  4.7333334E-02  0.0000000E+00
  4.7666665E-02  0.0000000E+00
  4.8000000E-02  0.0000000E+00
  4.8333332E-02  0.0000000E+00
  4.8666667E-02  0.0000000E+00
  4.8999999E-02  0.0000000E+00
  4.9333334E-02  0.0000000E+00
  4.9666665E-02  0.0000000E+00
  5.0000001E-02  0.0000000E+00
  5.0333332E-02  0.0000000E+00
  5.0666668E-02  0.0000000E+00
  5.0999999E-02  0.0000000E+00
  5.1333334E-02  0.0000000E+00
  5.1666666E-02  0.0000000E+00
  5.2000001E-02  0.0000000E+00
  5.2333333E-02  0.0000000E+00
  5.2666668E-02  0.0000000E+00
  5.2999999E-02  0.0000000E+00
  5.3333335E-02  0.0000000E+00
  5.3666666E-02  0.0000000E+00
  5.4000001E-02  0.0000000E+00
  5.4333333E-02  0.0000000E+00
  5.4666668E-02  0.0000000E+00
  5.5000000E-02  0.0000000E+00
  5.5333335E-02  0.0000000E+00
  5.5666666E-02  0.0000000E+00
  5.6000002E-02  0.0000000E+00
  5.6333333E-02  0.0000000E+00
  5.6666669E-02  0.0000000E+00
  5.7000000E-02  0.0000000E+00
  5.7333332E-02  0.0000000E+00
  5.7666667E-02  0.0000000E+00
  5.7999998E-02  0.0000000E+00
  5.8333334E-02  0.0000000E+00
  5.8666665E-02  0.0000000E+00
  5.9000000E-02  0.0000000E+00
  5.9333332E-02  0.0000000E+00
  5.9666667E-02  0.0000000E+00
  5.9999999E-02  0.0000000E+00
  6.0333334E-02  0.0000000E+00
  6.0666665E-02  0.0000000E+00
  6.1000001E-02  0.0000000E+00
  6.1333332E-02  0.0000000E+00
  6.1666667E-02  0.0000000E+00
  6.1999999E-02  0.0000000E+00
  6.2333334E-02  0.0000000E+00
  6.2666669E-02  0.0000000E+00
  6.3000001E-02  0.0000000E+00
  6.3333333E-02  0.0000000E+00
  6.3666664E-02  0.0000000E+00
  6.4000003E-02  0.0000000E+00
  6.4333335E-02  0.0000000E+00
  6.4666666E-02  0.0000000E+00
  6.4999998E-02  0.0000000E+00
  6.5333337E-02  0.0000000E+00
  6.5666668E-02  0.0000000E+00
  6.6000000E-02  0.0000000E+00
  6.6333331E-02  0.0000000E+00
  6.6666670E-02  0.0000000E+00
  6.7000002E-02  0.0000000E+00
  6.7333333E-02  0.0000000E+00
  6.7666665E-02  0.0000000E+00
  6.8000004E-02  0.0000000E+00
  6.8333335E-02  0.0000000E+00
  6.8666667E-02  0.0000000E+00
  6.8999998E-02  0.0000000E+00
  6.9333330E-02  0.0000000E+00
  6.9666669E-02  0.0000000E+00
  7.0000000E-02  0.0000000E+00
  7.0333332E-02  0.0000000E+00
  7.0666663E-02  0.0000000E+00
  7.1000002E-02  0.0000000E+00
  7.1333334E-02  0.0000000E+00
  7.1666665E-02  0.0000000E+00
  7.1999997E-02  0.0000000E+00
  7.2333336E-02  0.0000000E+00
  7.2666667E-02  0.0000000E+00
  7.2999999E-02  0.0000000E+00
  7.3333330E-02  0.0000000E+00
  7.3666669E-02  0.0000000E+00
  7.4000001E-02  0.0000000E+00
  7.4333332E-02  0.0000000E+00
  7.4666664E-02  0.0000000E+00
  7.5000003E-02  0.0000000E+00
  7.5333335E-02  0.0000000E+00
  7.5666666E-02  0.0000000E+00
  7.5999998E-02  0.0000000E+00
  7.6333337E-02  0.0000000E+00
  7.6666668E-02  0.0000000E+00
  7.7000000E-02  0.0000000E+00
  7.7333331E-02  0.0000000E+00
  7.7666670E-02  0.0000000E+00
  7.8000002E-02  0.0000000E+00
  7.8333333E-02  0.0000000E+00
  7.8666665E-02  0.0000000E+00
  7.9000004E-02  0.0000000E+00
  7.9333335E-02  0.0000000E+00
  7.9666667E-02  0.0000000E+00
  7.9999998E-02  0.0000000E+00
  8.0333330E-02  0.0000000E+00
  8.0666669E-02  0.0000000E+00
  8.1000000E-02  0.0000000E+00
  8.1333332E-02  0.0000000E+00
  8.1666663E-02  0.0000000E+00
  8.2000002E-02  0.0000000E+00
  8.2333334E-02  0.0000000E+00
  8.2666665E-02  0.0000000E+00
  8.2999997E-02  0.0000000E+00
  8.3333336E-02  0.0000000E+00
  8.3666667E-02  0.0000000E+00
  8.3999999E-02  0.0000000E+00
  8.4333330E-02  0.0000000E+00
  8.4666669E-02  0.0000000E+00
  8.5000001E-02  0.0000000E+00
  8.5333332E-02  0.0000000E+00
  8.5666664E-02  0.0000000E+00
  8.6000003E-02  0.0000000E+00
  8.6333334E-02  0.0000000E+00
  8.6666666E-02  0.0000000E+00
  8.6999997E-02  0.0000000E+00
  8.7333336E-02  0.0000000E+00
  8.7666668E-02  0.0000000E+00
  8.8000000E-02  0.0000000E+00
  8.8333331E-02  0.0000000E+00
  8.8666670E-02  0.0000000E+00
  8.9000002E-02  0.0000000E+00
  8.9333333E-02  0.0000000E+00
  8.9666665E-02  0.0000000E+00
  9.0000004E-02  0.0000000E+00
  9.0333335E-02  0.0000000E+00
  9.0666667E-02  0.0000000E+00
  9.0999998E-02  0.0000000E+00
  9.1333330E-02  0.0000000E+00
  9.1666669E-02  0.0000000E+00
  9.2000000E-02  0.0000000E+00
  9.2333332E-02  0.0000000E+00
  9.2666663E-02  0.0000000E+00
  9.3000002E-02  0.0000000E+00
  9.3333334E-02  0.0000000E+00
  9.3666665E-02  0.0000000E+00
  9.3999997E-02  0.0000000E+00
  9.4333336E-02  0.0000000E+00
  9.4666667E-02  0.0000000E+00
  9.4999999E-02  0.0000000E+00
  9.5333330E-02  0.0000000E+00
  9.5666669E-02  0.0000000E+00
  9.6000001E-02  0.0000000E+00
  9.6333332E-02  0.0000000E+00
  9.6666664E-02  0.0000000E+00
  9.7000003E-02  0.0000000E+00
  9.7333334E-02  0.0000000E+00
  9.7666666E-02  0.0000000E+00
  9.7999997E-02  0.0000000E+00
  9.8333336E-02  0.0000000E+00
  9.8666668E-02  0.0000000E+00
  9.8999999E-02  0.0000000E+00
  9.9333331E-02  0.0000000E+00
  9.9666670E-02  0.0000000E+00
  0.1000000      0.0000000E+00
  0.1003333      0.0000000E+00
  0.1006667      0.0000000E+00
  0.1010000      0.0000000E+00
  0.1013333      0.0000000E+00
  0.1016667      0.0000000E+00
  0.1020000      0.0000000E+00
  0.1023333      0.0000000E+00
  0.1026667      0.0000000E+00
  0.1030000      0.0000000E+00
  0.1033333      0.0000000E+00
  0.1036667      0.0000000E+00
  0.1040000      0.0000000E+00
  0.1043333      0.0000000E+00
  0.1046667      0.0000000E+00
  0.1050000      0.0000000E+00
  0.1053333      0.0000000E+00
  0.1056667      0.0000000E+00
  0.1060000      0.0000000E+00
  0.1063333      0.0000000E+00
  0.1066667      0.0000000E+00
  0.1070000      0.0000000E+00
  0.1073333      0.0000000E+00
  0.1076667      0.0000000E+00
  0.1080000      0.0000000E+00
  0.1083333      0.0000000E+00
  0.1086667      0.0000000E+00
  0.1090000      0.0000000E+00
  0.1093333      0.0000000E+00
  0.1096667      0.0000000E+00
  0.1100000      0.0000000E+00
  0.1103333      0.0000000E+00
  0.1106667      0.0000000E+00
  0.1110000      0.0000000E+00
  0.1113333      0.0000000E+00
  0.1116667      0.0000000E+00
  0.1120000      0.0000000E+00
  0.1123333      0.0000000E+00
  0.1126667      0.0000000E+00
  0.1130000      0.0000000E+00
  0.1133333      0.0000000E+00
  0.1136667      0.0000000E+00
  0.1140000      0.0000000E+00
  0.1143333      0.0000000E+00
  0.1146667      0.0000000E+00
  0.1150000      0.0000000E+00
  0.1153333      0.0000000E+00
  0.1156667      0.0000000E+00
  0.1160000      0.0000000E+00
  0.1163333      0.0000000E+00
  0.1166667      0.0000000E+00
  0.1170000      0.0000000E+00
  0.1173333      0.0000000E+00
  0.1176667      0.0000000E+00
  0.1180000      0.0000000E+00
  0.1183333      0.0000000E+00
  0.1186667      0.0000000E+00
  0.1190000      0.0000000E+00
  0.1193333      0.0000000E+00
  0.1196667      0.0000000E+00
  0.1200000      0.0000000E+00
  0.1203333      0.0000000E+00
  0.1206667      0.0000000E+00
  0.1210000      0.0000000E+00
  0.1213333      0.0000000E+00
  0.1216667      0.0000000E+00
  0.1220000      0.0000000E+00
  0.1223333      0.0000000E+00
  0.1226667      0.0000000E+00
  0.1230000      0.0000000E+00
  0.1233333      0.0000000E+00
  0.1236667      0.0000000E+00
  0.1240000      0.0000000E+00
  0.1243333      0.0000000E+00
  0.1246667      0.0000000E+00
  0.1250000      0.0000000E+00
  0.1253333      0.0000000E+00
  0.1256667      0.0000000E+00
  0.1260000      0.0000000E+00
  0.1263333      0.0000000E+00
  0.1266667      0.0000000E+00
  0.1270000      0.0000000E+00
  0.1273333      0.0000000E+00
  0.1276667      0.0000000E+00
  0.1280000      0.0000000E+00
  0.1283333      0.0000000E+00
  0.1286667      0.0000000E+00
  0.1290000      0.0000000E+00
  0.1293333      0.0000000E+00
  0.1296667      0.0000000E+00
  0.1300000      0.0000000E+00
  0.1303333      0.0000000E+00
  0.1306667      0.0000000E+00
  0.1310000      0.0000000E+00
  0.1313333      0.0000000E+00
  0.1316667      0.0000000E+00
  0.1320000      0.0000000E+00
  0.1323333      0.0000000E+00
  0.1326667      0.0000000E+00
  0.1330000      0.0000000E+00
  0.1333333      0.0000000E+00
  0.1336667      0.0000000E+00
  0.1340000      0.0000000E+00
  0.1343333      0.0000000E+00
  0.1346667      0.0000000E+00
  0.1350000      0.0000000E+00
  0.1353333      0.0000000E+00
  0.1356667      0.0000000E+00
  0.1360000      0.0000000E+00
  0.1363333      0.0000000E+00
  0.1366667      0.0000000E+00
  0.1370000      0.0000000E+00
  0.1373333      0.0000000E+00
  0.1376667      0.0000000E+00
  0.1380000      0.0000000E+00
  0.1383333      0.0000000E+00
  0.1386667      0.0000000E+00
  0.1390000      0.0000000E+00
  0.1393333      0.0000000E+00
  0.1396667      0.0000000E+00
  0.1400000      0.0000000E+00
  0.1403333      0.0000000E+00
  0.1406667      0.0000000E+00
  0.1410000      0.0000000E+00
  0.1413333      0.0000000E+00
  0.1416667      0.0000000E+00
  0.1420000      0.0000000E+00
  0.1423333      0.0000000E+00
  0.1426667      0.0000000E+00
  0.1430000      0.0000000E+00
  0.1433333      0.0000000E+00
  0.1436667      0.0000000E+00
  0.1440000      0.0000000E+00
  0.1443333      0.0000000E+00
  0.1446667      0.0000000E+00
  0.1450000      0.0000000E+00
  0.1453333      0.0000000E+00
  0.1456667      0.0000000E+00
  0.1460000      0.0000000E+00
  0.1463333      0.0000000E+00
  0.1466667      0.0000000E+00
  0.1470000      0.0000000E+00
  0.1473333      0.0000000E+00
  0.1476667      3.5031082E-18
  0.1480000      5.8466288E-18
  0.1483333      8.0290146E-18
  0.1486667      1.0283255E-17
  0.1490000      1.2704770E-17
  0.1493333      1.5356375E-17
  0.1496667      1.8290795E-17
  0.1500000      2.1558420E-17
  0.1503333      2.5210781E-17
  0.1506667      2.9302526E-17
  0.1510000      3.3892730E-17
  0.1513333      3.9045936E-17
  0.1516667      4.4833090E-17
  0.1520000      5.1332413E-17
  0.1523333      5.8630304E-17
  0.1526667      6.6822244E-17
  0.1530000      7.6013802E-17
  0.1533333      8.6321650E-17
  0.1536667      9.7874690E-17
  0.1540000      1.1081525E-16
  0.1543333      1.2530037E-16
  0.1546667      1.4150318E-16
  0.1550000      1.5961443E-16
  0.1553333      1.7984405E-16
  0.1556667      2.0242291E-16
  0.1560000      2.2760466E-16
  0.1563333      2.5566771E-16
  0.1566667      2.8691740E-16
  0.1570000      3.2168824E-16
  0.1573333      3.6034629E-16
  0.1576667      4.0329187E-16
  0.1580000      4.5096230E-16
  0.1583333      5.0383468E-16
  0.1586667      5.6242919E-16
  0.1590000      6.2731239E-16
  0.1593333      6.9910055E-16
  0.1596667      7.7846341E-16
  0.1600000      8.6612819E-16
  0.1603333      9.6288344E-16
  0.1606667      1.0695837E-15
  0.1610000      1.1871532E-15
  0.1613333      1.3165918E-15
  0.1616667      1.4589786E-15
  0.1620000      1.6154780E-15
  0.1623333      1.7873443E-15
  0.1626667      1.9759280E-15
  0.1630000      2.1826802E-15
  0.1633333      2.4091597E-15
  0.1636667      2.6570384E-15
  0.1640000      2.9281069E-15
  0.1643333      3.2242822E-15
  0.1646667      3.5476120E-15
  0.1650000      3.9002835E-15
  0.1653333      4.2846276E-15
  0.1656667      4.7031267E-15
  0.1660000      5.1584205E-15
  0.1663333      5.6533139E-15
  0.1666667      6.1907804E-15
  0.1670000      6.7739711E-15
  0.1673333      7.4062198E-15
  0.1676667      8.0910484E-15
  0.1680000      8.8321709E-15
  0.1683333      9.6335031E-15
  0.1686667      1.0499161E-14
  0.1690000      1.1433470E-14
  0.1693333      1.2440968E-14
  0.1696667      1.3526402E-14
  0.1700000      1.4694741E-14
  0.1703333      1.5951167E-14
  0.1706667      1.7301083E-14
  0.1710000      1.8750109E-14
  0.1713333      2.0304081E-14
  0.1716667      2.1969048E-14
  0.1720000      2.3751265E-14
  0.1723333      2.5657195E-14
  0.1726667      2.7693497E-14
  0.1730000      2.9867012E-14
  0.1733333      3.2184772E-14
  0.1736667      3.4653958E-14
  0.1740000      3.7281915E-14
  0.1743333      4.0076117E-14
  0.1746667      4.3044165E-14
  0.1750000      4.6193741E-14
  0.1753333      4.9532623E-14
  0.1756667      5.3068623E-14
  0.1760000      5.6809585E-14
  0.1763333      6.0763345E-14
  0.1766667      6.4937700E-14
  0.1770000      6.9340380E-14
  0.1773333      7.3978997E-14
  0.1776667      7.8861017E-14
  0.1780000      8.3993725E-14
  0.1783333      8.9384161E-14
  0.1786667      9.5039082E-14
  0.1790000      1.0096491E-13
  0.1793333      1.0716770E-13
  0.1796667      1.1365306E-13
  0.1800000      1.2042609E-13
  0.1803333      1.2749137E-13
  0.1806667      1.3485285E-13
  0.1810000      1.4251381E-13
  0.1813333      1.5047680E-13
  0.1816667      1.5874356E-13
  0.1820000      1.6731497E-13
  0.1823333      1.7619101E-13
  0.1826667      1.8537065E-13
  0.1830000      1.9485178E-13
  0.1833333      2.0463122E-13
  0.1836667      2.1470453E-13
  0.1840000      2.2506610E-13
  0.1843333      2.3570897E-13
  0.1846667      2.4662480E-13
  0.1850000      2.5780384E-13
  0.1853333      2.6923491E-13
  0.1856667      2.8090524E-13
  0.1860000      2.9280051E-13
  0.1863333      3.0490481E-13
  0.1866667      3.1720056E-13
  0.1870000      3.2966848E-13
  0.1873333      3.4228767E-13
  0.1876667      3.5503545E-13
  0.1880000      3.6788742E-13
  0.1883333      3.8081745E-13
  0.1886667      3.9379771E-13
  0.1890000      4.0679865E-13
  0.1893333      4.1978904E-13
  0.1896667      4.3273596E-13
  0.1900000      4.4560492E-13
  0.1903333      4.5835991E-13
  0.1906667      4.7096327E-13
  0.1910000      4.8337555E-13
  0.1913333      4.9555726E-13
  0.1916667      5.0746641E-13
  0.1920000      5.1906027E-13
  0.1923333      5.3029505E-13
  0.1926667      5.4112606E-13
  0.1930000      5.5150779E-13
  0.1933333      5.6139419E-13
  0.1936667      5.7073861E-13
  0.1940000      5.7949424E-13
  0.1943333      5.8761394E-13
  0.1946667      5.9505070E-13
  0.1950000      6.0175779E-13
  0.1953333      6.0768876E-13
  0.1956667      6.1279790E-13
  0.1960000      6.1704033E-13
  0.1963333      6.2037203E-13
  0.1966667      6.2275044E-13
  0.1970000      6.2413432E-13
  0.1973333      6.2448424E-13
  0.1976667      6.2376249E-13
  0.1980000      6.2193371E-13
  0.1983333      6.1896468E-13
  0.1986667      6.1482487E-13
  0.1990000      6.0948631E-13
  0.1993333      6.0292418E-13
  0.1996667      5.9511668E-13
  0.2000000      5.8604543E-13
  0.2003333      5.7569547E-13
  0.2006667      5.6405564E-13
  0.2010000      5.5111845E-13
  0.2013333      5.3688044E-13
  0.2016667      5.2134225E-13
  0.2020000      5.0450876E-13
  0.2023333      4.8638909E-13
  0.2026667      4.6699661E-13
  0.2030000      4.4634939E-13
  0.2033333      4.2446965E-13
  0.2036667      4.0138433E-13
  0.2040000      3.7712466E-13
  0.2043333      3.5172643E-13
  0.2046667      3.2522981E-13
  0.2050000      2.9767925E-13
  0.2053333      2.6912354E-13
  0.2056667      2.3961551E-13
  0.2060000      2.0921208E-13
  0.2063333      1.7797397E-13
  0.2066667      1.4596558E-13
  0.2070000      1.1325484E-13
  0.2073333      7.9912924E-14
  0.2076667      4.6014052E-14
  0.2080000      1.1635256E-14
  0.2083333     -2.3143905E-14
  0.2086667     -5.8241620E-14
  0.2090000     -9.3574108E-14
  0.2093333     -1.2905596E-13
  0.2096667     -1.6460038E-13
  0.2100000     -2.0011962E-13
  0.2103333     -2.3552522E-13
  0.2106667     -2.7072840E-13
  0.2110000     -3.0564044E-13
  0.2113333     -3.4017269E-13
  0.2116667     -3.7423802E-13
  0.2120000     -4.0774881E-13
  0.2123333     -4.4062060E-13
  0.2126667     -4.7276961E-13
  0.2130000     -5.0411438E-13
  0.2133333     -5.3457586E-13
  0.2136667     -5.6407770E-13
  0.2140000     -5.9254652E-13
  0.2143333     -6.1991222E-13
  0.2146667     -6.4610844E-13
  0.2150000     -6.7107241E-13
  0.2153333     -6.9474558E-13
  0.2156667     -7.1707364E-13
  0.2160000     -7.3800682E-13
  0.2163333     -7.5749980E-13
  0.2166667     -7.7551241E-13
  0.2170000     -7.9200914E-13
  0.2173333     -8.0695964E-13
  0.2176667     -8.2033881E-13
  0.2180000     -8.3212658E-13
  0.2183333     -8.4230827E-13
  0.2186667     -8.5087433E-13
  0.2190000     -8.5782049E-13
  0.2193333     -8.6314782E-13
  0.2196667     -8.6686230E-13
  0.2200000     -8.6897514E-13
  0.2203333     -8.6950250E-13
  0.2206667     -8.6846535E-13
  0.2210000     -8.6588928E-13
  0.2213333     -8.6180444E-13
  0.2216667     -8.5624547E-13
  0.2220000     -8.4925085E-13
  0.2223333     -8.4086324E-13
  0.2226667     -8.3112884E-13
  0.2230000     -8.2009730E-13
  0.2233333     -8.0782147E-13
  0.2236667     -7.9435726E-13
  0.2240000     -7.7976292E-13
  0.2243333     -7.6409934E-13
  0.2246667     -7.4742935E-13
  0.2250000     -7.2981757E-13
  0.2253333     -7.1133019E-13
  0.2256667     -6.9203454E-13
  0.2260000     -6.7199886E-13
  0.2263333     -6.5129206E-13
  0.2266667     -6.2998342E-13
  0.2270000     -6.0814223E-13
  0.2273333     -5.8583753E-13
  0.2276667     -5.6313808E-13
  0.2280000     -5.4011168E-13
  0.2283333     -5.1682541E-13
  0.2286667     -4.9334500E-13
  0.2290000     -4.6973482E-13
  0.2293333     -4.4605769E-13
  0.2296667     -4.2237451E-13
  0.2300000     -3.9874430E-13
  0.2303333     -3.7522389E-13
  0.2306667     -3.5186779E-13
  0.2310000     -3.2872817E-13
  0.2313333     -3.0585463E-13
  0.2316667     -2.8329409E-13
  0.2320000     -2.6109074E-13
  0.2323333     -2.3928608E-13
  0.2326667     -2.1791863E-13
  0.2330000     -1.9702411E-13
  0.2333333     -1.7663530E-13
  0.2336667     -1.5678206E-13
  0.2340000     -1.3749132E-13
  0.2343333     -1.1878713E-13
  0.2346667     -1.0069068E-13
  0.2350000     -8.3220323E-14
  0.2353333     -6.6391506E-14
  0.2356667     -5.0217111E-14
  0.2360000     -3.4707327E-14
  0.2363333     -1.9869773E-14
  0.2366667     -5.7095941E-15
  0.2370000      7.7704541E-15
  0.2373333      2.0569892E-14
  0.2376667      3.2690413E-14
  0.2380000      4.4135766E-14
  0.2383333      5.4911601E-14
  0.2386667      6.5025547E-14
  0.2390000      7.4486783E-14
  0.2393333      8.3306097E-14
  0.2396667      9.1495774E-14
  0.2400000      9.9069400E-14
  0.2403333      1.0604179E-13
  0.2406667      1.1242883E-13
  0.2410000      1.1824740E-13
  0.2413333      1.2351518E-13
  0.2416667      1.2825067E-13
  0.2420000      1.3247289E-13
  0.2423333      1.3620145E-13
  0.2426667      1.3945632E-13
  0.2430000      1.4225781E-13
  0.2433333      1.4462643E-13
  0.2436667      1.4658279E-13
  0.2440000      1.4814758E-13
  0.2443333      1.4934140E-13
  0.2446667      1.5018474E-13
  0.2450000      1.5069791E-13
  0.2453333      1.5090095E-13
  0.2456667      1.5081358E-13
  0.2460000      1.5045514E-13
  0.2463333      1.4984459E-13
  0.2466667      1.4900035E-13
  0.2470000      1.4794039E-13
  0.2473333      1.4668212E-13
  0.2476667      1.4524238E-13
  0.2480000      1.4363757E-13
  0.2483333      1.4188306E-13
  0.2486667      1.3999395E-13
  0.2490000      1.3798461E-13
  0.2493333      1.3586871E-13
  0.2496667      1.3365932E-13
  0.2500000      1.3136881E-13
  0.2503333      1.2900888E-13
  0.2506667      1.2659062E-13
  0.2510000      1.2412444E-13
  0.2513333      1.2161485E-13
  0.2516667      1.1907707E-13
  0.2520000      1.1651932E-13
  0.2523333      1.1394897E-13
  0.2526667      1.1137316E-13
  0.2530000      1.0879858E-13
  0.2533333      1.0623135E-13
  0.2536667      1.0367710E-13
  0.2540000      1.0114095E-13
  0.2543333      9.8627520E-14
  0.2546667      9.6140977E-14
  0.2550000      9.3685015E-14
  0.2553333      9.1262921E-14
  0.2556667      8.8877561E-14
  0.2560000      8.6531415E-14
  0.2563333      8.4226598E-14
  0.2566667      8.1964871E-14
  0.2570000      7.9747664E-14
  0.2573333      7.7576102E-14
  0.2576667      7.5451018E-14
  0.2580000      7.3372975E-14
  0.2583333      7.1342265E-14
  0.2586667      6.9358941E-14
  0.2590000      6.7422840E-14
  0.2593333      6.5533570E-14
  0.2596667      6.3690549E-14
  0.2600000      6.1892989E-14
  0.2603333      6.0139956E-14
  0.2606667      5.8430311E-14
  0.2610000      5.6762778E-14
  0.2613333      5.5135919E-14
  0.2616667      5.3548163E-14
  0.2620000      5.1997781E-14
  0.2623333      5.0482923E-14
  0.2626667      4.9001605E-14
  0.2630000      4.7551711E-14
  0.2633333      4.6130993E-14
  0.2636667      4.4737089E-14
  0.2640000      4.3367494E-14
  0.2643333      4.2019590E-14
  0.2646667      4.0690612E-14
  0.2650000      3.9377671E-14
  0.2653333      3.8077733E-14
  0.2656667      3.6787627E-14
  0.2660000      3.5504023E-14
  0.2663333      3.4223448E-14
  0.2666667      3.2942260E-14
  0.2670000      3.1656637E-14
  0.2673333      3.0362591E-14
  0.2676667      2.9055941E-14
  0.2680000      2.7732308E-14
  0.2683333      2.6387102E-14
  0.2686667      2.5015524E-14
  0.2690000      2.3612534E-14
  0.2693333      2.2172864E-14
  0.2696667      2.0690985E-14
  0.2700000      1.9161117E-14
  0.2703333      1.7577196E-14
  0.2706667      1.5932879E-14
  0.2710000      1.4221534E-14
  0.2713333      1.2436216E-14
  0.2716667      1.0569665E-14
  0.2720000      8.6143014E-15
  0.2723333      6.5622099E-15
  0.2726667      4.4051333E-15
  0.2730000      2.1344669E-15
  0.2733333     -2.5874792E-16
  0.2736667     -2.7838286E-15
  0.2740000     -5.4504542E-15
  0.2743333     -8.2686670E-15
  0.2746667     -1.1248874E-14
  0.2750000     -1.4401839E-14
  0.2753333     -1.7738688E-14
  0.2756667     -2.1270893E-14
  0.2760000     -2.5010271E-14
  0.2763333     -2.8968964E-14
  0.2766667     -3.3159432E-14
  0.2770000     -3.7594439E-14
  0.2773333     -4.2287012E-14
  0.2776667     -4.7250442E-14
  0.2780000     -5.2498245E-14
  0.2783333     -5.8044125E-14
  0.2786667     -6.3901954E-14
  0.2790000     -7.0085708E-14
  0.2793333     -7.6609468E-14
  0.2796667     -8.3487315E-14
  0.2800000     -9.0733316E-14
  0.2803333     -9.8361477E-14
  0.2806667     -1.0638564E-13
  0.2810000     -1.1482253E-13
  0.2813333     -1.2368061E-13
  0.2816667     -1.3297416E-13
  0.2820000     -1.4271608E-13
  0.2823333     -1.5291857E-13
  0.2826667     -1.6359318E-13
  0.2830000     -1.7475074E-13
  0.2833333     -1.8640130E-13
  0.2836667     -1.9855398E-13
  0.2840000     -2.1121696E-13
  0.2843333     -2.2439730E-13
  0.2846667     -2.3810083E-13
  0.2850000     -2.5233214E-13
  0.2853333     -2.6709432E-13
  0.2856667     -2.8238894E-13
  0.2860000     -2.9821593E-13
  0.2863333     -3.1457345E-13
  0.2866667     -3.3145773E-13
  0.2870000     -3.4886308E-13
  0.2873333     -3.6678158E-13
  0.2876667     -3.8520321E-13
  0.2880000     -4.0411552E-13
  0.2883333     -4.2350365E-13
  0.2886667     -4.4335024E-13
  0.2890000     -4.6363521E-13
  0.2893333     -4.8433588E-13
  0.2896667     -5.0542665E-13
  0.2900000     -5.2687910E-13
  0.2903333     -5.4866192E-13
  0.2906667     -5.7074072E-13
  0.2910000     -5.9307810E-13
  0.2913333     -6.1563368E-13
  0.2916667     -6.3836393E-13
  0.2920000     -6.6122222E-13
  0.2923333     -6.8415889E-13
  0.2926667     -7.0712116E-13
  0.2930000     -7.3005339E-13
  0.2933333     -7.5289677E-13
  0.2936667     -7.7558982E-13
  0.2940000     -7.9806821E-13
  0.2943333     -8.2026481E-13
  0.2946667     -8.4211013E-13
  0.2950000     -8.6353217E-13
  0.2953333     -8.8445679E-13
  0.2956667     -9.0480775E-13
  0.2960000     -9.2450570E-13
  0.2963333     -9.4347284E-13
  0.2966667     -9.6162726E-13
  0.2970000     -9.7888657E-13
  0.2973333     -9.9516782E-13
  0.2976667     -1.0103874E-12
  0.2980000     -1.0244612E-12
  0.2983333     -1.0373054E-12
  0.2986667     -1.0488368E-12
  0.2990000     -1.0589725E-12
  0.2993333     -1.0676309E-12
  0.2996667     -1.0747320E-12
  0.3000000     -1.0801976E-12
  0.3003333     -1.0839517E-12
  0.3006667     -1.0859208E-12
  0.3010000     -1.0860348E-12
  0.3013333     -1.0842267E-12
  0.3016667     -1.0804333E-12
  0.3020000     -1.0745958E-12
  0.3023333     -1.0666598E-12
  0.3026667     -1.0565758E-12
  0.3030000     -1.0442998E-12
  0.3033333     -1.0297934E-12
  0.3036667     -1.0130240E-12
  0.3040000     -9.9396544E-13
  0.3043333     -9.7259820E-13
  0.3046667     -9.4890946E-13
  0.3050000     -9.2289360E-13
  0.3053333     -8.9455255E-13
  0.3056667     -8.6389549E-13
  0.3060000     -8.3093938E-13
  0.3063333     -7.9570904E-13
  0.3066667     -7.5823733E-13
  0.3070000     -7.1856491E-13
  0.3073333     -6.7674062E-13
  0.3076667     -6.3282138E-13
  0.3080000     -5.8687197E-13
  0.3083333     -5.3896519E-13
  0.3086667     -4.8918150E-13
  0.3090000     -4.3760915E-13
  0.3093333     -3.8434371E-13
  0.3096667     -3.2948796E-13
  0.3100000     -2.7315170E-13
  0.3103333     -2.1545121E-13
  0.3106667     -1.5650914E-13
  0.3110000     -9.6453980E-14
  0.3113333     -3.5419709E-14
  0.3116667      2.6454672E-14
  0.3120000      8.9025616E-14
  0.3123333      1.5214552E-13
  0.3126667      2.1566329E-13
  0.3130000      2.7942484E-13
  0.3133333      3.4327370E-13
  0.3136667      4.0705156E-13
  0.3140000      4.7059898E-13
  0.3143333      5.3375593E-13
  0.3146667      5.9636226E-13
  0.3150000      6.5825877E-13
  0.3153333      7.1928721E-13
  0.3156667      7.7929156E-13
  0.3160000      8.3811809E-13
  0.3163333      8.9561653E-13
  0.3166667      9.5163970E-13
  0.3170000      1.0060465E-12
  0.3173333      1.0586970E-12
  0.3176667      1.1094613E-12
  0.3180000      1.1582126E-12
  0.3183333      1.2048315E-12
  0.3186667      1.2492052E-12
  0.3190000      1.2912283E-12
  0.3193333      1.3308033E-12
  0.3196667      1.3678408E-12
  0.3200000      1.4022598E-12
  0.3203333      1.4339880E-12
  0.3206667      1.4629621E-12
  0.3210000      1.4891278E-12
  0.3213333      1.5124405E-12
  0.3216667      1.5328644E-12
  0.3220000      1.5503740E-12
  0.3223333      1.5649526E-12
  0.3226667      1.5765933E-12
  0.3230000      1.5852987E-12
  0.3233333      1.5910806E-12
  0.3236667      1.5939600E-12
  0.3240000      1.5939667E-12
  0.3243333      1.5911397E-12
  0.3246667      1.5855260E-12
  0.3250000      1.5771812E-12
  0.3253333      1.5661684E-12
  0.3256667      1.5525584E-12
  0.3260000      1.5364291E-12
  0.3263333      1.5178649E-12
  0.3266667      1.4969566E-12
  0.3270000      1.4738007E-12
  0.3273333      1.4484990E-12
  0.3276667      1.4211580E-12
  0.3280000      1.3918887E-12
  0.3283333      1.3608056E-12
  0.3286667      1.3280264E-12
  0.3290000      1.2936720E-12
  0.3293333      1.2578647E-12
  0.3296667      1.2207291E-12
  0.3300000      1.1823908E-12
  0.3303333      1.1429756E-12
  0.3306667      1.1026100E-12
  0.3310000      1.0614195E-12
  0.3313333      1.0195295E-12
  0.3316667      9.7706337E-13
  0.3320000      9.3414317E-13
  0.3323333      8.9088849E-13
  0.3326667      8.4741665E-13
  0.3330000      8.0384180E-13
  0.3333333      7.6027482E-13
  0.3336667      7.1682314E-13
  0.3340000      6.7359004E-13
  0.3343333      6.3067477E-13
  0.3346667      5.8817220E-13
  0.3350000      5.4617237E-13
  0.3353333      5.0476068E-13
  0.3356667      4.6401755E-13
  0.3360000      4.2401819E-13
  0.3363333      3.8483268E-13
  0.3366667      3.4652584E-13
  0.3370000      3.0915719E-13
  0.3373333      2.7278085E-13
  0.3376667      2.3744567E-13
  0.3380000      2.0319519E-13
  0.3383333      1.7006770E-13
  0.3386667      1.3809629E-13
  0.3390000      1.0730903E-13
  0.3393333      7.7729103E-14
  0.3396667      4.9374570E-14
  0.3400000      2.2259075E-14
  0.3403333     -3.6083426E-15
  0.3406667     -2.8222996E-14
  0.3410000     -5.1584354E-14
  0.3413333     -7.3695864E-14
  0.3416667     -9.4564723E-14
  0.3420000     -1.1420168E-13
  0.3423333     -1.3262083E-13
  0.3426667     -1.4983937E-13
  0.3430000     -1.6587721E-13
  0.3433333     -1.8075744E-13
  0.3436667     -1.9450507E-13
  0.3440000     -2.0714748E-13
  0.3443333     -2.1871404E-13
  0.3446667     -2.2923590E-13
  0.3450000     -2.3874574E-13
  0.3453333     -2.4727762E-13
  0.3456667     -2.5486666E-13
  0.3460000     -2.6154897E-13
  0.3463333     -2.6736141E-13
  0.3466667     -2.7234137E-13
  0.3470000     -2.7652660E-13
  0.3473333     -2.7995512E-13
  0.3476667     -2.8266498E-13
  0.3480000     -2.8469414E-13
  0.3483333     -2.8608032E-13
  0.3486667     -2.8686095E-13
  0.3490000     -2.8707286E-13
  0.3493333     -2.8675237E-13
  0.3496667     -2.8593512E-13
  0.3500000     -2.8465595E-13
  0.3503333     -2.8294882E-13
  0.3506667     -2.8084677E-13
  0.3510000     -2.7838186E-13
  0.3513333     -2.7558508E-13
  0.3516667     -2.7248632E-13
  0.3520000     -2.6911437E-13
  0.3523333     -2.6549680E-13
  0.3526667     -2.6166002E-13
  0.3530000     -2.5762945E-13
  0.3533333     -2.5342876E-13
  0.3536667     -2.4908089E-13
  0.3540000     -2.4460737E-13
  0.3543333     -2.4002859E-13
  0.3546667     -2.3536370E-13
  0.3550000     -2.3063067E-13
  0.3553333     -2.2584639E-13
  0.3556667     -2.2102651E-13
  0.3560000     -2.1618563E-13
  0.3563333     -2.1133730E-13
  0.3566667     -2.0649397E-13
  0.3570000     -2.0166715E-13
  0.3573333     -1.9686732E-13
  0.3576667     -1.9210405E-13
  0.3580000     -1.8738604E-13
  0.3583333     -1.8272112E-13
  0.3586667     -1.7811630E-13
  0.3590000     -1.7357781E-13
  0.3593333     -1.6911120E-13
  0.3596667     -1.6472128E-13
  0.3600000     -1.6041221E-13
  0.3603333     -1.5618759E-13
  0.3606667     -1.5205040E-13
  0.3610000     -1.4800308E-13
  0.3613333     -1.4404763E-13
  0.3616667     -1.4018555E-13
  0.3620000     -1.3641792E-13
  0.3623333     -1.3274543E-13
  0.3626667     -1.2916842E-13
  0.3630000     -1.2568690E-13
  0.3633333     -1.2230058E-13
  0.3636667     -1.1900890E-13
  0.3640000     -1.1581107E-13
  0.3643333     -1.1270609E-13
  0.3646667     -1.0969272E-13
  0.3650000     -1.0676960E-13
  0.3653333     -1.0393521E-13
  0.3656667     -1.0118790E-13
  0.3660000     -9.8525890E-14
  0.3663333     -9.5947352E-14
  0.3666667     -9.3450340E-14
  0.3670000     -9.1032867E-14
  0.3673333     -8.8692888E-14
  0.3676667     -8.6428335E-14
  0.3680000     -8.4237108E-14
  0.3683333     -8.2117093E-14
  0.3686667     -8.0066162E-14
  0.3690000     -7.8082214E-14
  0.3693333     -7.6163136E-14
  0.3696667     -7.4306853E-14
  0.3700000     -7.2511292E-14
  0.3703333     -7.0774434E-14
  0.3706667     -6.9094273E-14
  0.3710000     -6.7468851E-14
  0.3713333     -6.5896250E-14
  0.3716667     -6.4374592E-14
  0.3720000     -6.2902049E-14
  0.3723333     -6.1476831E-14
  0.3726667     -6.0097225E-14
  0.3730000     -5.8761528E-14
  0.3733333     -5.7468123E-14
  0.3736667     -5.6215429E-14
  0.3740000     -5.5001912E-14
  0.3743333     -5.3826098E-14
  0.3746667     -5.2686567E-14
  0.3750000     -5.1581938E-14
  0.3753333     -5.0510892E-14
  0.3756667     -4.9472152E-14
  0.3760000     -4.8464491E-14
  0.3763333     -4.7486734E-14
  0.3766667     -4.6537742E-14
  0.3770000     -4.5616427E-14
  0.3773333     -4.4721754E-14
  0.3776667     -4.3852708E-14
  0.3780000     -4.3008338E-14
  0.3783333     -4.2187723E-14
  0.3786667     -4.1389974E-14
  0.3790000     -4.0614247E-14
  0.3793333     -3.9859734E-14
  0.3796667     -3.9125658E-14
  0.3800000     -3.8411277E-14
  0.3803333     -3.7715883E-14
  0.3806667     -3.7038789E-14
  0.3810000     -3.6379350E-14
  0.3813333     -3.5736937E-14
  0.3816667     -3.5110952E-14
  0.3820000     -3.4500831E-14
  0.3823333     -3.3906021E-14
  0.3826667     -3.3326000E-14
  0.3830000     -3.2760263E-14
  0.3833333     -3.2208333E-14
  0.3836667     -3.1669752E-14
  0.3840000     -3.1144077E-14
  0.3843333     -3.0630883E-14
  0.3846667     -3.0124994E-14
  0.3850000     -2.9632943E-14
  0.3853333     -2.9153498E-14
  0.3856667     -2.8685591E-14
  0.3860000     -2.8228642E-14
  0.3863333     -2.7782205E-14
  0.3866667     -2.7345889E-14
  0.3870000     -2.6919349E-14
  0.3873333     -2.6502262E-14
  0.3876667     -2.6094324E-14
  0.3880000     -2.5695251E-14
  0.3883333     -2.5304772E-14
  0.3886667     -2.4922630E-14
  0.3890000     -2.4548580E-14
  0.3893333     -2.4182386E-14
  0.3896667     -2.3823821E-14
  0.3900000     -2.3472672E-14
  0.3903333     -2.3128729E-14
  0.3906667     -2.2791793E-14
  0.3910000     -2.2461674E-14
  0.3913333     -2.2138184E-14
  0.3916667     -2.1821144E-14
  0.3920000     -2.1510386E-14
  0.3923333     -2.1205743E-14
  0.3926667     -2.0907053E-14
  0.3930000     -2.0614163E-14
  0.3933333     -2.0326924E-14
  0.3936667     -2.0045192E-14
  0.3940000     -1.9768827E-14
  0.3943333     -1.9497694E-14
  0.3946667     -1.9231661E-14
  0.3950000     -1.8970606E-14
  0.3953333     -1.8714402E-14
  0.3956667     -1.8462933E-14
  0.3960000     -1.8216086E-14
  0.3963333     -1.7973746E-14
  0.3966667     -1.7735808E-14
  0.3970000     -1.7502166E-14
  0.3973333     -1.7272720E-14
  0.3976667     -1.7047372E-14
  0.3980000     -1.6826023E-14
  0.3983333     -1.6608586E-14
  0.3986667     -1.6394968E-14
  0.3990000     -1.6185082E-14
  0.3993333     -1.5978845E-14
  0.3996667     -1.5776172E-14
  0.4000000     -1.5576985E-14
  0.4003333     -1.5381205E-14
  0.4006667     -1.5188758E-14
  0.4010000     -1.4999569E-14
  0.4013333     -1.4813569E-14
  0.4016667     -1.4630687E-14
  0.4020000     -1.4450855E-14
  0.4023333     -1.4274006E-14
  0.4026667     -1.4100081E-14
  0.4030000     -1.3929014E-14
  0.4033333     -1.3760745E-14
  0.4036667     -1.3595215E-14
  0.4040000     -1.3432368E-14
  0.4043333     -1.3272146E-14
  0.4046667     -1.3114496E-14
  0.4050000     -1.2959364E-14
  0.4053333     -1.2806700E-14
  0.4056667     -1.2656452E-14
  0.4060000     -1.2508572E-14
  0.4063333     -1.2363011E-14
  0.4066667     -1.2219723E-14
  0.4070000     -1.2078663E-14
  0.4073333     -1.1939786E-14
  0.4076667     -1.1803048E-14
  0.4080000     -1.1668408E-14
  0.4083333     -1.1535826E-14
  0.4086667     -1.1405259E-14
  0.4090000     -1.1276669E-14
  0.4093333     -1.1150019E-14
  0.4096667     -1.1025270E-14
  0.4100000     -1.0902386E-14
  0.4103333     -1.0781332E-14
  0.4106667     -1.0662073E-14
  0.4110000     -1.0544574E-14
  0.4113333     -1.0428803E-14
  0.4116667     -1.0314728E-14
  0.4120000     -1.0202317E-14
  0.4123333     -1.0091539E-14
  0.4126667     -9.9823621E-15
  0.4130000     -9.8747601E-15
  0.4133333     -9.7687014E-15
  0.4136667     -9.6641589E-15
  0.4140000     -9.5611055E-15
  0.4143333     -9.4595140E-15
  0.4146667     -9.3593575E-15
  0.4150000     -9.2606104E-15
  0.4153333     -9.1632482E-15
  0.4156667     -9.0672454E-15
  0.4160000     -8.9725785E-15
  0.4163333     -8.8792236E-15
  0.4166667     -8.7871579E-15
  0.4170000     -8.6963585E-15
  0.4173333     -8.6068034E-15
  0.4176667     -8.5184714E-15
  0.4180000     -8.4313405E-15
  0.4183333     -8.3453913E-15
  0.4186667     -8.2606024E-15
  0.4190000     -8.1769545E-15
  0.4193333     -8.0944281E-15
  0.4196667     -8.0130037E-15
  0.4200000     -7.9326635E-15
  0.4203333     -7.8533888E-15
  0.4206667     -7.7751619E-15
  0.4210000     -7.6979074E-15
  0.4213333     -7.6217219E-15
  0.4216667     -7.5465333E-15
  0.4220000     -7.4723239E-15
  0.4223333     -7.3990776E-15
  0.4226667     -7.3267799E-15
  0.4230000     -7.2554140E-15
  0.4233333     -7.1849646E-15
  0.4236667     -7.1154181E-15
  0.4240000     -7.0467589E-15
  0.4243333     -6.9789725E-15
  0.4246667     -6.9120455E-15
  0.4250000     -6.8459634E-15
  0.4253333     -6.7807130E-15
  0.4256667     -6.7162809E-15
  0.4260000     -6.6526539E-15
  0.4263333     -6.5898185E-15
  0.4266667     -6.5277623E-15
  0.4270000     -6.4664723E-15
  0.4273333     -6.4059353E-15
  0.4276667     -6.3461373E-15
  0.4280000     -6.2870644E-15
  0.4283333     -6.2289638E-15
  0.4286667     -6.1713563E-15
  0.4290000     -6.1144488E-15
  0.4293333     -6.0582312E-15
  0.4296667     -6.0026921E-15
  0.4300000     -5.9478222E-15
  0.4303333     -5.8936108E-15
  0.4306667     -5.8400478E-15
  0.4310000     -5.7871239E-15
  0.4313333     -5.7348294E-15
  0.4316667     -5.6831544E-15
  0.4320000     -5.6320906E-15
  0.4323333     -5.5816286E-15
  0.4326667     -5.5317591E-15
  0.4330000     -5.4824737E-15
  0.4333333     -5.4337638E-15
  0.4336667     -5.3856210E-15
  0.4340000     -5.3380372E-15
  0.4343333     -5.2910036E-15
  0.4346667     -5.2445129E-15
  0.4350000     -5.1985571E-15
  0.4353333     -5.1531282E-15
  0.4356667     -5.1082194E-15
  0.4360000     -5.0638222E-15
  0.4363333     -5.0199298E-15
  0.4366667     -4.9765354E-15
  0.4370000     -4.9336311E-15
  0.4373333     -4.8912108E-15
  0.4376667     -4.8492670E-15
  0.4380000     -4.8077933E-15
  0.4383333     -4.7667834E-15
  0.4386667     -4.7262300E-15
  0.4390000     -4.6861276E-15
  0.4393333     -4.6464695E-15
  0.4396667     -4.6072498E-15
  0.4400000     -4.5684625E-15
  0.4403333     -4.5301008E-15
  0.4406667     -4.4921600E-15
  0.4410000     -4.4546335E-15
  0.4413333     -4.4175161E-15
  0.4416667     -4.3808023E-15
  0.4420000     -4.3444862E-15
  0.4423333     -4.3085627E-15
  0.4426667     -4.2730263E-15
  0.4430000     -4.2378723E-15
  0.4433333     -4.2030948E-15
  0.4436667     -4.1686896E-15
  0.4440000     -4.1346507E-15
  0.4443333     -4.1009744E-15
  0.4446667     -4.0676551E-15
  0.4450000     -4.0346881E-15
  0.4453333     -4.0020693E-15
  0.4456667     -3.9697935E-15
  0.4460000     -3.9378566E-15
  0.4463333     -3.9062542E-15
  0.4466667     -3.8749818E-15
  0.4470000     -3.8440346E-15
  0.4473333     -3.8134092E-15
  0.4476667     -3.7831011E-15
  0.4480000     -3.7531060E-15
  0.4483333     -3.7234205E-15
  0.4486667     -3.6940399E-15
  0.4490000     -3.6649604E-15
  0.4493333     -3.6361786E-15
  0.4496667     -3.6076904E-15
  0.4500000     -3.5794922E-15
  0.4503333     -3.5515801E-15
  0.4506667     -3.5239508E-15
  0.4510000     -3.4966007E-15
  0.4513333     -3.4695259E-15
  0.4516667     -3.4427233E-15
  0.4520000     -3.4161895E-15
  0.4523333     -3.3899211E-15
  0.4526667     -3.3639147E-15
  0.4530000     -3.3381670E-15
  0.4533333     -3.3126751E-15
  0.4536667     -3.2874357E-15
  0.4540000     -3.2624454E-15
  0.4543333     -3.2377017E-15
  0.4546667     -3.2132011E-15
  0.4550000     -3.1889408E-15
  0.4553333     -3.1649179E-15
  0.4556667     -3.1411296E-15
  0.4560000     -3.1175727E-15
  0.4563333     -3.0942450E-15
  0.4566667     -3.0711430E-15
  0.4570000     -3.0482647E-15
  0.4573333     -3.0256070E-15
  0.4576667     -3.0031672E-15
  0.4580000     -2.9809429E-15
  0.4583333     -2.9589315E-15
  0.4586667     -2.9371306E-15
  0.4590000     -2.9155374E-15
  0.4593333     -2.8941496E-15
  0.4596667     -2.8729647E-15
  0.4600000     -2.8519805E-15
  0.4603333     -2.8311943E-15
  0.4606667     -2.8106042E-15
  0.4610000     -2.7902076E-15
  0.4613333     -2.7700025E-15
  0.4616667     -2.7499865E-15
  0.4620000     -2.7301574E-15
  0.4623333     -2.7105131E-15
  0.4626667     -2.6910514E-15
  0.4630000     -2.6717702E-15
  0.4633333     -2.6526675E-15
  0.4636667     -2.6337412E-15
  0.4640000     -2.6149891E-15
  0.4643333     -2.5964097E-15
  0.4646667     -2.5780007E-15
  0.4650000     -2.5597600E-15
  0.4653333     -2.5416860E-15
  0.4656667     -2.5237768E-15
  0.4660000     -2.5060304E-15
  0.4663333     -2.4884449E-15
  0.4666667     -2.4710187E-15
  0.4670000     -2.4537501E-15
  0.4673333     -2.4366368E-15
  0.4676667     -2.4196777E-15
  0.4680000     -2.4028707E-15
  0.4683333     -2.3862144E-15
  0.4686667     -2.3697068E-15
  0.4690000     -2.3533464E-15
  0.4693333     -2.3371316E-15
  0.4696667     -2.3210609E-15
  0.4700000     -2.3051324E-15
  0.4703333     -2.2893448E-15
  0.4706667     -2.2736967E-15
  0.4710000     -2.2581860E-15
  0.4713333     -2.2428120E-15
  0.4716667     -2.2275726E-15
  0.4720000     -2.2124666E-15
  0.4723333     -2.1974923E-15
  0.4726667     -2.1826487E-15
  0.4730000     -2.1679342E-15
  0.4733333     -2.1533473E-15
  0.4736667     -2.1388867E-15
  0.4740000     -2.1245511E-15
  0.4743333     -2.1103392E-15
  0.4746667     -2.0962494E-15
  0.4750000     -2.0822808E-15
  0.4753333     -2.0684318E-15
  0.4756667     -2.0547014E-15
  0.4760000     -2.0410881E-15
  0.4763333     -2.0275908E-15
  0.4766667     -2.0142083E-15
  0.4770000     -2.0009394E-15
  0.4773333     -1.9877828E-15
  0.4776667     -1.9747375E-15
  0.4780000     -1.9618020E-15
  0.4783333     -1.9489756E-15
  0.4786667     -1.9362568E-15
  0.4790000     -1.9236446E-15
  0.4793333     -1.9111380E-15
  0.4796667     -1.8987359E-15
  0.4800000     -1.8864372E-15
  0.4803333     -1.8742408E-15
  0.4806667     -1.8621456E-15
  0.4810000     -1.8501506E-15
  0.4813333     -1.8382548E-15
  0.4816667     -1.8264571E-15
  0.4820000     -1.8147569E-15
  0.4823333     -1.8031525E-15
  0.4826667     -1.7916437E-15
  0.4830000     -1.7802288E-15
  0.4833333     -1.7689075E-15
  0.4836667     -1.7576784E-15
  0.4840000     -1.7465409E-15
  0.4843333     -1.7354937E-15
  0.4846667     -1.7245362E-15
  0.4850000     -1.7136675E-15
  0.4853333     -1.7028866E-15
  0.4856667     -1.6921927E-15
  0.4860000     -1.6815848E-15
  0.4863333     -1.6710622E-15
  0.4866667     -1.6606240E-15
  0.4870000     -1.6502693E-15
  0.4873333     -1.6399973E-15
  0.4876667     -1.6298074E-15
  0.4880000     -1.6196985E-15
  0.4883333     -1.6096700E-15
  0.4886667     -1.5997210E-15
  0.4890000     -1.5898508E-15
  0.4893333     -1.5800585E-15
  0.4896667     -1.5703436E-15
  0.4900000     -1.5607051E-15
  0.4903333     -1.5511423E-15
  0.4906667     -1.5416546E-15
  0.4910000     -1.5322412E-15
  0.4913333     -1.5229014E-15
  0.4916667     -1.5136343E-15
  0.4920000     -1.5044396E-15
  0.4923333     -1.4953162E-15
  0.4926667     -1.4862636E-15
  0.4930000     -1.4772813E-15
  0.4933333     -1.4683682E-15
  0.4936667     -1.4595241E-15
  0.4940000     -1.4507481E-15
  0.4943333     -1.4420395E-15
  0.4946667     -1.4333978E-15
  0.4950000     -1.4248223E-15
  0.4953333     -1.4163125E-15
  0.4956667     -1.4078675E-15
  0.4960000     -1.3994870E-15
  0.4963333     -1.3911703E-15
  0.4966667     -1.3829167E-15
  0.4970000     -1.3747258E-15
  0.4973333     -1.3665967E-15
  0.4976667     -1.3585291E-15
  0.4980000     -1.3505225E-15
  0.4983333     -1.3425760E-15
  0.4986667     -1.3346894E-15
  0.4990000     -1.3268619E-15
  0.4993333     -1.3190930E-15
  0.4996667     -1.3113822E-15
  0.5000000     -1.3037291E-15
  0.5003333     -1.2961329E-15
  0.5006667     -1.2885932E-15
  0.5010000     -1.2811095E-15
  0.5013334     -1.2736813E-15
  0.5016667     -1.2663081E-15
  0.5020000     -1.2589894E-15
  0.5023333     -1.2517247E-15
  0.5026667     -1.2445135E-15
  0.5030000     -1.2373553E-15
  0.5033333     -1.2302496E-15
  0.5036666     -1.2231959E-15
  0.5040000     -1.2161939E-15
  0.5043333     -1.2092431E-15
  0.5046667     -1.2023428E-15
  0.5050000     -1.1954929E-15
  0.5053333     -1.1886927E-15
  0.5056667     -1.1819417E-15
  0.5060000     -1.1752398E-15
  0.5063334     -1.1685862E-15
  0.5066667     -1.1619807E-15
  0.5070000     -1.1554228E-15
  0.5073333     -1.1489120E-15
  0.5076666     -1.1424481E-15
  0.5080000     -1.1360304E-15
  0.5083333     -1.1296587E-15
  0.5086667     -1.1233327E-15
  0.5090000     -1.1170516E-15
  0.5093333     -1.1108978E-15
  0.5096667     -1.1047092E-15
  0.5100000     -1.0985649E-15
  0.5103334     -1.0924647E-15
  0.5106667     -1.0864083E-15
  0.5110000     -1.0803953E-15
  0.5113333     -1.0744257E-15
  0.5116667     -1.0684992E-15
  0.5120000     -1.0626159E-15
  0.5123333     -1.0567756E-15
  0.5126666     -1.0509787E-15
  0.5130000     -1.0452255E-15
  0.5133333     -1.0395174E-15
  0.5136667     -1.0338559E-15
  0.5140000     -1.0282448E-15
  0.5143333     -1.0226921E-15
  0.5146667     -1.0168141E-15
  0.5150000     -1.0112820E-15
  0.5153334     -1.0057881E-15
  0.5156667     -1.0003323E-15
  0.5160000     -9.9491399E-16
  0.5163333     -9.8953311E-16
  0.5166667     -9.8418918E-16
  0.5170000     -9.7860734E-16
  0.5173333     -9.7339544E-16
  0.5176666     -9.6819995E-16
  0.5180000     -9.6317758E-16
  0.5183333     -9.5801417E-16
  0.5186667     -9.5288591E-16
  0.5190000     -9.4779260E-16
  0.5193334     -9.4273380E-16
  0.5196667     -9.3770941E-16
  0.5200000     -9.3271912E-16
  0.5203333     -9.2776249E-16
  0.5206667     -9.2283933E-16
  0.5210000     -9.1794940E-16
  0.5213333     -9.1309241E-16
  0.5216666     -9.0826803E-16
  0.5220000     -9.0347605E-16
  0.5223333     -8.9871614E-16
  0.5226667     -8.9398811E-16
  0.5230000     -8.8929174E-16
  0.5233333     -8.8462665E-16
  0.5236667     -8.7999269E-16
  0.5240000     -8.7538949E-16
  0.5243334     -8.7081694E-16
  0.5246667     -8.6627468E-16
  0.5250000     -8.6176248E-16
  0.5253333     -8.5728014E-16
  0.5256667     -8.5282739E-16
  0.5260000     -8.4840403E-16
  0.5263333     -8.4400978E-16
  0.5266666     -8.3964438E-16
  0.5270000     -8.3530768E-16
  0.5273333     -8.3099935E-16
  0.5276667     -8.2671930E-16
  0.5280000     -8.2246714E-16
  0.5283333     -8.1824277E-16
  0.5286667     -8.1404594E-16
  0.5290000     -8.0987636E-16
  0.5293334     -8.0573395E-16
  0.5296667     -8.0161838E-16
  0.5300000     -7.9752948E-16
  0.5303333     -7.9346701E-16
  0.5306666     -7.8943079E-16
  0.5310000     -7.8542062E-16
  0.5313333     -7.8143628E-16
  0.5316667     -7.7747757E-16
  0.5320000     -7.7354426E-16
  0.5323333     -7.6963621E-16
  0.5326667     -7.6575315E-16
  0.5330000     -7.6189497E-16
  0.5333334     -7.5806140E-16
  0.5336667     -7.5425229E-16
  0.5340000     -7.5046743E-16
  0.5343333     -7.4670666E-16
  0.5346667     -7.4296971E-16
  0.5350000     -7.3925653E-16
  0.5353333     -7.3556685E-16
  0.5356666     -7.3190047E-16
  0.5360000     -7.2825722E-16
  0.5363333     -7.2463700E-16
  0.5366667     -7.2103955E-16
  0.5370000     -7.1746475E-16
  0.5373333     -7.1391235E-16
  0.5376667     -7.1038223E-16
  0.5380000     -7.0687425E-16
  0.5383334     -7.0338818E-16
  0.5386667     -6.9992392E-16
  0.5390000     -6.9648121E-16
  0.5393333     -6.9305999E-16
  0.5396667     -6.8966000E-16
  0.5400000     -6.8628113E-16
  0.5403333     -6.8292323E-16
  0.5406666     -6.7958613E-16
  0.5410000     -6.7626962E-16
  0.5413333     -6.7297366E-16
  0.5416667     -6.6969797E-16
  0.5420000     -6.6644251E-16
  0.5423333     -6.6320705E-16
  0.5426667     -6.5999145E-16
  0.5430000     -6.5679559E-16
  0.5433334     -6.5361933E-16
  0.5436667     -6.5046243E-16
  0.5440000     -6.4732492E-16
  0.5443333     -6.4420646E-16
  0.5446666     -6.4110706E-16
  0.5450000     -6.3802651E-16
  0.5453333     -6.3496464E-16
  0.5456667     -6.3192136E-16
  0.5460000     -6.2889655E-16
  0.5463333     -6.2589006E-16
  0.5466667     -6.2290168E-16
  0.5470000     -6.1993140E-16
  0.5473334     -6.1697901E-16
  0.5476667     -6.1404436E-16
  0.5480000     -6.1112739E-16
  0.5483333     -6.0822794E-16
  0.5486667     -6.0534586E-16
  0.5490000     -6.0248104E-16
  0.5493333     -5.9963336E-16
  0.5496666     -5.9680269E-16
  0.5500000     -5.9398890E-16
  0.5503333     -5.9119183E-16
  0.5506667     -5.8841145E-16
  0.5510000     -5.8564758E-16
  0.5513333     -5.8290012E-16
  0.5516667     -5.8016892E-16
  0.5520000     -5.7745386E-16
  0.5523334     -5.7475489E-16
  0.5526667     -5.7207186E-16
  0.5530000     -5.6940461E-16
  0.5533333     -5.6675313E-16
  0.5536667     -5.6411717E-16
  0.5540000     -5.6149671E-16
  0.5543333     -5.5889166E-16
  0.5546666     -5.5630181E-16
  0.5550000     -5.5372714E-16
  0.5553333     -5.5116752E-16
  0.5556667     -5.4862282E-16
  0.5560000     -5.4609294E-16
  0.5563334     -5.4357784E-16
  0.5566667     -5.4107729E-16
  0.5570000     -5.3859130E-16
  0.5573334     -5.3611971E-16
  0.5576667     -5.3366241E-16
  0.5580000     -5.3121936E-16
  0.5583333     -5.2879039E-16
  0.5586666     -5.2637544E-16
  0.5590000     -5.2397442E-16
  0.5593333     -5.2158722E-16
  0.5596667     -5.1921373E-16
  0.5600000     -5.1685384E-16
  0.5603333     -5.1450751E-16
  0.5606667     -5.1217462E-16
  0.5610000     -5.0985507E-16
  0.5613334     -5.0754876E-16
  0.5616667     -5.0525558E-16
  0.5620000     -5.0297547E-16
  0.5623333     -5.0070839E-16
  0.5626667     -4.9845411E-16
  0.5630000     -4.9621271E-16
  0.5633333     -4.9398395E-16
  0.5636666     -4.9176785E-16
  0.5640000     -4.8956424E-16
  0.5643333     -4.8737312E-16
  0.5646667     -4.8519434E-16
  0.5650000     -4.8302784E-16
  0.5653333     -4.8087352E-16
  0.5656667     -4.7873132E-16
  0.5660000     -4.7660114E-16
  0.5663334     -4.7448292E-16
  0.5666667     -4.7237656E-16
  0.5670000     -4.7028196E-16
  0.5673333     -4.6819910E-16
  0.5676666     -4.6612784E-16
  0.5680000     -4.6406812E-16
  0.5683333     -4.6201984E-16
  0.5686666     -4.5998299E-16
  0.5690000     -4.5795742E-16
  0.5693333     -4.5594312E-16
  0.5696667     -4.5393994E-16
  0.5700000     -4.5194788E-16
  0.5703334     -4.4996677E-16
  0.5706667     -4.4799668E-16
  0.5710000     -4.4603739E-16
  0.5713333     -4.4408889E-16
  0.5716667     -4.4215112E-16
  0.5720000     -4.4022401E-16
  0.5723333     -4.3830744E-16
  0.5726666     -4.3640141E-16
  0.5730000     -4.3450580E-16
  0.5733333     -4.3262054E-16
  0.5736667     -4.3074558E-16
  0.5740000     -4.2888087E-16
  0.5743333     -4.2702629E-16
  0.5746667     -4.2518182E-16
  0.5750000     -4.2334736E-16
  0.5753334     -4.2152288E-16
  0.5756667     -4.1970829E-16
  0.5760000     -4.1790350E-16
  0.5763333     -4.1610851E-16
  0.5766667     -4.1432320E-16
  0.5770000     -4.1254753E-16
  0.5773333     -4.1078144E-16
  0.5776666     -4.0902485E-16
  0.5780000     -4.0727771E-16
  0.5783333     -4.0553997E-16
  0.5786667     -4.0381152E-16
  0.5790000     -4.0209236E-16
  0.5793333     -4.0038242E-16
  0.5796667     -3.9868160E-16
  0.5800000     -3.9698986E-16
  0.5803334     -3.9530718E-16
  0.5806667     -3.9363344E-16
  0.5810000     -3.9196860E-16
  0.5813333     -3.9031265E-16
  0.5816666     -3.8866546E-16
  0.5820000     -3.8702701E-16
  0.5823333     -3.8539726E-16
  0.5826667     -3.8377612E-16
  0.5830000     -3.8216356E-16
  0.5833333     -3.8055952E-16
  0.5836667     -3.7896394E-16
  0.5840000     -3.7737676E-16
  0.5843334     -3.7579795E-16
  0.5846667     -3.7422741E-16
  0.5850000     -3.7266514E-16
  0.5853333     -3.7111105E-16
  0.5856667     -3.6956513E-16
  0.5860000     -3.6802727E-16
  0.5863333     -3.6649747E-16
  0.5866666     -3.6497564E-16
  0.5870000     -3.6346176E-16
  0.5873333     -3.6195576E-16
  0.5876667     -3.6045760E-16
  0.5880000     -3.5896724E-16
  0.5883333     -3.5748462E-16
  0.5886667     -3.5600967E-16
  0.5890000     -3.5454237E-16
  0.5893334     -3.5308267E-16
  0.5896667     -3.5163051E-16
  0.5900000     -3.5018584E-16
  0.5903333     -3.4874864E-16
  0.5906667     -3.4731885E-16
  0.5910000     -3.4589641E-16
  0.5913333     -3.4448129E-16
  0.5916666     -3.4307341E-16
  0.5920000     -3.4167279E-16
  0.5923333     -3.4027931E-16
  0.5926667     -3.3889299E-16
  0.5930000     -3.3751375E-16
  0.5933333     -3.3614156E-16
  0.5936667     -3.3477638E-16
  0.5940000     -3.3341813E-16
  0.5943334     -3.3206683E-16
  0.5946667     -3.3072237E-16
  0.5950000     -3.2938475E-16
  0.5953333     -3.2805393E-16
  0.5956666     -3.2672983E-16
  0.5960000     -3.2541246E-16
  0.5963333     -3.2410175E-16
  0.5966667     -3.2279767E-16
  0.5970000     -3.2150014E-16
  0.5973333     -3.2020919E-16
  0.5976667     -3.1892471E-16
  0.5980000     -3.1764670E-16
  0.5983334     -3.1637512E-16
  0.5986667     -3.1510994E-16
  0.5990000     -3.1385109E-16
  0.5993333     -3.1259854E-16
  0.5996667     -3.1135226E-16
  0.6000000     -3.1011221E-16
  0.6003333     -3.0887837E-16
  0.6006666     -3.0765065E-16
  0.6010000     -3.0642907E-16
  0.6013333     -3.0521358E-16
  0.6016667     -3.0400412E-16
  0.6020000     -3.0280067E-16
  0.6023333     -3.0160321E-16
  0.6026667     -3.0041167E-16
  0.6030000     -2.9922604E-16
  0.6033334     -2.9804625E-16
  0.6036667     -2.9687232E-16
  0.6040000     -2.9570415E-16
  0.6043333     -2.9454176E-16
  0.6046667     -2.9338511E-16
  0.6050000     -2.9223412E-16
  0.6053333     -2.9108883E-16
  0.6056666     -2.8994912E-16
  0.6060000     -2.8881502E-16
  0.6063333     -2.8768648E-16
  0.6066667     -2.8656348E-16
  0.6070000     -2.8544595E-16
  0.6073334     -2.8433387E-16
  0.6076667     -2.8322722E-16
  0.6080000     -2.8212600E-16
  0.6083333     -2.8103010E-16
  0.6086667     -2.7993957E-16
  0.6090000     -2.7885431E-16
  0.6093333     -2.7777434E-16
  0.6096666     -2.7669959E-16
  0.6100000     -2.7563005E-16
  0.6103333     -2.7456570E-16
  0.6106667     -2.7350649E-16
  0.6110000     -2.7245238E-16
  0.6113333     -2.7140339E-16
  0.6116667     -2.7035944E-16
  0.6120000     -2.6932050E-16
  0.6123334     -2.6828657E-16
  0.6126667     -2.6725764E-16
  0.6130000     -2.6623360E-16
  0.6133333     -2.6521449E-16
  0.6136667     -2.6420027E-16
  0.6140000     -2.6319090E-16
  0.6143333     -2.6218637E-16
  0.6146666     -2.6118663E-16
  0.6150000     -2.6019166E-16
  0.6153333     -2.5920143E-16
  0.6156667     -2.5821590E-16
  0.6160000     -2.5723509E-16
  0.6163333     -2.5625891E-16
  0.6166667     -2.5528739E-16
  0.6170000     -2.5432048E-16
  0.6173334     -2.5335814E-16
  0.6176667     -2.5240036E-16
  0.6180000     -2.5144710E-16
  0.6183333     -2.5049835E-16
  0.6186666     -2.4955406E-16
  0.6190000     -2.4861426E-16
  0.6193333     -2.4767887E-16
  0.6196667     -2.4674787E-16
  0.6200000     -2.4582127E-16
  0.6203333     -2.4489901E-16
  0.6206667     -2.4398106E-16
  0.6210000     -2.4306743E-16
  0.6213334     -2.4215809E-16
  0.6216667     -2.4125298E-16
  0.6220000     -2.4035211E-16
  0.6223333     -2.3945547E-16
  0.6226667     -2.3856299E-16
  0.6230000     -2.3767467E-16
  0.6233333     -2.3679047E-16
  0.6236666     -2.3591040E-16
  0.6240000     -2.3503441E-16
  0.6243333     -2.3416250E-16
  0.6246667     -2.3329463E-16
  0.6250000     -2.3243076E-16
  0.6253333     -2.3157092E-16
  0.6256667     -2.3071505E-16
  0.6260000     -2.2986312E-16
  0.6263334     -2.2901513E-16
  0.6266667     -2.2817104E-16
  0.6270000     -2.2733083E-16
  0.6273333     -2.2649449E-16
  0.6276667     -2.2566202E-16
  0.6280000     -2.2483336E-16
  0.6283333     -2.2400850E-16
  0.6286666     -2.2318741E-16
  0.6290000     -2.2237010E-16
  0.6293333     -2.2155652E-16
  0.6296667     -2.2074666E-16
  0.6300000     -2.1994050E-16
  0.6303333     -2.1913801E-16
  0.6306667     -2.1833918E-16
  0.6310000     -2.1754399E-16
  0.6313334     -2.1675241E-16
  0.6316667     -2.1596443E-16
  0.6320000     -2.1518004E-16
  0.6323333     -2.1439919E-16
  0.6326666     -2.1362189E-16
  0.6330000     -2.1284812E-16
  0.6333333     -2.1207783E-16
  0.6336667     -2.1131103E-16
  0.6340000     -2.1054769E-16
  0.6343333     -2.0978780E-16
  0.6346667     -2.0903132E-16
  0.6350000     -2.0827825E-16
  0.6353334     -2.0752858E-16
  0.6356667     -2.0678226E-16
  0.6360000     -2.0603931E-16
  0.6363333     -2.0529968E-16
  0.6366667     -2.0456337E-16
  0.6370000     -2.0383035E-16
  0.6373333     -2.0310061E-16
  0.6376666     -2.0237413E-16
  0.6380000     -2.0165090E-16
  0.6383333     -2.0093089E-16
  0.6386667     -2.0021409E-16
  0.6390000     -1.9950049E-16
  0.6393333     -1.9879006E-16
  0.6396667     -1.9808277E-16
  0.6400000     -1.9737863E-16
  0.6403334     -1.9667762E-16
  0.6406667     -1.9597972E-16
  0.6410000     -1.9528490E-16
  0.6413333     -1.9459315E-16
  0.6416667     -1.9390446E-16
  0.6420000     -1.9321882E-16
  0.6423333     -1.9253620E-16
  0.6426666     -1.9185659E-16
  0.6430000     -1.9117997E-16
  0.6433333     -1.9050633E-16
  0.6436667     -1.8983563E-16
  0.6440000     -1.8916789E-16
  0.6443334     -1.8850309E-16
  0.6446667     -1.8784119E-16
  0.6450000     -1.8718220E-16
  0.6453333     -1.8652609E-16
  0.6456667     -1.8587284E-16
  0.6460000     -1.8522244E-16
  0.6463333     -1.8457490E-16
  0.6466666     -1.8393016E-16
  0.6470000     -1.8328824E-16
  0.6473333     -1.8264910E-16
  0.6476667     -1.8201276E-16
  0.6480000     -1.8137918E-16
  0.6483333     -1.8074833E-16
  0.6486667     -1.8012023E-16
  0.6490000     -1.7949484E-16
  0.6493334     -1.7887217E-16
  0.6496667     -1.7825219E-16
  0.6500000     -1.7763489E-16
  0.6503333     -1.7702025E-16
  0.6506667     -1.7640826E-16
  0.6510000     -1.7579891E-16
  0.6513333     -1.7519218E-16
  0.6516666     -1.7458806E-16
  0.6520000     -1.7398654E-16
  0.6523333     -1.7338760E-16
  0.6526667     -1.7279123E-16
  0.6530000     -1.7219742E-16
  0.6533333     -1.7160615E-16
  0.6536667     -1.7101741E-16
  0.6540000     -1.7043118E-16
  0.6543334     -1.6984746E-16
  0.6546667     -1.6926623E-16
  0.6550000     -1.6868748E-16
  0.6553333     -1.6811120E-16
  0.6556666     -1.6753736E-16
  0.6560000     -1.6696596E-16
  0.6563333     -1.6639700E-16
  0.6566667     -1.6583044E-16
  0.6570000     -1.6526629E-16
  0.6573333     -1.6470454E-16
  0.6576667     -1.6414515E-16
  0.6580000     -1.6358815E-16
  0.6583334     -1.6303349E-16
  0.6586667     -1.6248117E-16
  0.6590000     -1.6193118E-16
  0.6593333     -1.6138351E-16
  0.6596667     -1.6083815E-16
  0.6600000     -1.6029508E-16
  0.6603333     -1.5975429E-16
  0.6606666     -1.5921578E-16
  0.6610000     -1.5867953E-16
  0.6613333     -1.5814552E-16
  0.6616667     -1.5761376E-16
  0.6620000     -1.5708422E-16
  0.6623333     -1.5655689E-16
  0.6626667     -1.5603177E-16
  0.6630000     -1.5550883E-16
  0.6633334     -1.5498809E-16
  0.6636667     -1.5446951E-16
  0.6640000     -1.5395310E-16
  0.6643333     -1.5343883E-16
  0.6646667     -1.5292669E-16
  0.6650000     -1.5241668E-16
  0.6653333     -1.5190881E-16
  0.6656666     -1.5140302E-16
  0.6660000     -1.5089933E-16
  0.6663333     -1.5039774E-16
  0.6666667     -1.4989822E-16
  0.6670000     -1.4940076E-16
  0.6673333     -1.4890535E-16
  0.6676667     -1.4841198E-16
  0.6680000     -1.4792066E-16
  0.6683334     -1.4743135E-16
  0.6686667     -1.4694406E-16
  0.6690000     -1.4645877E-16
  0.6693333     -1.4597547E-16
  0.6696666     -1.4549417E-16
  0.6700000     -1.4501483E-16
  0.6703333     -1.4453746E-16
  0.6706667     -1.4406205E-16
  0.6710000     -1.4358858E-16
  0.6713333     -1.4311704E-16
  0.6716667     -1.4264743E-16
  0.6720000     -1.4217973E-16
  0.6723334     -1.4171396E-16
  0.6726667     -1.4125006E-16
  0.6730000     -1.4078807E-16
  0.6733333     -1.4032795E-16
  0.6736667     -1.3986969E-16
  0.6740000     -1.3941331E-16
  0.6743333     -1.3895877E-16
  0.6746666     -1.3850607E-16
  0.6750000     -1.3805521E-16
  0.6753333     -1.3760618E-16
  0.6756667     -1.3715896E-16
  0.6760000     -1.3671354E-16
  0.6763333     -1.3626992E-16
  0.6766667     -1.3582810E-16
  0.6770000     -1.3538805E-16
  0.6773334     -1.3494978E-16
  0.6776667     -1.3451327E-16
  0.6780000     -1.3407851E-16
  0.6783333     -1.3364551E-16
  0.6786667     -1.3321423E-16
  0.6790000     -1.3278470E-16
  0.6793333     -1.3235688E-16
  0.6796666     -1.3193078E-16
  0.6800000     -1.3150638E-16
  0.6803333     -1.3108367E-16
  0.6806667     -1.3066265E-16
  0.6810000     -1.3024332E-16
  0.6813334     -1.2982567E-16
  0.6816667     -1.2940967E-16
  0.6820000     -1.2899532E-16
  0.6823334     -1.2858263E-16
  0.6826667     -1.2817157E-16
  0.6830000     -1.2776215E-16
  0.6833333     -1.2735436E-16
  0.6836666     -1.2694818E-16
  0.6840000     -1.2654361E-16
  0.6843333     -1.2614064E-16
  0.6846667     -1.2573927E-16
  0.6850000     -1.2533949E-16
  0.6853333     -1.2494128E-16
  0.6856667     -1.2454464E-16
  0.6860000     -1.2414957E-16
  0.6863334     -1.2375605E-16
  0.6866667     -1.2336409E-16
  0.6870000     -1.2297366E-16
  0.6873333     -1.2258477E-16
  0.6876667     -1.2219741E-16
  0.6880000     -1.2181157E-16
  0.6883333     -1.2142723E-16
  0.6886666     -1.2104441E-16
  0.6890000     -1.2066309E-16
  0.6893333     -1.2028326E-16
  0.6896667     -1.1990490E-16
  0.6900000     -1.1952804E-16
  0.6903333     -1.1915263E-16
  0.6906667     -1.1877870E-16
  0.6910000     -1.1840622E-16
  0.6913334     -1.1803519E-16
  0.6916667     -1.1766561E-16
  0.6920000     -1.1729745E-16
  0.6923333     -1.1693073E-16
  0.6926666     -1.1656544E-16
  0.6930000     -1.1620156E-16
  0.6933333     -1.1583909E-16
  0.6936666     -1.1547803E-16
  0.6940000     -1.1511836E-16
  0.6943333     -1.1476007E-16
  0.6946667     -1.1440318E-16
  0.6950000     -1.1404767E-16
  0.6953334     -1.1369351E-16
  0.6956667     -1.1334074E-16
  0.6960000     -1.1298931E-16
  0.6963333     -1.1263925E-16
  0.6966667     -1.1229052E-16
  0.6970000     -1.1194313E-16
  0.6973333     -1.1159708E-16
  0.6976666     -1.1125236E-16
  0.6980000     -1.1090896E-16
  0.6983333     -1.1056687E-16
  0.6986667     -1.1022609E-16
  0.6990000     -1.0988662E-16
  0.6993333     -1.0954844E-16
  0.6996667     -1.0921155E-16
  0.7000000     -1.0887595E-16
  0.7003334     -1.0854163E-16
  0.7006667     -1.0820858E-16
  0.7010000     -1.0787680E-16
  0.7013333     -1.0754628E-16
  0.7016667     -1.0721701E-16
  0.7020000     -1.0688900E-16
  0.7023333     -1.0656224E-16
  0.7026666     -1.0623671E-16
  0.7030000     -1.0591241E-16
  0.7033333     -1.0558934E-16
  0.7036667     -1.0526749E-16
  0.7040000     -1.0494687E-16
  0.7043333     -1.0462745E-16
  0.7046667     -1.0430924E-16
  0.7050000     -1.0399223E-16
  0.7053334     -1.0367641E-16
  0.7056667     -1.0336178E-16
  0.7060000     -1.0304833E-16
  0.7063333     -1.0273607E-16
  0.7066666     -1.0242498E-16
  0.7070000     -1.0211505E-16
  0.7073333     -1.0180629E-16
  0.7076667     -1.0149869E-16
  0.7080000     -1.0119223E-16
  0.7083333     -1.0088693E-16
  0.7086667     -1.0058277E-16
  0.7090000     -1.0027974E-16
  0.7093334     -9.9977846E-17
  0.7096667     -9.9677077E-17
  0.7100000     -9.9377426E-17
  0.7103333     -9.9078900E-17
  0.7106667     -9.8781479E-17
  0.7110000     -9.8485169E-17
  0.7113333     -9.8189958E-17
  0.7116666     -9.7895846E-17
  0.7120000     -9.7602819E-17
  0.7123333     -9.7310884E-17
  0.7126667     -9.7020034E-17
  0.7130000     -9.6730256E-17
  0.7133333     -9.6441557E-17
  0.7136667     -9.6153923E-17
  0.7140000     -9.5867348E-17
  0.7143334     -9.5581832E-17
  0.7146667     -9.5297374E-17
  0.7150000     -9.5013962E-17
  0.7153333     -9.4731596E-17
  0.7156667     -9.4450268E-17
  0.7160000     -9.4169973E-17
  0.7163333     -9.3890717E-17
  0.7166666     -9.3612480E-17
  0.7170000     -9.3335262E-17
  0.7173333     -9.3059070E-17
  0.7176667     -9.2783883E-17
  0.7180000     -9.2509703E-17
  0.7183333     -9.2236534E-17
  0.7186667     -9.1964359E-17
  0.7190000     -9.1693176E-17
  0.7193334     -9.1422992E-17
  0.7196667     -9.1153788E-17
  0.7200000     -9.0885563E-17
  0.7203333     -9.0618324E-17
  0.7206666     -9.0352052E-17
  0.7210000     -9.0086752E-17
  0.7213333     -8.9822411E-17
  0.7216667     -8.9559037E-17
  0.7220000     -8.9296615E-17
  0.7223333     -8.9035154E-17
  0.7226667     -8.8774631E-17
  0.7230000     -8.8515055E-17
  0.7233334     -8.8256419E-17
  0.7236667     -8.7998716E-17
  0.7240000     -8.7741953E-17
  0.7243333     -8.7486109E-17
  0.7246667     -8.7231192E-17
  0.7250000     -8.6977194E-17
  0.7253333     -8.6724110E-17
  0.7256666     -8.6471939E-17
  0.7260000     -8.6220681E-17
  0.7263333     -8.5970317E-17
  0.7266667     -8.5720859E-17
  0.7270000     -8.5472301E-17
  0.7273333     -8.5224630E-17
  0.7276667     -8.4977846E-17
  0.7280000     -8.4731948E-17
  0.7283334     -8.4486931E-17
  0.7286667     -8.4242787E-17
  0.7290000     -8.3999523E-17
  0.7293333     -8.3757126E-17
  0.7296667     -8.3515596E-17
  0.7300000     -8.3274919E-17
  0.7303333     -8.3035110E-17
  0.7306666     -8.2796154E-17
  0.7310000     -8.2558045E-17
  0.7313333     -8.2320790E-17
  0.7316667     -8.2084375E-17
  0.7320000     -8.1848800E-17
  0.7323334     -8.1614060E-17
  0.7326667     -8.1380153E-17
  0.7330000     -8.1147080E-17
  0.7333333     -8.0914827E-17
  0.7336667     -8.0683402E-17
  0.7340000     -8.0452791E-17
  0.7343333     -8.0223000E-17
  0.7346666     -7.9994017E-17
  0.7350000     -7.9765847E-17
  0.7353333     -7.9538478E-17
  0.7356667     -7.9311910E-17
  0.7360000     -7.9086143E-17
  0.7363333     -7.8861170E-17
  0.7366667     -7.8636990E-17
  0.7370000     -7.8413599E-17
  0.7373334     -7.8190988E-17
  0.7376667     -7.7969164E-17
  0.7380000     -7.7748115E-17
  0.7383333     -7.7527840E-17
  0.7386667     -7.7308340E-17
  0.7390000     -7.7089607E-17
  0.7393333     -7.6871641E-17
  0.7396666     -7.6654437E-17
  0.7400000     -7.6437994E-17
  0.7403333     -7.6222305E-17
  0.7406667     -7.6007363E-17
  0.7410000     -7.5793176E-17
  0.7413333     -7.5579737E-17
  0.7416667     -7.5367033E-17
  0.7420000     -7.5155076E-17
  0.7423334     -7.4943854E-17
  0.7426667     -7.4733366E-17
  0.7430000     -7.4523613E-17
  0.7433333     -7.4314581E-17
  0.7436666     -7.4106277E-17
  0.7440000     -7.3898701E-17
  0.7443333     -7.3691833E-17
  0.7446667     -7.3485687E-17
  0.7450000     -7.3280255E-17
  0.7453333     -7.3075531E-17
  0.7456667     -7.2871515E-17
  0.7460000     -7.2668201E-17
  0.7463334     -7.2465588E-17
  0.7466667     -7.2263676E-17
  0.7470000     -7.2062453E-17
  0.7473333     -7.1861931E-17
  0.7476667     -7.1662091E-17
  0.7480000     -7.1462946E-17
  0.7483333     -7.1264475E-17
  0.7486666     -7.1066693E-17
  0.7490000     -7.0869586E-17
  0.7493333     -7.0673160E-17
  0.7496667     -7.0477403E-17
  0.7500000     -7.0282314E-17
  0.7503333     -7.0087893E-17
  0.7506667     -6.9894135E-17
  0.7510000     -6.9701044E-17
  0.7513334     -6.9508609E-17
  0.7516667     -6.9316829E-17
  0.7520000     -6.9125704E-17
  0.7523333     -6.8935234E-17
  0.7526667     -6.8745406E-17
  0.7530000     -6.8556233E-17
  0.7533333     -6.8367695E-17
  0.7536666     -6.8179800E-17
  0.7540000     -6.7992539E-17
  0.7543333     -6.7805920E-17
  0.7546667     -6.7619931E-17
  0.7550000     -6.7434569E-17
  0.7553333     -6.7249843E-17
  0.7556667     -6.7065733E-17
  0.7560000     -6.6882251E-17
  0.7563334     -6.6699384E-17
  0.7566667     -6.6517140E-17
  0.7570000     -6.6335511E-17
  0.7573333     -6.6154491E-17
  0.7576666     -6.5974086E-17
  0.7580000     -6.5794283E-17
  0.7583333     -6.5615090E-17
  0.7586667     -6.5436498E-17
  0.7590000     -6.5258502E-17
  0.7593333     -6.5081108E-17
  0.7596667     -6.4904310E-17
  0.7600000     -6.4728101E-17
  0.7603334     -6.4552487E-17
  0.7606667     -6.4377462E-17
  0.7610000     -6.4203020E-17
  0.7613333     -6.4029166E-17
  0.7616667     -6.3855888E-17
  0.7620000     -6.3683193E-17
  0.7623333     -6.3511073E-17
  0.7626666     -6.3339522E-17
  0.7630000     -6.3168554E-17
  0.7633333     -6.2998148E-17
  0.7636667     -6.2828312E-17
  0.7640000     -6.2659037E-17
  0.7643333     -6.2490332E-17
  0.7646667     -6.2322183E-17
  0.7650000     -6.2154596E-17
  0.7653334     -6.1987565E-17
  0.7656667     -6.1821083E-17
  0.7660000     -6.1655158E-17
  0.7663333     -6.1489781E-17
  0.7666667     -6.1324954E-17
  0.7670000     -6.1160669E-17
  0.7673333     -6.0996927E-17
  0.7676666     -6.0833728E-17
  0.7680000     -6.0671064E-17
  0.7683333     -6.0508943E-17
  0.7686667     -6.0347352E-17
  0.7690000     -6.0186297E-17
  0.7693334     -6.0025771E-17
  0.7696667     -5.9865774E-17
  0.7700000     -5.9706300E-17
  0.7703333     -5.9547349E-17
  0.7706667     -5.9388928E-17
  0.7710000     -5.9231022E-17
  0.7713333     -5.9073633E-17
  0.7716666     -5.8916766E-17
  0.7720000     -5.8760409E-17
  0.7723333     -5.8604562E-17
  0.7726667     -5.8449224E-17
  0.7730000     -5.8294402E-17
  0.7733333     -5.8140077E-17
  0.7736667     -5.7986261E-17
  0.7740000     -5.7832948E-17
  0.7743334     -5.7680131E-17
  0.7746667     -5.7527818E-17
  0.7750000     -5.7375994E-17
  0.7753333     -5.7224666E-17
  0.7756667     -5.7073834E-17
  0.7760000     -5.6923493E-17
  0.7763333     -5.6773634E-17
  0.7766666     -5.6624265E-17
  0.7770000     -5.6475386E-17
  0.7773333     -5.6326983E-17
  0.7776667     -5.6179063E-17
  0.7780000     -5.6031620E-17
  0.7783333     -5.5884660E-17
  0.7786667     -5.5738169E-17
  0.7790000     -5.5592155E-17
  0.7793334     -5.5446615E-17
  0.7796667     -5.5301540E-17
  0.7800000     -5.5156936E-17
  0.7803333     -5.5012798E-17
  0.7806666     -5.4869123E-17
  0.7810000     -5.4725912E-17
  0.7813333     -5.4583164E-17
  0.7816667     -5.4440872E-17
  0.7820000     -5.4299037E-17
  0.7823333     -5.4157659E-17
  0.7826667     -5.4016737E-17
  0.7830000     -5.3876265E-17
  0.7833334     -5.3736243E-17
  0.7836667     -5.3596668E-17
  0.7840000     -5.3457543E-17
  0.7843333     -5.3318865E-17
  0.7846667     -5.3180626E-17
  0.7850000     -5.3042831E-17
  0.7853333     -5.2905476E-17
  0.7856666     -5.2768558E-17
  0.7860000     -5.2632080E-17
  0.7863333     -5.2496035E-17
  0.7866667     -5.2360424E-17
  0.7870000     -5.2225246E-17
  0.7873333     -5.2090495E-17
  0.7876667     -5.1956174E-17
  0.7880000     -5.1822283E-17
  0.7883334     -5.1688812E-17
  0.7886667     -5.1555769E-17
  0.7890000     -5.1423145E-17
  0.7893333     -5.1290945E-17
  0.7896667     -5.1159162E-17
  0.7900000     -5.1027796E-17
  0.7903333     -5.0896847E-17
  0.7906666     -5.0766311E-17
  0.7910000     -5.0636185E-17
  0.7913333     -5.0506474E-17
  0.7916667     -5.0377172E-17
  0.7920000     -5.0248277E-17
  0.7923333     -5.0119787E-17
  0.7926667     -4.9991703E-17
  0.7930000     -4.9864022E-17
  0.7933334     -4.9736746E-17
  0.7936667     -4.9609866E-17
  0.7940000     -4.9483387E-17
  0.7943333     -4.9357305E-17
  0.7946666     -4.9231620E-17
  0.7950000     -4.9106328E-17
  0.7953333     -4.8981430E-17
  0.7956667     -4.8856920E-17
  0.7960000     -4.8732803E-17
  0.7963333     -4.8609073E-17
  0.7966667     -4.8485731E-17
  0.7970000     -4.8362775E-17
  0.7973334     -4.8240204E-17
  0.7976667     -4.8118013E-17
  0.7980000     -4.7996205E-17
  0.7983333     -4.7874775E-17
  0.7986667     -4.7753726E-17
  0.7990000     -4.7633053E-17
  0.7993333     -4.7512755E-17
  0.7996666     -4.7392830E-17
  0.8000000     -4.7273283E-17
  0.8003333     -4.7154102E-17
  0.8006667     -4.7035293E-17
  0.8010000     -4.6916854E-17
  0.8013333     -4.6798779E-17
  0.8016667     -4.6681071E-17
  0.8020000     -4.6563730E-17
  0.8023334     -4.6446751E-17
  0.8026667     -4.6330135E-17
  0.8030000     -4.6213876E-17
  0.8033333     -4.6097978E-17
  0.8036667     -4.5982441E-17
  0.8040000     -4.5867258E-17
  0.8043333     -4.5752428E-17
  0.8046666     -4.5637957E-17
  0.8050000     -4.5523835E-17
  0.8053333     -4.5410065E-17
  0.8056667     -4.5296645E-17
  0.8060000     -4.5183576E-17
  0.8063334     -4.5070851E-17
  0.8066667     -4.4958474E-17
  0.8070000     -4.4846444E-17
  0.8073334     -4.4734755E-17
  0.8076667     -4.4623410E-17
  0.8080000     -4.4512405E-17
  0.8083333     -4.4401742E-17
  0.8086666     -4.4291416E-17
  0.8090000     -4.4181427E-17
  0.8093333     -4.4071773E-17
  0.8096667     -4.3962456E-17
  0.8100000     -4.3853473E-17
  0.8103333     -4.3744821E-17
  0.8106667     -4.3636504E-17
  0.8110000     -4.3528514E-17
  0.8113334     -4.3420854E-17
  0.8116667     -4.3313519E-17
  0.8120000     -4.3206515E-17
  0.8123333     -4.3099836E-17
  0.8126667     -4.2993477E-17
  0.8130000     -4.2887445E-17
  0.8133333     -4.2781732E-17
  0.8136666     -4.2676342E-17
  0.8140000     -4.2571270E-17
  0.8143333     -4.2466516E-17
  0.8146667     -4.2362083E-17
  0.8150000     -4.2257961E-17
  0.8153333     -4.2154156E-17
  0.8156667     -4.2050666E-17
  0.8160000     -4.1947490E-17
  0.8163334     -4.1844622E-17
  0.8166667     -4.1742065E-17
  0.8170000     -4.1639819E-17
  0.8173333     -4.1537880E-17
  0.8176666     -4.1436246E-17
  0.8180000     -4.1334923E-17
  0.8183333     -4.1233901E-17
  0.8186666     -4.1133184E-17
  0.8190000     -4.1032771E-17
  0.8193333     -4.0932655E-17
  0.8196667     -4.0832844E-17
  0.8200000     -4.0733331E-17
  0.8203334     -4.0634116E-17
  0.8206667     -4.0535198E-17
  0.8210000     -4.0436579E-17
  0.8213333     -4.0338253E-17
  0.8216667     -4.0240219E-17
  0.8220000     -4.0142483E-17
  0.8223333     -4.0045034E-17
  0.8226666     -3.9947880E-17
  0.8230000     -3.9851014E-17
  0.8233333     -3.9754436E-17
  0.8236667     -3.9658149E-17
  0.8240000     -3.9562146E-17
  0.8243333     -3.9466431E-17
  0.8246667     -3.9370998E-17
  0.8250000     -3.9275852E-17
  0.8253334     -3.9180988E-17
  0.8256667     -3.9086405E-17
  0.8260000     -3.8992103E-17
  0.8263333     -3.8898079E-17
  0.8266667     -3.8804336E-17
  0.8270000     -3.8710871E-17
  0.8273333     -3.8617681E-17
  0.8276666     -3.8524769E-17
  0.8280000     -3.8432131E-17
  0.8283333     -3.8339765E-17
  0.8286667     -3.8247677E-17
  0.8290000     -3.8155856E-17
  0.8293333     -3.8064307E-17
  0.8296667     -3.7973030E-17
  0.8300000     -3.7882023E-17
  0.8303334     -3.7791282E-17
  0.8306667     -3.7700808E-17
  0.8310000     -3.7610602E-17
  0.8313333     -3.7520661E-17
  0.8316666     -3.7430982E-17
  0.8320000     -3.7341570E-17
  0.8323333     -3.7252416E-17
  0.8326667     -3.7163528E-17
  0.8330000     -3.7074900E-17
  0.8333333     -3.6986531E-17
  0.8336667     -3.6898423E-17
  0.8340000     -3.6810570E-17
  0.8343334     -3.6722974E-17
  0.8346667     -3.6635637E-17
  0.8350000     -3.6548555E-17
  0.8353333     -3.6461724E-17
  0.8356667     -3.6375148E-17
  0.8360000     -3.6288827E-17
  0.8363333     -3.6202757E-17
  0.8366666     -3.6116939E-17
  0.8370000     -3.6031369E-17
  0.8373333     -3.5946047E-17
  0.8376667     -3.5860976E-17
  0.8380000     -3.5776150E-17
  0.8383333     -3.5691573E-17
  0.8386667     -3.5607240E-17
  0.8390000     -3.5523152E-17
  0.8393334     -3.5439309E-17
  0.8396667     -3.5355711E-17
  0.8400000     -3.5272351E-17
  0.8403333     -3.5189236E-17
  0.8406667     -3.5106362E-17
  0.8410000     -3.5023724E-17
  0.8413333     -3.4941330E-17
  0.8416666     -3.4859171E-17
  0.8420000     -3.4777250E-17
  0.8423333     -3.4695565E-17
  0.8426667     -3.4614117E-17
  0.8430000     -3.4532901E-17
  0.8433333     -3.4451924E-17
  0.8436667     -3.4371178E-17
  0.8440000     -3.4290663E-17
  0.8443334     -3.4210403E-17
  0.8446667     -3.4130342E-17
  0.8450000     -3.4050516E-17
  0.8453333     -3.3970918E-17
  0.8456666     -3.3891555E-17
  0.8460000     -3.3812420E-17
  0.8463333     -3.3733517E-17
  0.8466667     -3.3654842E-17
  0.8470000     -3.3576396E-17
  0.8473333     -3.3498141E-17
  0.8476667     -3.3420132E-17
  0.8480000     -3.3342347E-17
  0.8483334     -3.3264787E-17
  0.8486667     -3.3187446E-17
  0.8490000     -3.3110326E-17
  0.8493333     -3.3033425E-17
  0.8496667     -3.2956745E-17
  0.8500000     -3.2880284E-17
  0.8503333     -3.2804041E-17
  0.8506666     -3.2728013E-17
  0.8510000     -3.2652204E-17
  0.8513333     -3.2576609E-17
  0.8516667     -3.2501230E-17
  0.8520000     -3.2426066E-17
  0.8523333     -3.2351113E-17
  0.8526667     -3.2276372E-17
  0.8530000     -3.2201847E-17
  0.8533334     -3.2127530E-17
  0.8536667     -3.2053424E-17
  0.8540000     -3.1979530E-17
  0.8543333     -3.1905845E-17
  0.8546667     -3.1832368E-17
  0.8550000     -3.1759097E-17
  0.8553333     -3.1686037E-17
  0.8556666     -3.1613179E-17
  0.8560000     -3.1540529E-17
  0.8563333     -3.1468085E-17
  0.8566667     -3.1395842E-17
  0.8570000     -3.1323804E-17
  0.8573334     -3.1251972E-17
  0.8576667     -3.1180338E-17
  0.8580000     -3.1108910E-17
  0.8583333     -3.1037679E-17
  0.8586667     -3.0966648E-17
  0.8590000     -3.0895818E-17
  0.8593333     -3.0825187E-17
  0.8596666     -3.0754754E-17
  0.8600000     -3.0684520E-17
  0.8603333     -3.0614484E-17
  0.8606667     -3.0544640E-17
  0.8610000     -3.0474995E-17
  0.8613333     -3.0405541E-17
  0.8616667     -3.0336286E-17
  0.8620000     -3.0267224E-17
  0.8623334     -3.0198352E-17
  0.8626667     -3.0129673E-17
  0.8630000     -3.0061186E-17
  0.8633333     -2.9992891E-17
  0.8636667     -2.9924787E-17
  0.8640000     -2.9856872E-17
  0.8643333     -2.9789146E-17
  0.8646666     -2.9721609E-17
  0.8650000     -2.9654260E-17
  0.8653333     -2.9587099E-17
  0.8656667     -2.9520124E-17
  0.8660000     -2.9453334E-17
  0.8663333     -2.9386729E-17
  0.8666667     -2.9320310E-17
  0.8670000     -2.9254076E-17
  0.8673334     -2.9188027E-17
  0.8676667     -2.9122157E-17
  0.8680000     -2.9056473E-17
  0.8683333     -2.8990970E-17
  0.8686666     -2.8925646E-17
  0.8690000     -2.8860504E-17
  0.8693333     -2.8795543E-17
  0.8696667     -2.8730759E-17
  0.8700000     -2.8666156E-17
  0.8703333     -2.8601732E-17
  0.8706667     -2.8537483E-17
  0.8710000     -2.8473413E-17
  0.8713334     -2.8409518E-17
  0.8716667     -2.8345802E-17
  0.8720000     -2.8282258E-17
  0.8723333     -2.8218889E-17
  0.8726667     -2.8155696E-17
  0.8730000     -2.8092675E-17
  0.8733333     -2.8029829E-17
  0.8736666     -2.7967155E-17
  0.8740000     -2.7904653E-17
  0.8743333     -2.7842320E-17
  0.8746667     -2.7780159E-17
  0.8750000     -2.7718171E-17
  0.8753333     -2.7656350E-17
  0.8756667     -2.7594699E-17
  0.8760000     -2.7533216E-17
  0.8763334     -2.7471901E-17
  0.8766667     -2.7410754E-17
  0.8770000     -2.7349774E-17
  0.8773333     -2.7288960E-17
  0.8776667     -2.7228311E-17
  0.8780000     -2.7167829E-17
  0.8783333     -2.7107511E-17
  0.8786666     -2.7047357E-17
  0.8790000     -2.6987368E-17
  0.8793333     -2.6927541E-17
  0.8796667     -2.6867877E-17
  0.8800000     -2.6808376E-17
  0.8803333     -2.6749036E-17
  0.8806667     -2.6689856E-17
  0.8810000     -2.6630838E-17
  0.8813334     -2.6571979E-17
  0.8816667     -2.6513281E-17
  0.8820000     -2.6454740E-17
  0.8823333     -2.6396359E-17
  0.8826666     -2.6338135E-17
  0.8830000     -2.6280071E-17
  0.8833333     -2.6222161E-17
  0.8836667     -2.6164409E-17
  0.8840000     -2.6106813E-17
  0.8843333     -2.6049372E-17
  0.8846667     -2.5992086E-17
  0.8850000     -2.5934954E-17
  0.8853334     -2.5877977E-17
  0.8856667     -2.5821153E-17
  0.8860000     -2.5764481E-17
  0.8863333     -2.5707963E-17
  0.8866667     -2.5651597E-17
  0.8870000     -2.5595382E-17
  0.8873333     -2.5539317E-17
  0.8876666     -2.5483405E-17
  0.8880000     -2.5427641E-17
  0.8883333     -2.5372028E-17
  0.8886667     -2.5316564E-17
  0.8890000     -2.5261247E-17
  0.8893333     -2.5206079E-17
  0.8896667     -2.5151060E-17
  0.8900000     -2.5096187E-17
  0.8903334     -2.5041462E-17
  0.8906667     -2.4986881E-17
  0.8910000     -2.4932448E-17
  0.8913333     -2.4878160E-17
  0.8916667     -2.4824016E-17
  0.8920000     -2.4770018E-17
  0.8923333     -2.4716162E-17
  0.8926666     -2.4662451E-17
  0.8930000     -2.4608881E-17
  0.8933333     -2.4555457E-17
  0.8936667     -2.4502173E-17
  0.8940000     -2.4449030E-17
  0.8943334     -2.4396030E-17
  0.8946667     -2.4343171E-17
  0.8950000     -2.4290452E-17
  0.8953333     -2.4237871E-17
  0.8956667     -2.4185431E-17
  0.8960000     -2.4133130E-17
  0.8963333     -2.4080968E-17
  0.8966666     -2.4028943E-17
  0.8970000     -2.3977058E-17
  0.8973333     -2.3925309E-17
  0.8976667     -2.3873696E-17
  0.8980000     -2.3822221E-17
  0.8983333     -2.3770881E-17
  0.8986667     -2.3719677E-17
  0.8990000     -2.3668607E-17
  0.8993334     -2.3617674E-17
  0.8996667     -2.3566874E-17
  0.9000000     -2.3516207E-17
  0.9003333     -2.3465675E-17
  0.9006667     -2.3415276E-17
  0.9010000     -2.3365008E-17
  0.9013333     -2.3314875E-17
  0.9016666     -2.3264872E-17
  0.9020000     -2.3215001E-17
  0.9023333     -2.3165259E-17
  0.9026667     -2.3115650E-17
  0.9030000     -2.3066171E-17
  0.9033333     -2.3016820E-17
  0.9036667     -2.2967599E-17
  0.9040000     -2.2918508E-17
  0.9043334     -2.2869545E-17
  0.9046667     -2.2820710E-17
  0.9050000     -2.2772004E-17
  0.9053333     -2.2723424E-17
  0.9056666     -2.2674971E-17
  0.9060000     -2.2626646E-17
  0.9063333     -2.2578446E-17
  0.9066667     -2.2530372E-17
  0.9070000     -2.2482422E-17
  0.9073333     -2.2434599E-17
  0.9076667     -2.2386899E-17
  0.9080000     -2.2339324E-17
  0.9083334     -2.2291874E-17
  0.9086667     -2.2244546E-17
  0.9090000     -2.2197342E-17
  0.9093333     -2.2150259E-17
  0.9096667     -2.2103300E-17
  0.9100000     -2.2056463E-17
  0.9103333     -2.2009747E-17
  0.9106666     -2.1963152E-17
  0.9110000     -2.1916678E-17
  0.9113333     -2.1870325E-17
  0.9116667     -2.1824092E-17
  0.9120000     -2.1777978E-17
  0.9123333     -2.1731984E-17
  0.9126667     -2.1686108E-17
  0.9130000     -2.1640350E-17
  0.9133334     -2.1594713E-17
  0.9136667     -2.1549192E-17
  0.9140000     -2.1503789E-17
  0.9143333     -2.1458503E-17
  0.9146667     -2.1413334E-17
  0.9150000     -2.1368280E-17
  0.9153333     -2.1323343E-17
  0.9156666     -2.1278523E-17
  0.9160000     -2.1233817E-17
  0.9163333     -2.1189227E-17
  0.9166667     -2.1144751E-17
  0.9170000     -2.1100390E-17
  0.9173333     -2.1056142E-17
  0.9176667     -2.1012007E-17
  0.9180000     -2.0967986E-17
  0.9183334     -2.0924080E-17
  0.9186667     -2.0880284E-17
  0.9190000     -2.0836600E-17
  0.9193333     -2.0793029E-17
  0.9196666     -2.0749571E-17
  0.9200000     -2.0706222E-17
  0.9203333     -2.0662985E-17
  0.9206667     -2.0619857E-17
  0.9210000     -2.0576841E-17
  0.9213333     -2.0533935E-17
  0.9216667     -2.0491137E-17
  0.9220000     -2.0448449E-17
  0.9223334     -2.0405869E-17
  0.9226667     -2.0363398E-17
  0.9230000     -2.0321037E-17
  0.9233333     -2.0278783E-17
  0.9236667     -2.0236635E-17
  0.9240000     -2.0194596E-17
  0.9243333     -2.0152662E-17
  0.9246666     -2.0110837E-17
  0.9250000     -2.0069116E-17
  0.9253333     -2.0027502E-17
  0.9256667     -1.9985994E-17
  0.9260000     -1.9944590E-17
  0.9263333     -1.9903292E-17
  0.9266667     -1.9862099E-17
  0.9270000     -1.9821009E-17
  0.9273334     -1.9780026E-17
  0.9276667     -1.9739143E-17
  0.9280000     -1.9698367E-17
  0.9283333     -1.9657691E-17
  0.9286667     -1.9617119E-17
  0.9290000     -1.9576650E-17
  0.9293333     -1.9536282E-17
  0.9296666     -1.9496017E-17
  0.9300000     -1.9455854E-17
  0.9303333     -1.9415790E-17
  0.9306667     -1.9375829E-17
  0.9310000     -1.9335967E-17
  0.9313334     -1.9296208E-17
  0.9316667     -1.9256546E-17
  0.9320000     -1.9216986E-17
  0.9323334     -1.9177524E-17
  0.9326667     -1.9138162E-17
  0.9330000     -1.9098899E-17
