126
7790 2 8012 8013
7791 2 8013 8014
7792 2 8014 8016
7793 2 8016 8018
7794 2 8018 8020
7795 2 8020 8022
7796 2 8022 8024
7797 2 8024 8026
7798 2 8026 8028
7799 2 8028 8030
7800 2 8030 8032
7801 2 8032 8034
7802 2 8034 8036
7803 2 8036 8038
7804 2 8038 8040
7805 2 8040 8042
7806 2 8042 8044
7807 2 8044 8046
7808 2 8046 8048
7809 2 8048 8050
7810 2 8050 8052
7811 2 8052 8054
7812 2 8054 8056
7813 2 8056 8058
7814 2 8058 8060
7815 2 8060 8062
7816 2 8062 8064
7817 2 8064 8066
7818 2 8066 8068
7819 2 8068 8070
7820 2 8070 8072
7821 2 8072 8074
7822 2 8074 8076
7823 2 8076 8078
7824 2 8078 8080
7825 2 8080 8082
7826 2 8082 8084
7827 2 8084 8086
7828 2 8086 8088
7829 2 8088 8090
7830 2 8090 8092
7831 2 8092 8094
7832 2 8094 8096
7833 2 8096 8098
7834 2 8098 8100
7835 2 8100 8102
7836 2 8102 8104
7837 2 8104 8106
7838 2 8106 8108
7839 2 8108 8110
7840 2 8110 8112
7841 2 8112 8114
7842 2 8114 8116
7843 2 8116 8118
7844 2 8118 8120
7845 2 8120 8122
7846 2 8122 8124
7847 2 8124 8126
7848 2 8126 8128
7849 2 8128 8130
7850 2 8130 8132
7851 2 8132 8134
7852 2 8134 8136
7853 2 8136 8138
7854 2 8138 8140
7855 2 8140 8142
7856 2 8142 8144
7857 2 8144 8146
7858 2 8146 8148
7859 2 8148 8150
7860 2 8150 8152
7861 2 8152 8154
7862 2 8154 8156
7863 2 8156 8158
7864 2 8158 8160
7865 2 8160 8162
7866 2 8162 8164
7867 2 8164 8166
7868 2 8166 8168
7869 2 8168 8170
7870 2 8170 8172
7871 2 8172 8174
7872 2 8174 8176
7873 2 8176 8178
7874 2 8178 8180
7875 2 8180 8182
7876 2 8182 8184
7877 2 8184 8186
7878 2 8186 8188
7879 2 8188 8190
7880 2 8190 8192
7881 2 8192 8194
7882 2 8194 8196
7883 2 8196 8198
7884 2 8198 8200
7885 2 8200 8202
7886 2 8202 8204
7887 2 8204 8206
7888 2 8206 8208
7889 2 8208 8210
7890 2 8210 8212
7891 2 8212 8214
7892 2 8214 8216
7893 2 8216 8218
7894 2 8218 8220
7895 2 8220 8222
7896 2 8222 8224
7897 2 8224 8226
7898 2 8226 8228
7899 2 8228 8230
7900 2 8230 8232
7901 2 8232 8234
7902 2 8234 8236
7903 2 8236 8238
7904 2 8238 8240
7905 2 8240 8242
7906 2 8242 8244
7907 2 8244 8246
7908 2 8246 8248
7909 2 8248 8250
11985 2 12208 8250
12086 2 12310 12208
12187 2 12412 12310
12287 2 8012 12513
12387 2 12513 12614
12487 2 12614 12715
