  2.50000004E-02     13.324269
  7.50000030E-02     22.025833
  0.12500000         13.630183
  0.17500001         13.970088
  0.22499999         8.8715162
  0.27500001         7.2739635
  0.32499999         6.9340587
  0.37500000         8.3616590
  0.42500001         4.1808295
  0.47499999         1.0537050
  0.52499998        0.30591434
  0.57500005        6.79809675E-02
  0.62500000         0.0000000
  0.67499995         0.0000000
  0.72500002         0.0000000
  0.77499998         0.0000000
  0.82500005         0.0000000
  0.87500000         0.0000000
  0.92499995         0.0000000
  0.97500002         0.0000000
