144
215 2 145 146 4
216 2 146 147 4
237 2 116 117 4
240 2 115 116 4
303 2 137 138 4
304 2 138 139 4
338 2 123 124 4
339 2 124 125 4
377 2 233 234 1
380 2 232 233 1
406 2 230 231 1
407 2 232 231 1
457 2 328 327 2
458 2 328 329 2
465 2 245 246 1
468 2 244 245 1
513 2 336 337 2
516 2 336 335 2
531 2 238 239 1
532 2 240 239 1
571 2 305 306 2
572 2 306 307 2
593 2 130 131 4
596 2 129 130 4
617 2 216 215 1
620 2 214 215 1
787 2 136 135 4
788 2 136 137 4
869 2 227 228 1
872 2 226 227 1
881 2 310 311 2
884 2 309 310 2
891 2 315 316 2
892 2 316 317 2
895 2 317 318 2
896 2 318 319 2
1010 2 321 322 2
1011 2 322 323 2
1175 2 149 150 4
1176 2 150 151 4
1189 2 112 113 4
1192 2 112 111 4
1295 2 331 332 2
1296 2 332 333 2
1315 2 210 211 1
1316 2 211 212 1
1415 2 220 221 1
1416 2 221 222 1
1453 2 126 127 4
1456 2 125 126 4
1643 2 240 241 1
1644 2 241 242 1
1646 2 206 207 1
1647 2 208 207 1
1777 2 108 4 4
1778 2 108 109 4
1781 2 3 203 1
1781 2 154 3 4
1782 2 203 204 1
1784 2 153 154 4
1789 2 208 209 1
1790 2 209 210 1
1857 2 307 308 2
1858 2 308 309 2
1886 2 128 127 4
1887 2 128 129 4
1906 2 333 334 2
1907 2 334 335 2
1927 2 329 330 2
1928 2 330 331 2
1965 2 109 110 4
1966 2 110 111 4
1970 2 152 151 4
1971 2 152 153 4
2013 2 320 321 2
2016 2 320 319 2
2017 2 212 213 1
2018 2 213 214 1
2109 2 340 341 2
2112 2 339 340 2
2115 2 301 302 2
2116 2 302 303 2
2154 2 113 114 4
2155 2 114 115 4
2304 2 222 223 1
2305 2 224 223 1
2346 2 133 134 4
2347 2 134 135 4
2382 2 234 235 1
2383 2 235 236 1
2430 2 218 219 1
2431 2 219 220 1
2448 2 120 119 4
2449 2 120 121 4
2451 2 141 142 4
2452 2 142 143 4
2490 2 117 118 4
2491 2 118 119 4
2493 2 144 143 4
2494 2 144 145 4
2517 2 325 326 2
2518 2 326 327 2
2520 2 337 338 2
2521 2 338 339 2
2523 2 304 303 2
2524 2 304 305 2
2562 2 236 237 1
2563 2 237 238 1
2568 2 131 132 4
2569 2 132 133 4
2586 2 216 217 1
2587 2 217 218 1
2592 2 312 311 2
2593 2 312 313 2
2610 2 323 324 2
2611 2 324 325 2
2622 2 139 140 4
2623 2 140 141 4
2625 2 121 122 4
2626 2 122 123 4
2631 2 246 247 1
2632 2 248 247 1
2646 2 313 314 2
2647 2 314 315 2
2649 2 242 243 1
2650 2 243 244 1
2664 2 228 229 1
2665 2 229 230 1
2673 2 147 148 4
2674 2 148 149 4
2679 2 224 225 1
2680 2 225 226 1
2700 2 344 1 2
2702 2 344 343 2
2703 2 249 2 1
2705 2 248 249 1
2709 2 2 298 2
2710 2 298 299 2
2715 2 204 205 1
2716 2 205 206 1
2727 2 341 342 2
2728 2 342 343 2
2730 2 299 300 2
2731 2 300 301 2
