  -48.000000000000000          0.0000000000000000
  -47.939999999999998          0.0000000000000000
  -47.880000000000003          0.0000000000000000
  -47.820000000000000          0.0000000000000000
  -47.759999999999998          0.0000000000000000
  -47.700000000000003          0.0000000000000000
  -47.640000000000001          0.0000000000000000
  -47.579999999999998          0.0000000000000000
  -47.520000000000003          0.0000000000000000
  -47.460000000000001          0.0000000000000000
  -47.399999999999999          0.0000000000000000
  -47.340000000000003          0.0000000000000000
  -47.280000000000001          0.0000000000000000
  -47.219999999999999          0.0000000000000000
  -47.159999999999997          0.0000000000000000
  -47.100000000000001          0.0000000000000000
  -47.039999999999999          0.0000000000000000
  -46.979999999999997          0.0000000000000000
  -46.920000000000002          0.0000000000000000
  -46.859999999999999          0.0000000000000000
  -46.799999999999997          0.0000000000000000
  -46.740000000000002          0.0000000000000000
  -46.680000000000000          0.0000000000000000
  -46.619999999999997          0.0000000000000000
  -46.560000000000002          0.0000000000000000
  -46.500000000000000          0.0000000000000000
  -46.439999999999998          0.0000000000000000
  -46.380000000000003          0.0000000000000000
  -46.320000000000000          0.0000000000000000
  -46.259999999999998          0.0000000000000000
  -46.200000000000003          0.0000000000000000
  -46.140000000000001          0.0000000000000000
  -46.079999999999998          0.0000000000000000
  -46.020000000000003          0.0000000000000000
  -45.960000000000001          0.0000000000000000
  -45.899999999999999          0.0000000000000000
  -45.840000000000003          0.0000000000000000
  -45.780000000000001          0.0000000000000000
  -45.719999999999999          0.0000000000000000
  -45.659999999999997          0.0000000000000000
  -45.600000000000001          0.0000000000000000
  -45.539999999999999          0.0000000000000000
  -45.479999999999997          0.0000000000000000
  -45.420000000000002          0.0000000000000000
  -45.359999999999999          0.0000000000000000
  -45.299999999999997          0.0000000000000000
  -45.240000000000002          0.0000000000000000
  -45.180000000000000          0.0000000000000000
  -45.119999999999997          0.0000000000000000
  -45.060000000000002          0.0000000000000000
  -45.000000000000000          0.0000000000000000
  -44.939999999999998          0.0000000000000000
  -44.880000000000003          0.0000000000000000
  -44.820000000000000          0.0000000000000000
  -44.759999999999998          0.0000000000000000
  -44.700000000000003          0.0000000000000000
  -44.640000000000001          0.0000000000000000
  -44.579999999999998          0.0000000000000000
  -44.520000000000003          0.0000000000000000
  -44.460000000000001          0.0000000000000000
  -44.399999999999999          0.0000000000000000
  -44.340000000000003          0.0000000000000000
  -44.280000000000001          0.0000000000000000
  -44.219999999999999          0.0000000000000000
  -44.159999999999997          0.0000000000000000
  -44.100000000000001          0.0000000000000000
  -44.039999999999999          0.0000000000000000
  -43.980000000000004          0.0000000000000000
  -43.920000000000002          0.0000000000000000
  -43.859999999999999          0.0000000000000000
  -43.799999999999997          0.0000000000000000
  -43.740000000000002          0.0000000000000000
  -43.680000000000000          0.0000000000000000
  -43.619999999999997          0.0000000000000000
  -43.560000000000002          0.0000000000000000
  -43.500000000000000          0.0000000000000000
  -43.439999999999998          0.0000000000000000
  -43.380000000000003          0.0000000000000000
  -43.320000000000000          0.0000000000000000
  -43.259999999999998          0.0000000000000000
  -43.200000000000003          0.0000000000000000
  -43.140000000000001          0.0000000000000000
  -43.079999999999998          0.0000000000000000
  -43.020000000000003          0.0000000000000000
  -42.960000000000001          0.0000000000000000
  -42.899999999999999          0.0000000000000000
  -42.840000000000003          0.0000000000000000
  -42.780000000000001          0.0000000000000000
  -42.719999999999999          0.0000000000000000
  -42.659999999999997          0.0000000000000000
  -42.600000000000001          0.0000000000000000
  -42.539999999999999          0.0000000000000000
  -42.480000000000004          0.0000000000000000
  -42.420000000000002          0.0000000000000000
  -42.359999999999999          0.0000000000000000
  -42.299999999999997          0.0000000000000000
  -42.240000000000002          0.0000000000000000
  -42.180000000000000          0.0000000000000000
  -42.119999999999997          0.0000000000000000
  -42.060000000000002          0.0000000000000000
  -42.000000000000000          0.0000000000000000
  -41.939999999999998          0.0000000000000000
  -41.880000000000003          0.0000000000000000
  -41.820000000000000          0.0000000000000000
  -41.759999999999998          0.0000000000000000
  -41.700000000000003          0.0000000000000000
  -41.640000000000001          0.0000000000000000
  -41.579999999999998          0.0000000000000000
  -41.520000000000003          0.0000000000000000
  -41.460000000000001          0.0000000000000000
  -41.399999999999999          0.0000000000000000
  -41.340000000000003          0.0000000000000000
  -41.280000000000001          0.0000000000000000
  -41.219999999999999          0.0000000000000000
  -41.159999999999997          0.0000000000000000
  -41.100000000000001          0.0000000000000000
  -41.039999999999999          0.0000000000000000
  -40.980000000000004          0.0000000000000000
  -40.920000000000002          0.0000000000000000
  -40.859999999999999          0.0000000000000000
  -40.799999999999997          0.0000000000000000
  -40.740000000000002          0.0000000000000000
  -40.680000000000000          0.0000000000000000
  -40.619999999999997          0.0000000000000000
  -40.560000000000002          0.0000000000000000
  -40.500000000000000          0.0000000000000000
  -40.439999999999998          1.3982342449728780E-038
  -40.380000000000003          1.9570209251516672E-038
  -40.320000000000000          2.7377403515655958E-038
  -40.259999999999998          3.8279861497912973E-038
  -40.200000000000003          5.3497035160897103E-038
  -40.140000000000001          7.4725759617656198E-038
  -40.079999999999998          1.0432593078339347E-037
  -40.020000000000003          1.4557789307479773E-037
  -39.960000000000001          2.0303917917049431E-037
  -39.899999999999999          2.8303854619243353E-037
  -39.840000000000003          3.9435969164741020E-037
  -39.780000000000001          5.4918761193715462E-037
  -39.719999999999999          7.6441678734229995E-037
  -39.659999999999997          1.0634594399815224E-036
  -39.600000000000001          1.4787436790306376E-036
  -39.539999999999999          2.0551623540822218E-036
  -39.480000000000004          2.8548321337797637E-036
  -39.420000000000002          3.9636587572788423E-036
  -39.359999999999999          5.5003862385765539E-036
  -39.299999999999997          7.6290659565587061E-036
  -39.240000000000002          1.0576226305457293E-035
  -39.180000000000000          1.4654511546167211E-035
  -39.120000000000005          2.0295194083013033E-035
  -39.060000000000002          2.8092880055025203E-035
  -39.000000000000000          3.8866957327377123E-035
  -38.939999999999998          5.3745983702776583E-035
  -38.880000000000003          7.4283563228602358E-035
  -38.820000000000000          1.0261730483117593E-034
  -38.759999999999998          1.4168691439998119E-034
  -38.700000000000003          1.9553299305385148E-034
  -38.640000000000001          2.6970659475524166E-034
  -38.579999999999998          3.7182987053483568E-034
  -38.519999999999996          5.1236345737687972E-034
  -38.460000000000001          7.0565633013182336E-034
  -38.399999999999999          9.7138077706153624E-034
  -38.340000000000003          1.3364938223662505E-033
  -38.280000000000001          1.8379157232243787E-033
  -38.219999999999999          2.5261864000720442E-033
  -38.159999999999997          3.4704545836028567E-033
  -38.100000000000001          4.7652807128168073E-033
  -38.039999999999999          6.5399105752577987E-033
  -37.980000000000004          8.9709048917872771E-033
  -37.920000000000002          1.2299342125395539E-032
  -37.859999999999999          1.6854220369674696E-032
  -37.799999999999997          2.3084293409258787E-032
  -37.740000000000002          3.1601352421821056E-032
  -37.680000000000000          4.3239022736134146E-032
  -37.620000000000005          5.9132637938524500E-032
  -37.560000000000002          8.0827608697074671E-032
  -37.500000000000000          1.1042651530847759E-031
  -37.439999999999998          1.5078846566246428E-031
  -37.380000000000003          2.0579934433179376E-031
  -37.320000000000000          2.8073788502298613E-031
  -37.259999999999998          3.8277110030289190E-031
  -37.200000000000003          5.2162495990055362E-031
  -37.140000000000001          7.1049126108897829E-031
  -37.079999999999998          9.6725326962496570E-031
  -37.019999999999996          1.3161420618190781E-030
  -36.960000000000001          1.7899728320084185E-030
  -36.899999999999999          2.4331629037727059E-030
  -36.840000000000003          3.3058034542864277E-030
  -36.780000000000001          4.4891486027394390E-030
  -36.719999999999999          6.0930119029109812E-030
  -36.659999999999997          8.2657287048126746E-030
  -36.600000000000001          1.1207566382321795E-029
  -36.539999999999999          1.5188769770138714E-029
  -36.480000000000004          2.0573820357922331E-029
  -36.420000000000002          2.7854047700926519E-029
  -36.359999999999999          3.7691445078551318E-029
  -36.299999999999997          5.0977475809172203E-029
  -36.240000000000002          6.8912006285204573E-029
  -36.180000000000000          9.3109185476429213E-029
  -36.120000000000005          1.2573935587423825E-028
  -36.060000000000002          1.6971918189759818E-028
  -36.000000000000000          2.2896637218378827E-028
  -35.939999999999998          3.0874041270674919E-028
  -35.880000000000003          4.1609865708056921E-028
  -35.820000000000000          5.6050589542394495E-028
  -35.759999999999998          7.5464907087490583E-028
  -35.700000000000003          1.0155257188988844E-027
  -35.640000000000001          1.3658966721716435E-027
  -35.579999999999998          1.8362245572165505E-027
  -35.519999999999996          2.4672587775759338E-027
  -35.460000000000001          3.3134819654465639E-027
  -35.399999999999999          4.4477006282950948E-027
  -35.340000000000003          5.9671572801295714E-027
  -35.280000000000001          8.0016657621775153E-027
  -35.219999999999999          1.0724431502499482E-026
  -35.159999999999997          1.4366440523789565E-026
  -35.100000000000001          1.9235567364725641E-026
  -35.039999999999999          2.5741973473703972E-026
  -34.980000000000004          3.4431794034682469E-026
  -34.920000000000002          4.6031845734537718E-026
  -34.859999999999999          6.1508920753448826E-026
  -34.799999999999997          8.2148338513981166E-026
  -34.740000000000002          1.0965802601676899E-025
  -34.680000000000000          1.4630628500204126E-025
  -34.620000000000005          1.9510414824122002E-025
  -34.560000000000002          2.6004646898810268E-025
  -34.500000000000000          3.4643065776242629E-025
  -34.439999999999998          4.6127788476944895E-025
  -34.380000000000003          6.1388899264504942E-025
  -34.320000000000000          8.1657861780969673E-025
  -34.259999999999998          1.0856430981472531E-024
  -34.200000000000003          1.4426369732091381E-024
  -34.140000000000001          1.9160547863604529E-024
  -34.079999999999998          2.5435466992399072E-024
  -34.020000000000003          3.3748337272350628E-024
  -33.960000000000001          4.4755451533557820E-024
  -33.899999999999999          5.9322631951155020E-024
  -33.840000000000003          7.8591529860091655E-024
  -33.780000000000001          1.0406673572059123E-023
  -33.719999999999999          1.3773014422788577E-023
  -33.659999999999997          1.8219102326652048E-023
  -33.600000000000001          2.4088279526316121E-023
  -33.539999999999999          3.1832112092034647E-023
  -33.480000000000004          4.2044187878272041E-023
  -33.420000000000002          5.5504385819982468E-023
  -33.359999999999999          7.3236824076985570E-023
  -33.299999999999997          9.6585642745687429E-023
  -33.240000000000002          1.2731408478877633E-022
  -33.180000000000000          1.6773400490775468E-022
  -33.120000000000005          2.2087504549722914E-022
  -33.060000000000002          2.9070531574998071E-022
  -33.000000000000000          3.8241959725552183E-022
  -32.939999999999998          5.0281484179098158E-022
  -32.880000000000003          6.6077993403639030E-022
  -32.820000000000000          8.6793339410868585E-022
  -32.759999999999998          1.1394538145920833E-021
  -32.700000000000003          1.4951606630871002E-021
  -32.640000000000001          1.9609194896073575E-021
  -32.579999999999998          2.5704694080635021E-021
  -32.520000000000003          3.3677967976596783E-021
  -32.460000000000001          4.4102184489901701E-021
  -32.399999999999999          5.7723817577829197E-021
  -32.340000000000003          7.5514570199994663E-021
  -32.280000000000001          9.8738659483508259E-021
  -32.219999999999999          1.2904003015543027E-020
  -32.159999999999997          1.6855528812239802E-020
  -32.100000000000001          2.2005997976869639E-020
  -32.039999999999999          2.8715768835234423E-020
  -31.980000000000000          3.7452479545587911E-020
  -31.920000000000002          4.8822655445323210E-020
  -31.859999999999999          6.3612567249588918E-020
  -31.800000000000001          8.2840968662100783E-020
  -31.740000000000002          1.0782714167404699E-019
  -31.680000000000000          1.4027869080011817E-019
  -31.620000000000001          1.8240469880136521E-019
  -31.560000000000002          2.3706148495641906E-019
  -31.500000000000000          3.0794039444758591E-019
  -31.440000000000001          3.9980937387380383E-019
  -31.379999999999999          5.1882386191399203E-019
  -31.320000000000000          6.7292642096049054E-019
  -31.260000000000002          8.7236028703248492E-019
  -31.199999999999999          1.1303287619711818E-018
  -31.140000000000001          1.4638425048810044E-018
  -31.080000000000002          1.8948050515872037E-018
  -31.020000000000000          2.4514066139680105E-018
  -30.960000000000001          3.1699087221262181E-018
  -30.900000000000002          4.0969325161562339E-018
  -30.840000000000000          5.2923851043561389E-018
  -30.780000000000001          6.8332087593540845E-018
  -30.719999999999999          8.8181705006501273E-018
  -30.660000000000000          1.1373992330135860E-017
  -30.600000000000001          1.4663170984015180E-017
  -30.539999999999999          1.8893981441542202E-017
  -30.480000000000000          2.4333221710309168E-017
  -30.420000000000002          3.1322490913520876E-017
  -30.359999999999999          4.0298932498215675E-017
  -30.300000000000001          5.1821661001475307E-017
  -30.240000000000002          6.6605429955717043E-017
  -30.180000000000000          8.5563489770591278E-017
  -30.120000000000001          1.0986209893534878E-016
  -30.060000000000002          1.4098982521056037E-016
  -30.000000000000000          1.8084570322908039E-016
  -29.940000000000001          2.3185107593230877E-016
  -29.879999999999999          2.9709169758198272E-016
  -29.820000000000000          3.8049802604648881E-016
  -29.760000000000002          4.8707385552217261E-016
  -29.699999999999999          6.2318596209663029E-016
  -29.640000000000001          7.9693153075935971E-016
  -29.580000000000002          1.0186026470942111E-015
  -29.520000000000000          1.3012749057683898E-015
  -29.460000000000001          1.6615512642788235E-015
  -29.400000000000002          2.1205029377378837E-015
  -29.340000000000000          2.7048578390379430E-015
  -29.280000000000001          3.4485015212339099E-015
  -29.220000000000002          4.3943722020044727E-015
  -29.160000000000000          5.5968498200798314E-015
  -29.100000000000001          7.1247702019845011E-015
  -29.039999999999999          9.0652227342563271E-015
  -28.980000000000000          1.1528332711466683E-014
  -28.920000000000002          1.4653282046409553E-014
  -28.859999999999999          1.8615883438715883E-014
  -28.800000000000001          2.3638111189576080E-014
  -28.740000000000002          3.0000067236185882E-014
  -28.680000000000000          3.8055032080186110E-014
  -28.620000000000001          4.8248324823266242E-014
  -28.560000000000002          6.1141026865951104E-014
  -28.500000000000000          7.7439682270863397E-014
  -28.440000000000001          9.8033546883612155E-014
  -28.379999999999999          1.2404125307192287E-013
  -28.320000000000000          1.5686928210405238E-013
  -28.260000000000002          1.9828504615147791E-013
  -28.199999999999999          2.5050840850478207E-013
  -28.140000000000001          3.1632601269274141E-013
  -28.080000000000002          3.9923422098624151E-013
  -28.020000000000000          5.0361760118092236E-013
  -27.960000000000001          6.3497156751329831E-013
  -27.900000000000002          8.0018034299272900E-013
  -27.840000000000000          1.0078634975208001E-012
  -27.780000000000001          1.2688077585115698E-012
  -27.720000000000002          1.5965043956983616E-012
  -27.660000000000000          2.0078192580763599E-012
  -27.600000000000001          2.5238253327508620E-012
  -27.539999999999999          3.1708390253737395E-012
  -27.480000000000000          3.9817064576008754E-012
  -27.420000000000002          4.9974044000200557E-012
  -27.359999999999999          6.2690234947648804E-012
  -27.300000000000001          7.8602332975741263E-012
  -27.240000000000002          9.8503384268755489E-012
  -27.180000000000000          1.2338062863048727E-011
  -27.120000000000001          1.5446244977512791E-011
  -27.060000000000002          1.9327647121647473E-011
  -27.000000000000000          2.4172145188239291E-011
  -26.940000000000001          3.0215618201934191E-011
  -26.880000000000003          3.7750944731351765E-011
  -26.820000000000000          4.7141592712796054E-011
  -26.760000000000002          5.8838385552650863E-011
  -26.699999999999999          7.3400216460406398E-011
  -26.640000000000001          9.1519562761543938E-011
  -26.580000000000002          1.1405402317032909E-010
  -26.520000000000000          1.4206506804281815E-010
  -26.460000000000001          1.7686585529474996E-010
  -26.400000000000002          2.2008005140516929E-010
  -26.340000000000000          2.7371424571320802E-010
  -26.280000000000001          3.4024683071010031E-010
  -26.220000000000002          4.2273748390719845E-010
  -26.160000000000000          5.2496146318858905E-010
  -26.100000000000001          6.5157440554131085E-010
  -26.039999999999999          8.0831480397947075E-010
  -25.980000000000000          1.0022521701458231E-009
  -25.920000000000002          1.2420909856203366E-009
  -25.859999999999999          1.5385434037895607E-009
  -25.800000000000001          1.9047849963982344E-009
  -25.740000000000002          2.3570134732864290E-009
  -25.680000000000000          2.9151310254604823E-009
  -25.620000000000001          3.6035781025844926E-009
  -25.560000000000002          4.4523535969176464E-009
  -25.500000000000000          5.4982596253694282E-009
  -25.440000000000001          6.7864189823296783E-009
  -25.380000000000003          8.3721287680305068E-009
  -25.320000000000000          1.0323119248312196E-008
  -25.260000000000002          1.2722304987278221E-008
  -25.199999999999999          1.5671135500383571E-008
  -25.140000000000001          1.9293670661113538E-008
  -25.080000000000002          2.3741549171063525E-008
  -25.020000000000000          2.920001129780
